0.000000000000000000e+00 7.405753248786769438e-01 1.807933535738335817e-01
3.500000000000000000e+01 6.390207004393533285e-01 1.805389991243409320e-01
7.000000000000000000e+01 7.885821673474762150e-01 1.802069097007636400e-01
1.050000000000000000e+02 7.680969011327346552e-01 1.831340933349941136e-01
1.400000000000000000e+02 1.058167590641972522e+00 1.814858130059701369e-01
1.740000000000000000e+02 1.022378386157722030e+00 1.838184214739491673e-01
2.090000000000000000e+02 4.958757141038522276e-01 1.818093032124969977e-01
2.440000000000000000e+02 7.813925465887241462e-01 1.820258435292174126e-01
2.790000000000000000e+02 2.105564766235389906e-01 1.814594252808211516e-01
3.130000000000000000e+02 6.330774891999134679e-01 1.832832577295199494e-01
3.480000000000000000e+02 6.175491002284978492e-01 1.833736513144384739e-01
3.830000000000000000e+02 7.092426561129119289e-01 1.847336892834409161e-01
4.180000000000000000e+02 1.188584721137290856e+00 1.852317237007165829e-01
4.530000000000000000e+02 6.071152911202432056e-01 1.846033410307847955e-01
4.870000000000000000e+02 5.290163641813703244e-01 1.837082688561576249e-01
5.220000000000000000e+02 9.731955112835030119e-01 1.853495187157945534e-01
5.570000000000000000e+02 2.285824770341660928e-01 1.841138377956962613e-01
5.920000000000000000e+02 9.008453945851929712e-01 1.848194671786344001e-01
6.270000000000000000e+02 1.072390066577201484e+00 1.855917984842966606e-01
6.620000000000000000e+02 5.386341215337889787e-01 1.864940995987888761e-01
6.970000000000000000e+02 9.436429345527226342e-01 1.863321767626461012e-01
7.310000000000000000e+02 7.283257428088724117e-01 1.856267369490585406e-01
7.660000000000000000e+02 7.517943172122757423e-01 1.858097007238823095e-01
8.010000000000000000e+02 1.139350928704289556e+00 1.867801014269172277e-01
8.360000000000000000e+02 7.970588657063660820e-01 1.874721597580417676e-01
8.700000000000000000e+02 7.329720955021570283e-01 1.866208448435326683e-01
9.050000000000000000e+02 1.125987888623730893e+00 1.874740221419205211e-01
9.400000000000000000e+02 1.124998563120958028e+00 1.884988020413623511e-01
9.750000000000000000e+02 6.142468581570971198e-01 1.856983891628593841e-01
1.010000000000000000e+03 9.927631597128864227e-01 1.869631207550682683e-01
1.045000000000000000e+03 8.255126530382546068e-01 1.887841922449668142e-01
1.079000000000000000e+03 9.366828472968107278e-01 1.876518958644304569e-01
1.114000000000000000e+03 1.119774610635673628e+00 1.881900270656643726e-01
1.149000000000000000e+03 7.989249541207608107e-01 1.892619719702491876e-01
1.184000000000000000e+03 8.919975492449916388e-01 1.890921636080508672e-01
1.219000000000000000e+03 9.525724132284832946e-01 1.881822792546748169e-01
1.253000000000000000e+03 9.676402988780880010e-01 1.886680130250312226e-01
1.288000000000000000e+03 8.463053452093196594e-01 1.905683596509921696e-01
1.323000000000000000e+03 7.302169639843724136e-01 1.895472394773863867e-01
1.358000000000000000e+03 1.524149581645241502e+00 1.804321512269103922e-01
1.393000000000000000e+03 1.481406007472430009e+00 1.605986746527631459e-01
1.428000000000000000e+03 1.376565032597959926e+00 1.580945921100411766e-01
1.462000000000000000e+03 1.089801569252388802e+00 1.574324805690180684e-01
1.497000000000000000e+03 1.034668357126633520e+00 1.570735843164701162e-01
1.532000000000000000e+03 9.937473910583778380e-01 1.583340969961663791e-01
1.567000000000000000e+03 1.544837383415902377e+00 1.590451791869716136e-01
1.602000000000000000e+03 1.202626362483530276e+00 1.576316689287625694e-01
1.637000000000000000e+03 1.121612403753869724e+00 1.593125281335273369e-01
1.671000000000000000e+03 1.044257587858660852e+00 1.570435528370502376e-01
1.706000000000000000e+03 1.317933807972081706e+00 1.571709843992885602e-01
1.753000000000000000e+03 1.329479710733525222e+00 1.586794637380769812e-01
1.788000000000000000e+03 8.570588197788815421e-01 1.577223483220962508e-01
1.822000000000000000e+03 1.315884129016007265e+00 1.577085493054600496e-01
1.857000000000000000e+03 1.348927561381728868e+00 1.579769419492420279e-01
1.892000000000000000e+03 1.476807203532330526e+00 1.584130262358361685e-01
1.927000000000000000e+03 1.369020710729576429e+00 1.583490827895936703e-01
1.962000000000000000e+03 1.111002218884693971e+00 1.580245531803574077e-01
1.997000000000000000e+03 1.235310931654876043e+00 1.581080088080379642e-01
2.031000000000000000e+03 1.229533319849022144e+00 1.589282925100252430e-01
2.066000000000000000e+03 1.010390647131877095e+00 1.581726231260151549e-01
2.101000000000000000e+03 9.374583776619198616e-01 1.581318850340878712e-01
2.136000000000000000e+03 6.454965912302810249e-01 1.593415710889378167e-01
2.170000000000000000e+03 1.078352610793703592e+00 1.605390916997308792e-01
2.205000000000000000e+03 1.241507300337275632e+00 1.610757328684657708e-01
2.240000000000000000e+03 1.511767048396776447e+00 1.617266148302839712e-01
2.275000000000000000e+03 1.136681023255835532e+00 1.606259598495833052e-01
2.310000000000000000e+03 1.006252608941621940e+00 1.614147759671013260e-01
2.344000000000000000e+03 1.376051031365943089e+00 1.594843100624959153e-01
2.379000000000000000e+03 1.263273983026936831e+00 1.600504895431989205e-01
2.414000000000000000e+03 1.301867898885418207e+00 1.614460328830540081e-01
2.449000000000000000e+03 1.136753967322741810e+00 1.603648939958904895e-01
2.483000000000000000e+03 8.014930938058714149e-01 1.586332627862982181e-01
2.518000000000000000e+03 1.625433652099706139e+00 1.624515399073030442e-01
2.553000000000000000e+03 1.367561507293005629e+00 1.610601056958922972e-01
2.588000000000000000e+03 1.013459075547037846e+00 1.604304732780182652e-01
2.623000000000000000e+03 1.387452287621574243e+00 1.599964289032052844e-01
2.657000000000000000e+03 6.863776728644690461e-01 1.614278587943202281e-01
2.692000000000000000e+03 1.159902046683811472e+00 1.610582359377484007e-01
2.727000000000000000e+03 9.285480796483828181e-01 1.606980621106699481e-01
2.762000000000000000e+03 8.062555681757656023e-01 1.611119987697363087e-01
2.796000000000000000e+03 1.057818293461014969e+00 1.626511251519201784e-01
2.831000000000000000e+03 1.017384567408390339e+00 1.609323759716345115e-01
2.866000000000000000e+03 1.019999033586699300e+00 1.604093068470949512e-01
2.901000000000000000e+03 1.110095365935974465e+00 1.616651038135818452e-01
2.936000000000000000e+03 1.311544475325177261e+00 1.627196448640612636e-01
2.970000000000000000e+03 9.779185968300300180e-01 1.622642951478166784e-01
3.005000000000000000e+03 1.175092890956232150e+00 1.630786969443508427e-01
3.040000000000000000e+03 9.580897093099430828e-01 1.622507255033230067e-01
3.075000000000000000e+03 1.238991773756950021e+00 1.629811937557960055e-01
3.110000000000000000e+03 1.241083341612001512e+00 1.618035575171603013e-01
3.144000000000000000e+03 8.988498096116231961e-01 1.618785362056318344e-01
3.179000000000000000e+03 1.107799135377907973e+00 1.581888483162413872e-01
3.214000000000000000e+03 1.102059512118841234e+00 1.576644382671861244e-01
3.249000000000000000e+03 7.783417624542183777e-01 1.569722332473770521e-01
3.284000000000000000e+03 1.545387583598210490e+00 1.599884379916607369e-01
3.318000000000000000e+03 1.076520200968146934e+00 1.588570665223589806e-01
3.353000000000000000e+03 1.050181683828546486e+00 1.600467501571593565e-01
3.388000000000000000e+03 1.170735686491296335e+00 1.610229576321609568e-01
3.423000000000000000e+03 1.055718222308529741e+00 1.607916940611704981e-01
3.458000000000000000e+03 1.071992830174354205e+00 1.619493736313742938e-01
3.501000000000000000e+03 1.443388555671796913e+00 1.627196075788887586e-01
3.536000000000000000e+03 1.499055356991440879e+00 1.633386324376115417e-01
3.571000000000000000e+03 9.928619467366047724e-01 1.620295918358070353e-01
3.606000000000000000e+03 1.115295078238999649e+00 1.626732386552264820e-01
3.640000000000000000e+03 8.871567038706005270e-01 1.632566666013892942e-01
3.675000000000000000e+03 1.135016435229599718e+00 1.640248371389060877e-01
3.710000000000000000e+03 1.422419661908881805e+00 1.640314429105045879e-01
3.745000000000000000e+03 1.216221547540550674e+00 1.642858042954086772e-01
3.780000000000000000e+03 1.315503737699255327e+00 1.641783823472663384e-01
3.814000000000000000e+03 1.135564530202159084e+00 1.647075053272899492e-01
3.849000000000000000e+03 1.279377090709857390e+00 1.648163461138402452e-01
3.884000000000000000e+03 8.736394745346448554e-01 1.651615321083956256e-01
3.919000000000000000e+03 8.618533912633475902e-01 1.641563118198063054e-01
3.953000000000000000e+03 8.746938981552828674e-01 1.655187242051040786e-01
3.988000000000000000e+03 1.200684382504346864e-01 1.640947515714945848e-01
4.023000000000000000e+03 5.151713127415182836e-01 1.663608454975274709e-01
4.058000000000000000e+03 5.204611353860462142e-01 1.682144948360305980e-01
4.093000000000000000e+03 4.351851797039937297e-01 1.667619721046116055e-01
4.128000000000000000e+03 1.187508660527984317e+00 1.682429601859319057e-01
4.162000000000000000e+03 1.679317469419230324e-01 1.655923588406031099e-01
4.197000000000000000e+03 5.638308056966379045e-01 1.683551176435163221e-01
4.232000000000000000e+03 5.978530554592104140e-01 1.675473854288745124e-01
4.267000000000000000e+03 3.284531328638075065e-01 1.682303486851997876e-01
4.302000000000000000e+03 2.252121854642319676e-01 1.674673116300978148e-01
4.337000000000000000e+03 3.506856244300335379e-01 1.677799835384538585e-01
4.371000000000000000e+03 4.090358714274277552e-01 1.688268012718137090e-01
4.406000000000000000e+03 5.482403710979349976e-01 1.698878776155809400e-01
4.441000000000000000e+03 6.651444065182070542e-01 1.698666514278286410e-01
4.476000000000000000e+03 3.721836516902848890e-01 1.701882764354283317e-01
4.510000000000000000e+03 5.555644390631968577e-01 1.710010029730442971e-01
4.545000000000000000e+03 1.411516860781965310e-01 1.697615542400998101e-01
4.580000000000000000e+03 8.514982999545704923e-01 1.701783140554697649e-01
4.615000000000000000e+03 2.685750287831067395e-01 1.705297410004838754e-01
4.649000000000000000e+03 3.252154583454679448e-01 1.701258238657335775e-01
4.684000000000000000e+03 1.450465702928927791e-01 1.709088998690071193e-01
4.719000000000000000e+03 5.237307640798403163e-01 1.728128204235895027e-01
4.754000000000000000e+03 2.222421764882317186e-01 1.731261871358225346e-01
4.789000000000000000e+03 4.675667809614572068e-01 1.723331321002098959e-01
4.823000000000000000e+03 5.750472207108937583e-01 1.722148463882601510e-01
4.858000000000000000e+03 8.474646666668442796e-01 1.746637962674294775e-01
4.893000000000000000e+03 6.887650904340357760e-01 1.751526409879893276e-01
4.928000000000000000e+03 5.129204049507291030e-01 1.724689826208847532e-01
4.963000000000000000e+03 5.932616627065693260e-01 1.759137741442632907e-01
4.997000000000000000e+03 7.587859476897106381e-01 1.741633103488104406e-01
5.032000000000000000e+03 3.510595254175288837e-01 1.736204420258618542e-01
5.067000000000000000e+03 3.318107025172089553e-01 1.753309447481286032e-01
5.102000000000000000e+03 -6.186032438823429363e-04 6.186032438823429402e+05
5.137000000000000000e+03 5.841670234130414974e-01 1.774810934181522415e-01
5.171000000000000000e+03 2.893725729155425808e-01 1.761524522439862905e-01
5.206000000000000000e+03 4.434637217360953287e-01 1.764162191193830165e-01
5.248000000000000000e+03 2.266484579333064298e-01 1.781836377913328107e-01
5.283000000000000000e+03 7.239698124338921348e-01 1.782855513071386344e-01
5.318000000000000000e+03 3.518967388639634986e-01 1.781599897467722460e-01
5.353000000000000000e+03 -6.293477606291658167e-04 6.293477606291659176e+05
5.387000000000000000e+03 8.240163848327816121e-01 1.780855570374272334e-01
5.422000000000000000e+03 1.347417853564721213e+00 1.804669980858747969e-01
5.457000000000000000e+03 9.361511255393116793e-01 1.796633426309321713e-01
5.492000000000000000e+03 3.381842008967530511e-01 1.793603977641591019e-01
5.527000000000000000e+03 5.683146947734072363e-01 1.815980390091625762e-01
5.561000000000000000e+03 1.382281884175660336e+00 1.796974060597638090e-01
5.596000000000000000e+03 1.030465094246800328e+00 1.805782934793905281e-01
5.631000000000000000e+03 3.937550687735740240e-01 1.814931148496046476e-01
5.666000000000000000e+03 8.167879294305794291e-01 1.806431736768926155e-01
5.701000000000000000e+03 1.745050520604108479e+00 1.841827271332353577e-01
5.735000000000000000e+03 1.584870335200843527e+00 1.816031338316187460e-01
5.770000000000000000e+03 1.183260478424998485e+00 1.799773213402740268e-01
5.805000000000000000e+03 1.330854024991718454e+00 1.840782624961915526e-01
5.840000000000000000e+03 1.634284185332784078e+00 1.840346146971084396e-01
5.875000000000000000e+03 1.239685356314442544e+00 1.827539232800093616e-01
5.909000000000000000e+03 1.015319525650795640e+00 1.826216819704955530e-01
5.944000000000000000e+03 1.592895133909798089e+00 1.844900764176272134e-01
5.979000000000000000e+03 4.328992767886630233e-01 1.840426795985151409e-01
6.014000000000000000e+03 5.285958090797973075e-01 1.844031938449256780e-01
6.049000000000000000e+03 1.111684011219992829e+00 1.858513389570121688e-01
6.084000000000000000e+03 9.218340061175499534e-01 1.838922321661521364e-01
6.118000000000000000e+03 1.030382278348386249e+00 1.857797697782191115e-01
6.153000000000000000e+03 1.323330080795078079e+00 1.874210620339826772e-01
6.188000000000000000e+03 9.269214078029522907e-01 1.866155589148963678e-01
6.223000000000000000e+03 1.458287458004280390e+00 1.874923304017241388e-01
6.258000000000000000e+03 1.175471340436876178e+00 1.884565484891134735e-01
6.293000000000000000e+03 1.079446257767881390e+00 1.897515245066211387e-01
6.328000000000000000e+03 1.333718654382481716e+00 1.889751198425344836e-01
6.363000000000000000e+03 1.270799467091154655e+00 1.894722131281492417e-01
6.398000000000000000e+03 1.443853856918871026e+00 1.895973848139281270e-01
6.432000000000000000e+03 1.220982865642682214e+00 1.903469467386039171e-01
6.467000000000000000e+03 1.577097998222306119e+00 1.899778548755849117e-01
6.502000000000000000e+03 1.047437352330348626e+00 1.887854414630007471e-01
6.537000000000000000e+03 1.283450597484751432e+00 1.914474252721125869e-01
6.571000000000000000e+03 1.100027075087657735e+00 1.926268087843316101e-01
6.606000000000000000e+03 1.455934672087884518e+00 1.913084257903653329e-01
6.641000000000000000e+03 1.313543842203976908e+00 1.925124930503188392e-01
6.676000000000000000e+03 1.058103277977060275e+00 1.909485355417516461e-01
6.710000000000000000e+03 9.804969239660803471e-01 1.910278354551284141e-01
6.745000000000000000e+03 1.175376336821693402e+00 1.921546304800875460e-01
6.780000000000000000e+03 1.189262232846448164e+00 1.929130530414953082e-01
6.815000000000000000e+03 8.900940893211696237e-01 1.921342193846296009e-01
6.850000000000000000e+03 7.847500153474765705e-01 1.915376515504884358e-01
6.884000000000000000e+03 1.082120707504425017e+00 1.936436398446130247e-01
6.919000000000000000e+03 1.179390799117442157e+00 1.924098903316056042e-01
6.954000000000000000e+03 1.266141806824139238e+00 1.946038699813133210e-01
