0.000000000000000000e+00 1.068559850544769096e+00 4.626386610665229188e-02
3.500000000000000000e+01 9.669130668994999622e-01 4.634184770321728153e-02
7.000000000000000000e+01 1.061430259914176055e+00 4.628507051930350752e-02
1.050000000000000000e+02 9.643041510058812937e-01 4.685804145238438995e-02
1.400000000000000000e+02 1.128541858911643825e+00 4.654225984225390106e-02
1.740000000000000000e+02 9.756108673454079172e-01 4.707140724285392014e-02
2.090000000000000000e+02 1.069434360541160034e+00 4.675378956535379549e-02
2.440000000000000000e+02 1.128083968315893859e+00 4.672570653986768408e-02
2.790000000000000000e+02 9.547030337422588442e-01 4.669480569779396739e-02
3.130000000000000000e+02 1.037044309000548337e+00 4.704493487555307801e-02
3.480000000000000000e+02 1.072953288094724789e+00 4.701160724460223123e-02
3.830000000000000000e+02 1.120068011975515976e+00 4.739713760380769719e-02
4.180000000000000000e+02 1.115167995244460419e+00 4.745293077589898822e-02
4.530000000000000000e+02 1.155583705552642781e+00 4.745070519292034911e-02
4.870000000000000000e+02 1.024851730434245711e+00 4.712711435534804039e-02
5.220000000000000000e+02 1.103743811765639959e+00 4.754264586151285554e-02
5.570000000000000000e+02 1.066678771807585413e+00 4.728861057334481782e-02
5.920000000000000000e+02 1.141540586618662756e+00 4.738592042519394754e-02
6.270000000000000000e+02 9.986208373758244106e-01 4.744618264741116281e-02
6.620000000000000000e+02 1.006427881469231567e+00 4.791603603233245134e-02
6.970000000000000000e+02 1.040432431077717768e+00 4.766148044442785475e-02
7.310000000000000000e+02 1.034772981457831920e+00 4.759016033852939837e-02
7.660000000000000000e+02 1.030556842172417387e+00 4.765875675552832397e-02
8.010000000000000000e+02 9.955549474227537443e-01 4.776447939077580612e-02
8.360000000000000000e+02 9.802226624760425056e-01 4.802373463244861973e-02
8.700000000000000000e+02 1.069174163094789520e+00 4.797431280296481082e-02
9.050000000000000000e+02 1.070376155884191327e+00 4.803625659786606161e-02
9.400000000000000000e+02 1.116577523891894241e+00 4.838216901381943436e-02
9.750000000000000000e+02 9.948176867804228163e-01 4.755690938312735067e-02
1.010000000000000000e+03 1.031127853880642320e+00 4.773490068411564979e-02
1.045000000000000000e+03 9.677961226292310926e-01 4.823475099071972833e-02
1.079000000000000000e+03 9.512729595935409677e-01 4.797831938324995799e-02
1.114000000000000000e+03 1.109704042232210197e+00 4.832155901126014563e-02
1.149000000000000000e+03 1.006407097659489214e+00 4.844777571413018402e-02
1.184000000000000000e+03 1.023186408851029849e+00 4.831701438038875362e-02
1.219000000000000000e+03 1.067231848102014657e+00 4.833331328673074606e-02
1.253000000000000000e+03 1.004917391783619163e+00 4.828809345935961006e-02
1.288000000000000000e+03 1.058871283854623924e+00 4.874547304560938876e-02
1.323000000000000000e+03 1.068355691651229789e+00 4.858593592642557191e-02
1.358000000000000000e+03 1.039921643665774331e+00 4.626145498508638099e-02
1.393000000000000000e+03 1.106028958525456130e+00 4.153010879549962064e-02
1.428000000000000000e+03 1.092139469443437427e+00 4.082854868767171047e-02
1.462000000000000000e+03 1.078204667840374276e+00 4.069916538719289129e-02
1.497000000000000000e+03 1.045728203417186419e+00 4.060222273645409941e-02
1.532000000000000000e+03 1.134043971437390885e+00 4.100709230892067569e-02
1.567000000000000000e+03 1.073076899947155605e+00 4.100346260323799175e-02
1.602000000000000000e+03 9.654420781562947917e-01 4.070137630041627264e-02
1.637000000000000000e+03 1.048025394327501969e+00 4.124611126882363199e-02
1.671000000000000000e+03 1.091696708906346958e+00 4.075729952051031918e-02
1.706000000000000000e+03 9.959526257821986750e-01 4.047520658662597665e-02
1.753000000000000000e+03 1.006422660758038656e+00 4.098506031233347530e-02
1.788000000000000000e+03 1.011202574572528823e+00 4.077947979601163897e-02
1.822000000000000000e+03 1.054579407549198766e+00 4.076961579252116885e-02
1.857000000000000000e+03 1.058422321027520097e+00 4.075457120004773864e-02
1.892000000000000000e+03 1.016045317389393077e+00 4.087150096299361351e-02
1.927000000000000000e+03 1.039693929659770921e+00 4.081292095864992586e-02
1.962000000000000000e+03 1.002608127816625005e+00 4.073458588661116320e-02
1.997000000000000000e+03 1.130529903932358193e+00 4.093687421050028197e-02
2.031000000000000000e+03 9.574348841278684796e-01 4.098283301320766042e-02
2.066000000000000000e+03 1.037996914074364785e+00 4.103523824491266819e-02
2.101000000000000000e+03 9.941611771821100563e-01 4.086027956592929583e-02
2.136000000000000000e+03 1.065565197163587996e+00 4.134949385089059515e-02
2.170000000000000000e+03 1.109478342083922042e+00 4.152113117857449825e-02
2.205000000000000000e+03 1.091832799630186868e+00 4.170322026521626479e-02
2.240000000000000000e+03 1.040046639187331090e+00 4.171369084657777088e-02
2.275000000000000000e+03 9.938709391574173102e-01 4.139182195463305541e-02
2.310000000000000000e+03 9.789471265295554003e-01 4.160290549087718170e-02
2.344000000000000000e+03 9.118885912938166083e-01 4.096369872289633979e-02
2.379000000000000000e+03 1.049337611438714291e+00 4.135401922206326936e-02
2.414000000000000000e+03 9.779278358079868116e-01 4.161133300861120238e-02
2.449000000000000000e+03 9.900370779625430329e-01 4.135506524923451832e-02
2.483000000000000000e+03 9.978895764662591983e-01 4.111358232985424382e-02
2.518000000000000000e+03 9.829146970891919910e-01 4.179234416063032365e-02
2.553000000000000000e+03 1.000081723965318803e+00 4.162741199315213997e-02
2.588000000000000000e+03 1.045826097171900448e+00 4.148005182499520105e-02
2.623000000000000000e+03 1.042496307125180266e+00 4.136601326350104746e-02
2.657000000000000000e+03 1.096010852200567820e+00 4.181914806529892642e-02
2.692000000000000000e+03 1.087161053631549468e+00 4.164443206734173841e-02
2.727000000000000000e+03 9.562524469656485948e-01 4.143124909311141080e-02
2.762000000000000000e+03 1.124826329099923861e+00 4.183052356464311838e-02
2.796000000000000000e+03 1.056315937132391580e+00 4.217813872944010944e-02
2.831000000000000000e+03 1.124121174410448676e+00 4.167437702242254155e-02
2.866000000000000000e+03 1.055935692766932332e+00 4.162623461815567749e-02
2.901000000000000000e+03 1.009646822667159327e+00 4.171422342023344693e-02
2.936000000000000000e+03 9.716983133586155619e-01 4.187239103915992022e-02
2.970000000000000000e+03 1.054961319583414880e+00 4.185268538751045486e-02
3.005000000000000000e+03 1.054716746365089053e+00 4.223908381202685913e-02
3.040000000000000000e+03 8.976190335439340195e-01 4.198615540707737598e-02
3.075000000000000000e+03 1.050729363585597209e+00 4.216657212683661698e-02
3.110000000000000000e+03 1.035586326546373837e+00 4.174357911762140855e-02
3.144000000000000000e+03 1.016850187049244791e+00 4.194300355544868658e-02
3.179000000000000000e+03 9.054210236525682687e-01 4.092607615340294880e-02
3.214000000000000000e+03 9.915072512411089445e-01 4.087907381586428079e-02
3.249000000000000000e+03 1.021238589256031837e+00 4.070226145062245948e-02
3.284000000000000000e+03 1.096087278551694411e+00 4.141530122068000364e-02
3.318000000000000000e+03 9.543605990558386987e-01 4.126785178518350278e-02
3.353000000000000000e+03 9.733408439530443212e-01 4.137871681155792791e-02
3.388000000000000000e+03 8.973077529512876183e-01 4.139718877807757602e-02
3.423000000000000000e+03 9.888363773622567132e-01 4.154359673555835242e-02
3.458000000000000000e+03 8.553116091321034675e-01 4.184943733306878411e-02
3.501000000000000000e+03 8.650876471703418114e-01 4.196993260006244564e-02
3.536000000000000000e+03 8.330588750027738687e-01 4.210392123346691495e-02
3.571000000000000000e+03 8.069489143293501199e-01 4.178887534795418940e-02
3.606000000000000000e+03 8.974972720645981727e-01 4.215986475415298834e-02
3.640000000000000000e+03 8.446050207057819170e-01 4.227265371093647667e-02
3.675000000000000000e+03 8.642945274829958446e-01 4.251172153166369455e-02
3.710000000000000000e+03 8.982844125088281784e-01 4.228385506624699613e-02
3.745000000000000000e+03 7.303410389989387630e-01 4.247935924877001973e-02
3.780000000000000000e+03 8.754862802079760309e-01 4.236520763881169299e-02
3.814000000000000000e+03 8.741815654259124102e-01 4.271487042264746070e-02
3.849000000000000000e+03 8.314111320767717528e-01 4.264899061672803443e-02
3.884000000000000000e+03 7.410119391924488985e-01 4.266183060286509593e-02
3.919000000000000000e+03 7.542850178529242333e-01 1.000000000000000000e+09
3.953000000000000000e+03 7.542850178529242333e-01 4.270625495928541404e-02
3.988000000000000000e+03 7.464906930889169123e-01 4.262451136793421469e-02
4.023000000000000000e+03 7.276350866665284300e-01 4.290386304489435948e-02
4.058000000000000000e+03 8.719950682041098800e-01 4.359738167951587862e-02
4.093000000000000000e+03 7.911759057496083880e-01 4.319075797529677019e-02
4.128000000000000000e+03 8.645643742570856549e-01 4.332882349311076992e-02
4.162000000000000000e+03 8.217089442531140264e-01 4.306585261969553269e-02
4.197000000000000000e+03 7.926241246254041029e-01 4.352897411523742877e-02
4.232000000000000000e+03 7.902130103087634527e-01 4.337877236660955815e-02
4.267000000000000000e+03 8.491280233184858028e-01 4.360079369844874903e-02
4.302000000000000000e+03 8.298848452246726515e-01 4.353622047450193822e-02
4.337000000000000000e+03 7.878027803055615008e-01 4.340309500731914100e-02
4.371000000000000000e+03 8.152981922073817556e-01 4.362261497563041379e-02
4.406000000000000000e+03 7.475461925954747233e-01 4.386674472529675239e-02
4.441000000000000000e+03 9.044452108630223197e-01 4.389887741772045826e-02
4.476000000000000000e+03 8.324606691089589949e-01 4.388515670556183274e-02
4.510000000000000000e+03 7.244665618224038761e-01 4.397261011559814442e-02
4.545000000000000000e+03 8.652715463609692570e-01 4.396279233793924657e-02
4.580000000000000000e+03 9.196643455862245631e-01 4.391122496423228994e-02
4.615000000000000000e+03 9.786008465550292135e-01 4.430754794544361497e-02
4.649000000000000000e+03 8.387102476136578666e-01 4.395757639513788589e-02
4.684000000000000000e+03 8.961410821561190954e-01 4.443025484828506955e-02
4.719000000000000000e+03 8.781345580715512744e-01 4.444921459404368308e-02
4.754000000000000000e+03 9.392167958453156995e-01 4.488822186270603753e-02
4.789000000000000000e+03 9.369665532736782820e-01 4.456498468824503234e-02
4.823000000000000000e+03 9.380555777119703453e-01 4.445359143336511526e-02
4.858000000000000000e+03 9.460722487147644744e-01 4.495119924561726682e-02
4.893000000000000000e+03 1.013879838664432764e+00 4.516441327291920160e-02
4.928000000000000000e+03 8.981784493711290063e-01 4.470063255563128113e-02
4.963000000000000000e+03 9.515811291904590075e-01 4.545294568572261912e-02
4.997000000000000000e+03 9.324172344096548493e-01 4.491889671087463676e-02
5.032000000000000000e+03 8.651215263484537399e-01 4.485606564154204917e-02
5.067000000000000000e+03 9.313850269547380156e-01 4.538676772213057903e-02
5.102000000000000000e+03 8.718498543210049245e-01 4.540200950125464902e-02
5.137000000000000000e+03 1.049295340768667817e+00 4.592364070410390187e-02
5.171000000000000000e+03 8.521446387354963958e-01 4.553907632069902761e-02
5.206000000000000000e+03 9.996046468335079149e-01 4.565360308902322029e-02
5.248000000000000000e+03 1.039243158853876858e+00 4.602403778669212492e-02
5.283000000000000000e+03 1.121443860143675808e+00 4.612469591486127035e-02
5.318000000000000000e+03 1.167194646574839734e+00 4.621834412218821242e-02
5.353000000000000000e+03 9.868673004380511538e-01 4.633909360840733627e-02
5.387000000000000000e+03 1.109973645887358584e+00 4.593614599518953262e-02
5.422000000000000000e+03 9.469257268563294749e-01 4.641858534142578180e-02
5.457000000000000000e+03 1.155599957867910588e+00 4.649855383880282383e-02
5.492000000000000000e+03 1.112500821617429247e+00 4.640174323725342748e-02
5.527000000000000000e+03 1.073574863393626622e+00 4.687477541138355963e-02
5.561000000000000000e+03 1.074222053459055415e+00 4.641268695733397065e-02
5.596000000000000000e+03 9.999182760346811971e-01 4.686803858088529895e-02
5.631000000000000000e+03 1.041341615780767560e+00 4.703102677290744299e-02
5.666000000000000000e+03 1.049626410484759687e+00 4.656213275150202641e-02
5.701000000000000000e+03 9.274050000466868005e-01 4.728380497418051276e-02
5.735000000000000000e+03 9.773392974401405864e-01 4.665787331394794651e-02
5.770000000000000000e+03 9.520080322673424300e-01 4.645523974269587242e-02
5.805000000000000000e+03 1.162988193432753503e+00 4.762101513358072552e-02
5.840000000000000000e+03 9.726609589122464650e-01 4.724391512661868520e-02
5.875000000000000000e+03 9.289086152088786852e-01 4.701378052020737525e-02
5.909000000000000000e+03 1.105441093160867583e+00 4.731937631130432587e-02
5.944000000000000000e+03 9.970778380967939558e-01 4.745757460791547033e-02
5.979000000000000000e+03 9.465078577219990796e-01 4.764014372967521199e-02
6.014000000000000000e+03 1.112633152898190980e+00 4.786956113222608916e-02
6.049000000000000000e+03 9.704981933850468367e-01 4.782236556379998449e-02
6.084000000000000000e+03 9.529400154930777189e-01 4.749173824314557174e-02
6.118000000000000000e+03 1.077796378580004433e+00 4.796779149938049103e-02
6.153000000000000000e+03 9.405948979326683723e-01 4.831232251118770110e-02
6.188000000000000000e+03 1.017735544014093385e+00 4.817582693971033531e-02
6.223000000000000000e+03 1.044958333541292639e+00 4.837272210850682846e-02
6.258000000000000000e+03 9.881056033159922869e-01 4.863569833741904908e-02
6.293000000000000000e+03 9.761168555014096970e-01 4.890578149305778444e-02
6.328000000000000000e+03 1.060430948302837129e+00 4.880910772601880498e-02
6.363000000000000000e+03 1.114590528759820565e+00 4.884323439138144041e-02
6.398000000000000000e+03 9.558828636483663876e-01 4.860872196512228127e-02
6.432000000000000000e+03 1.032391551952319908e+00 4.907328259110854685e-02
6.467000000000000000e+03 1.122063386869504908e+00 4.905150790856573073e-02
6.502000000000000000e+03 1.117281656497735476e+00 4.884198117315574628e-02
6.537000000000000000e+03 9.027887037592254860e-01 4.916650780326407150e-02
6.571000000000000000e+03 1.083381364196377206e+00 4.980172296057237130e-02
6.606000000000000000e+03 9.653898328468820678e-01 4.903407280045267436e-02
6.641000000000000000e+03 1.008644103591271657e+00 4.951850917986518053e-02
6.676000000000000000e+03 1.041592642349362441e+00 4.933241819066314093e-02
6.710000000000000000e+03 1.031256443349837904e+00 4.934189764399964095e-02
6.745000000000000000e+03 1.114660350965546609e+00 4.959767223902764727e-02
6.780000000000000000e+03 1.074415376232849217e+00 4.974961237574537093e-02
6.815000000000000000e+03 9.849116851517690785e-01 4.958963130327164598e-02
6.850000000000000000e+03 1.013186162999796025e+00 4.956011176070833357e-02
6.884000000000000000e+03 9.788001276962629005e-01 4.973512683206780111e-02
6.919000000000000000e+03 1.063381696358951967e+00 4.973372165396487687e-02
6.954000000000000000e+03 9.511253795549873269e-01 5.000795141470291971e-02
