0.000000000000000000e+00 4.571091963099456201e-01 1.207400698616355600e-01
3.500000000000000000e+01 8.610588074516338786e-01 1.206512671566894734e-01
7.000000000000000000e+01 7.753135757298874609e-01 1.216070186462515773e-01
1.050000000000000000e+02 5.582927260364392019e-01 1.204001723361800558e-01
1.400000000000000000e+02 8.509961505405930771e-01 1.209314941509549851e-01
1.750000000000000000e+02 8.880625138333081425e-01 1.211527178481637684e-01
2.090000000000000000e+02 9.807463854834622685e-01 1.212766739310190967e-01
2.440000000000000000e+02 9.206362397061081948e-01 1.211621428191961558e-01
2.790000000000000000e+02 7.642659683846502183e-01 1.201849108329857280e-01
3.140000000000000000e+02 4.304475599649070783e-01 1.204730344532175673e-01
3.490000000000000000e+02 6.551020889914688228e-01 1.207156039389131047e-01
3.840000000000000000e+02 4.107502709708084621e-01 1.210084403181366924e-01
4.190000000000000000e+02 7.887293611153017858e-01 1.201391872844991410e-01
4.530000000000000000e+02 7.166828367047332060e-01 1.202360570078798707e-01
4.880000000000000000e+02 8.195359183236575751e-01 1.200023874810432073e-01
5.230000000000000000e+02 5.139620437037587530e-01 1.190502336690372753e-01
5.580000000000000000e+02 8.951623661345373684e-01 1.199810161401445169e-01
5.930000000000000000e+02 8.021440466512632650e-01 1.206545224100021713e-01
6.270000000000000000e+02 1.028502673936700695e+00 1.199187625179843897e-01
6.620000000000000000e+02 5.605125177659744384e-01 1.196994462256619346e-01
6.970000000000000000e+02 6.836723996837631434e-01 1.199813227578213071e-01
7.320000000000000000e+02 6.002265858088814410e-01 1.200371726227911218e-01
7.670000000000000000e+02 6.084945796914064120e-01 1.205165649041885639e-01
8.020000000000000000e+02 7.708412668375220766e-01 1.195218794872538737e-01
8.360000000000000000e+02 8.125128150578017072e-01 1.187950575509481854e-01
8.710000000000000000e+02 9.669658234721586476e-01 1.183713282727803517e-01
9.060000000000000000e+02 9.563314852071124195e-01 1.190181177078248193e-01
9.410000000000000000e+02 7.538466728754177337e-01 1.176816646723999604e-01
9.760000000000000000e+02 7.253414448515416169e-01 1.180650038350206099e-01
1.011000000000000000e+03 9.192653726515913615e-01 1.191266023696247039e-01
1.046000000000000000e+03 8.722307382143602572e-01 1.189646053831228539e-01
1.080000000000000000e+03 9.099150892403707891e-01 1.182935137017438049e-01
1.115000000000000000e+03 6.952626444505090042e-01 1.185438259964786967e-01
1.150000000000000000e+03 7.036646993351222124e-01 1.181770986140318058e-01
1.185000000000000000e+03 1.019423026610940752e+00 1.186405168760853307e-01
1.220000000000000000e+03 7.150955904932877472e-01 1.177568751817180126e-01
1.254000000000000000e+03 9.999361128957866551e-01 1.165151033747442583e-01
1.289000000000000000e+03 6.662704149033987777e-01 1.164043604736768045e-01
1.324000000000000000e+03 6.578212065676052323e-01 1.164285578462427723e-01
1.359000000000000000e+03 6.585533657699702559e-01 1.165991254572157354e-01
1.394000000000000000e+03 8.061773002048518988e-01 1.167012847531746500e-01
1.429000000000000000e+03 7.804510364866815708e-01 1.166585256784425373e-01
1.464000000000000000e+03 1.089608206431960991e+00 1.175261115338267076e-01
1.498000000000000000e+03 7.263869676763093919e-01 1.173090517851718417e-01
1.533000000000000000e+03 9.127415208091105292e-01 1.171985639300586329e-01
1.568000000000000000e+03 6.755442261732369502e-01 1.162043037943770729e-01
1.603000000000000000e+03 7.036756106613007988e-01 1.159351611293095025e-01
1.638000000000000000e+03 5.719970285657186571e-01 1.172533818030706138e-01
1.673000000000000000e+03 9.402276236950820598e-01 1.172695177543714579e-01
1.708000000000000000e+03 6.332397653853591990e-01 1.170915732962751060e-01
1.822000000000000000e+03 8.049651565080635507e-01 1.171039755528495430e-01
1.857000000000000000e+03 6.911929996037559087e-01 1.172302511821598919e-01
1.892000000000000000e+03 6.817105462913111147e-01 1.160922606774667937e-01
1.927000000000000000e+03 7.047597198976077726e-01 1.159697969972416087e-01
1.962000000000000000e+03 8.876012086236846343e-01 1.162476316484342548e-01
1.997000000000000000e+03 9.250557515590838165e-01 1.157654946877955532e-01
2.031000000000000000e+03 9.666782816805394862e-01 1.162621367621663598e-01
2.066000000000000000e+03 8.820216564013066973e-01 1.169092127668720504e-01
2.101000000000000000e+03 4.337632319855410645e-01 1.160800032340784799e-01
2.136000000000000000e+03 7.700635196984139119e-01 1.158255979693227911e-01
2.171000000000000000e+03 7.527564080491351284e-01 1.163647470997537375e-01
2.206000000000000000e+03 9.598873471153702708e-01 1.168429897330427736e-01
2.240000000000000000e+03 8.385017681538912138e-01 1.165180959614699474e-01
2.275000000000000000e+03 8.329171035257721956e-01 1.169422426566833484e-01
2.310000000000000000e+03 7.497739439175110654e-01 1.163246338553181186e-01
2.345000000000000000e+03 8.479294024195157542e-01 1.159030065300983708e-01
2.380000000000000000e+03 7.442455192687646992e-01 1.159632894018503835e-01
2.414000000000000000e+03 5.539639218353527017e-01 1.201283917547035784e-01
2.449000000000000000e+03 8.816307177985435173e-01 1.153980066190453541e-01
2.484000000000000000e+03 6.404756295653425413e-01 1.142208049475107595e-01
2.519000000000000000e+03 6.931953941470994085e-01 1.154076156150184856e-01
2.554000000000000000e+03 9.301925530720976942e-01 1.151465428865487972e-01
2.589000000000000000e+03 1.182652621650845504e+00 1.152465307806666700e-01
2.623000000000000000e+03 7.113180373583670724e-01 1.176577203706872660e-01
2.658000000000000000e+03 8.730455060767495779e-01 1.153406757216643708e-01
2.693000000000000000e+03 7.499874863779621981e-01 1.162189016553511339e-01
2.728000000000000000e+03 4.353614087715970138e-01 1.131042253651669688e-01
2.763000000000000000e+03 6.231070230857177483e-01 1.123665790267227849e-01
2.798000000000000000e+03 6.891851535585872268e-01 1.114262256225879710e-01
2.832000000000000000e+03 6.975288770904501945e-01 1.111964879570246506e-01
2.867000000000000000e+03 6.856318860144586802e-01 1.123400687178249813e-01
2.902000000000000000e+03 8.451184381104819288e-01 1.125733732891480016e-01
2.937000000000000000e+03 1.008766151242702858e+00 1.116410686153075232e-01
2.972000000000000000e+03 7.740077056320294746e-01 1.156097370253114376e-01
3.007000000000000000e+03 9.109427905302529549e-01 1.108472866592457723e-01
3.041000000000000000e+03 8.670148450069369295e-01 1.107248494765005337e-01
3.076000000000000000e+03 5.667972874129759697e-01 1.103418970009967665e-01
3.111000000000000000e+03 9.597079732459605772e-01 1.096718761628512340e-01
3.146000000000000000e+03 8.923330715800494861e-01 1.101654989632094572e-01
3.181000000000000000e+03 6.244473252108101446e-01 1.132769566976825487e-01
3.216000000000000000e+03 6.607488598278745684e-01 1.142335888847852560e-01
3.251000000000000000e+03 7.149571447124578594e-01 1.168761932053725416e-01
3.286000000000000000e+03 7.954290163801859270e-01 1.143103683604896059e-01
3.320000000000000000e+03 7.776747541731545699e-01 1.372196092475894136e-01
3.355000000000000000e+03 1.057166641361465320e+00 1.247911863423732531e-01
3.390000000000000000e+03 8.046150607029254331e-01 1.729792854817839287e-01
3.425000000000000000e+03 4.901611048995596076e-01 1.383011075197994044e-01
3.460000000000000000e+03 3.788579060341699667e-01 2.425768274187550255e-01
3.495000000000000000e+03 7.301554485181730447e-01 1.421131888663925980e-01
3.529000000000000000e+03 8.716094157152780575e-01 1.304531761135372392e-01
3.653000000000000000e+03 7.972442774989751957e-01 1.592822798242759519e-01
3.688000000000000000e+03 1.012256571387971427e+00 1.092635284719850469e-01
3.723000000000000000e+03 8.791566823656677965e-01 1.079959852255461539e-01
3.758000000000000000e+03 8.008119746363142610e-01 1.078790238680434055e-01
3.793000000000000000e+03 6.129506211209791999e-01 1.630634129630361973e-01
3.828000000000000000e+03 1.799263561851031756e+00 4.335601224428946576e-01
3.862000000000000000e+03 2.487990962387885419e-01 3.684410350426605696e-01
3.897000000000000000e+03 8.836465290880344270e-01 1.555652614737702000e-01
3.932000000000000000e+03 3.232509394324019070e-01 7.013195398014893112e-01
3.967000000000000000e+03 5.874477899430958772e-01 1.000000000000000000e+09
4.002000000000000000e+03 5.874477899430958772e-01 1.851287830592176498e+00
4.037000000000000000e+03 5.144982595090570321e-01 1.000000000000000000e+09
4.071000000000000000e+03 5.144982595090570321e-01 1.000000000000000000e+09
4.106000000000000000e+03 5.144982595090570321e-01 2.509783331504771842e-01
4.141000000000000000e+03 8.294266450035472360e-01 1.283637724410441883e-01
4.176000000000000000e+03 6.070784426431381497e-01 1.090556794105153188e-01
4.211000000000000000e+03 8.286444750221042543e-01 1.045372066835862090e-01
4.246000000000000000e+03 1.117229760765638069e+00 1.031400409046644012e-01
4.280000000000000000e+03 1.008370519455932035e+00 1.031529578274363451e-01
4.315000000000000000e+03 9.920286078521663997e-01 1.031428632910386667e-01
4.350000000000000000e+03 8.173058087751158274e-01 1.088195021750017200e-01
4.385000000000000000e+03 8.913097213668447205e-01 1.828779210870148386e-01
4.420000000000000000e+03 9.262009520658489592e-01 3.478984417769143134e-01
4.455000000000000000e+03 9.008301138617779147e-01 2.177694082766993833e-01
4.489000000000000000e+03 1.273082271477173233e+00 1.604177931675860869e-01
4.524000000000000000e+03 9.959497844032395575e-01 1.168072114797372579e-01
4.559000000000000000e+03 1.173567053544934957e+00 1.147912507170929380e-01
4.594000000000000000e+03 8.884618591534724219e-01 1.047299649718750753e-01
4.629000000000000000e+03 1.082777873098963450e+00 1.026245617406217336e-01
4.664000000000000000e+03 8.898980182861494503e-01 1.039033585252134295e-01
4.698000000000000000e+03 8.497497497716149928e-01 2.199249843765963552e-01
4.733000000000000000e+03 7.931827920671147281e-01 2.103392250277788256e-01
4.768000000000000000e+03 1.130390795738122733e+00 1.908866544613552763e-01
4.803000000000000000e+03 1.199646693730929803e+00 1.037367694821835634e-01
4.838000000000000000e+03 1.025351278514651021e+00 1.009049189247099715e-01
4.873000000000000000e+03 9.447087850283266697e-01 9.956106057125331532e-02
4.908000000000000000e+03 1.216961985212008157e+00 1.000166455456159009e-01
4.942000000000000000e+03 9.493877138332323939e-01 1.008601061885712052e-01
4.977000000000000000e+03 1.120965621288968928e+00 1.003374182855750890e-01
5.012000000000000000e+03 9.680504999042747194e-01 9.999746975875470345e-02
5.047000000000000000e+03 1.045969912113049016e+00 1.005525688895553132e-01
5.082000000000000000e+03 1.126309161916813295e+00 1.004523358350651596e-01
5.117000000000000000e+03 1.052657487263598979e+00 1.002360709135511341e-01
5.151000000000000000e+03 1.256690334546767485e+00 1.005717134266310986e-01
5.186000000000000000e+03 1.102752154393246142e+00 1.005286019397544500e-01
5.221000000000000000e+03 1.213207764083926721e+00 1.006676311984328609e-01
5.256000000000000000e+03 1.072124847565123495e+00 9.989237787597031459e-02
5.291000000000000000e+03 6.570171417400283431e-01 9.948263983366958940e-02
5.326000000000000000e+03 1.144900694164776800e+00 1.007892355050189759e-01
5.360000000000000000e+03 1.029547346042500644e+00 1.000930981539829984e-01
5.498000000000000000e+03 9.873544502731920192e-01 1.002651379655844083e-01
5.532000000000000000e+03 1.082790220117967106e+00 1.000996749103369304e-01
5.567000000000000000e+03 7.685918608468161883e-01 1.003778740419147275e-01
5.602000000000000000e+03 1.087310725255692834e+00 1.002496350784860407e-01
5.637000000000000000e+03 8.667105849298898379e-01 1.005575798906692547e-01
5.672000000000000000e+03 8.155678158577981396e-01 1.010860591648423124e-01
5.706000000000000000e+03 9.513677025245224073e-01 1.011589017320894401e-01
5.741000000000000000e+03 1.243395464508422199e+00 1.014289400249951956e-01
5.776000000000000000e+03 1.288343157536135930e+00 1.009836009500641452e-01
5.811000000000000000e+03 1.168477214934553698e+00 1.010849822732092368e-01
5.846000000000000000e+03 9.790736874839777171e-01 1.011734633131751021e-01
5.881000000000000000e+03 9.664195676147622205e-01 1.012714401244199647e-01
5.916000000000000000e+03 7.041494299262877066e-01 1.006016426056943330e-01
5.951000000000000000e+03 1.113169639737359606e+00 1.010573939485027717e-01
5.985000000000000000e+03 1.140797958034210247e+00 1.011649278916233741e-01
6.020000000000000000e+03 1.252968842730082022e+00 1.009912515460478083e-01
6.055000000000000000e+03 9.456853908808233733e-01 1.006225408714659930e-01
6.090000000000000000e+03 1.081431595254556566e+00 1.003516485520942192e-01
6.125000000000000000e+03 1.325106332163476619e+00 1.009201797670367939e-01
6.160000000000000000e+03 1.283602435745618831e+00 1.014625001796248538e-01
6.195000000000000000e+03 1.173320027001492516e+00 1.016846382159707213e-01
6.230000000000000000e+03 1.191351860682676955e+00 1.010558288601533239e-01
6.264000000000000000e+03 1.063258308275055963e+00 1.007866905228926580e-01
6.299000000000000000e+03 1.112229514064046798e+00 1.009933122906892383e-01
6.334000000000000000e+03 1.402094572152148944e+00 1.016156831034707442e-01
6.369000000000000000e+03 1.176771647600360460e+00 1.005792275887208292e-01
6.404000000000000000e+03 1.126845881692724927e+00 1.014459637844375706e-01
6.439000000000000000e+03 1.206402559500050264e+00 1.010435057366140116e-01
6.473000000000000000e+03 1.320616449294513384e+00 1.013812484232517186e-01
6.508000000000000000e+03 1.402468126512572910e+00 1.010038461536222759e-01
6.543000000000000000e+03 9.213535277726999650e-01 1.005643760782059526e-01
6.578000000000000000e+03 1.171463484977880443e+00 1.008575001107499813e-01
6.613000000000000000e+03 9.648761937930252497e-01 1.019615022614019512e-01
6.648000000000000000e+03 1.201246995760753888e+00 1.004420322597679160e-01
6.683000000000000000e+03 1.038892917953650130e+00 1.004394224686374626e-01
6.718000000000000000e+03 1.205239451499723113e+00 1.002359512444496309e-01
6.753000000000000000e+03 9.599666229455783295e-01 1.008484162972193288e-01
6.788000000000000000e+03 1.160619922376791457e+00 9.970270332195844964e-02
6.823000000000000000e+03 1.156386425820386199e+00 1.000060002476292342e-01
6.857000000000000000e+03 1.360274259641480743e+00 1.007349328167074370e-01
6.892000000000000000e+03 1.026275384967097803e+00 1.012007315284179365e-01
6.927000000000000000e+03 9.438731121025775161e-01 1.007755830584437795e-01
6.962000000000000000e+03 1.058351018025399659e+00 1.001288823704535175e-01
6.997000000000000000e+03 9.407096810995242420e-01 9.958268637747548502e-02
7.032000000000000000e+03 1.195966075564548703e+00 9.995266777262745705e-02
7.066000000000000000e+03 1.127292364811713243e+00 1.003216580497399008e-01
7.101000000000000000e+03 1.179062373091314564e+00 1.003347070635449839e-01
7.136000000000000000e+03 1.063392724553024360e+00 9.976915813484903139e-02
7.171000000000000000e+03 1.240143030344186048e+00 9.960328103888446694e-02
7.206000000000000000e+03 1.209566885734120412e+00 9.959013999796634264e-02
7.271000000000000000e+03 1.420334936502800849e+00 9.870686652891107193e-02
7.306000000000000000e+03 1.097604710731306277e+00 9.842746887623750329e-02
7.341000000000000000e+03 1.063003425845269856e+00 9.924969183347774615e-02
7.376000000000000000e+03 1.358629728197563225e+00 9.969188372915348262e-02
7.411000000000000000e+03 9.813702785478616297e-01 9.821155790582743184e-02
7.445000000000000000e+03 1.199557413052102062e+00 9.920410470073201537e-02
7.480000000000000000e+03 1.019514751415180109e+00 9.992024047141533083e-02
7.515000000000000000e+03 1.207998276079439659e+00 9.986067552941393921e-02
7.550000000000000000e+03 1.016038210187409030e+00 9.906460847629004751e-02
7.585000000000000000e+03 1.484452659251795925e+00 9.913152122465612726e-02
7.620000000000000000e+03 1.332377680356361171e+00 9.927811558276451731e-02
7.654000000000000000e+03 1.421378085286699733e+00 9.878333019043224195e-02
7.689000000000000000e+03 1.314672614648556559e+00 9.934963388079054436e-02
7.724000000000000000e+03 1.270900578796171576e+00 9.940630725050324246e-02
7.759000000000000000e+03 1.284010560826607694e+00 9.954363118387793419e-02
7.794000000000000000e+03 1.000063887104213345e+00 9.962096861360951461e-02
7.829000000000000000e+03 1.394311162766236123e+00 1.004790240752476693e-01
7.863000000000000000e+03 1.314480756780321169e+00 9.996499843168769883e-02
7.898000000000000000e+03 1.210915008477951416e+00 1.006010229855899690e-01
7.933000000000000000e+03 1.337440686726364181e+00 9.981627986927005258e-02
7.968000000000000000e+03 1.131351572387160331e+00 9.972594535048007192e-02
8.003000000000000000e+03 1.151224319888326963e+00 1.007231356035551140e-01
8.038000000000000000e+03 1.458363930875070658e+00 1.022584726436363001e-01
8.073000000000000000e+03 1.348058090472713966e+00 1.012676219873197697e-01
8.107000000000000000e+03 1.016386667693272905e+00 1.010077811228585615e-01
8.142000000000000000e+03 1.114583316922363565e+00 1.008348989577716182e-01
8.177000000000000000e+03 1.378660552645449400e+00 1.008047153995509787e-01
8.212000000000000000e+03 1.436974164410570909e+00 1.005792928643295253e-01
8.247000000000000000e+03 1.281379888206064521e+00 1.007519146357669787e-01
8.281000000000000000e+03 1.289348606203248426e+00 9.929144805970059606e-02
8.316000000000000000e+03 1.153111804345780866e+00 1.008003018448436483e-01
8.351000000000000000e+03 1.134301665030207351e+00 1.000323953479013706e-01
8.386000000000000000e+03 9.199196331053515197e-01 1.000608531149240477e-01
8.421000000000000000e+03 1.137049463033621644e+00 9.954743709129985907e-02
8.456000000000000000e+03 1.105189289130703134e+00 1.000385033873946866e-01
8.491000000000000000e+03 1.284150258129606703e+00 1.012430275000129609e-01
8.526000000000000000e+03 9.755497828527650572e-01 1.006348941035582617e-01
8.561000000000000000e+03 1.001151207095833273e+00 1.002949202464877287e-01
8.595000000000000000e+03 1.123832882886535822e+00 1.007770961425452361e-01
8.630000000000000000e+03 1.197334864456737202e+00 1.010684103212767526e-01
8.665000000000000000e+03 1.405525588013485150e+00 1.002343610296264620e-01
8.700000000000000000e+03 9.703117253167939937e-01 1.007647381424231214e-01
8.735000000000000000e+03 1.259621006689239042e+00 1.008616124078094561e-01
8.770000000000000000e+03 1.159021726665133478e+00 9.945384260471816507e-02
8.804000000000000000e+03 1.406019717815295111e+00 1.018133817743532843e-01
8.839000000000000000e+03 1.137335912444482178e+00 1.001484449373909180e-01
8.874000000000000000e+03 1.157457046924152300e+00 1.004631938899589877e-01
8.909000000000000000e+03 9.898811098560968968e-01 1.006377662089685543e-01
8.944000000000000000e+03 1.239664075246317498e+00 1.059369702323559315e-01
8.979000000000000000e+03 1.196969434574764346e+00 1.520630521556250725e-01
9.065000000000000000e+03 1.296968724680741980e+00 2.956728756720228279e-01
9.100000000000000000e+03 1.361781087831239301e+00 1.734080073266699162e-01
9.134000000000000000e+03 1.381743324011515561e+00 2.575928527259376266e-01
9.169000000000000000e+03 1.220659297157340006e+00 2.531298559657548797e-01
9.204000000000000000e+03 1.703623581982942614e+00 3.837724749540740166e-01
9.239000000000000000e+03 1.609321757035379274e+00 6.452731201508068448e-01
9.274000000000000000e+03 1.129546379349108953e+00 3.784700502665446775e-01
9.309000000000000000e+03 1.418609825899134425e+00 1.000000000000000000e+09
9.343000000000000000e+03 1.418609825899134425e+00 9.699019504383782353e-01
9.378000000000000000e+03 1.125339885413887631e+00 3.520080241538545152e-01
9.413000000000000000e+03 1.175913463674201909e+00 2.896970408369433647e-01
9.448000000000000000e+03 1.362088487255559865e+00 4.820467241865037944e-01
9.483000000000000000e+03 1.395995445288819026e+00 3.483876352870803328e-01
9.518000000000000000e+03 1.021637328896481511e+00 2.616094908183836387e-01
9.553000000000000000e+03 1.760768503013064201e+00 2.062557299393563692e-01
9.588000000000000000e+03 1.696284613253157714e+00 2.188076589836639996e-01
9.622000000000000000e+03 1.257667338222161924e+00 1.012641885106317502e-01
9.657000000000000000e+03 1.192261385505749116e+00 1.018657144125410391e-01
9.692000000000000000e+03 9.682386968780172243e-01 1.006435630295702544e-01
9.727000000000000000e+03 1.157160799875900148e+00 1.008692823096742491e-01
9.762000000000000000e+03 9.594909048231478055e-01 1.010590023970262263e-01
9.797000000000000000e+03 1.195900692688740774e+00 1.014600048141804933e-01
9.832000000000000000e+03 1.207408327109338320e+00 1.010272030243819924e-01
9.867000000000000000e+03 1.194454166309876220e+00 1.016942483075275461e-01
9.901000000000000000e+03 1.110591338703834863e+00 1.010144671324529064e-01
9.936000000000000000e+03 1.110674449419144283e+00 1.012446521161703694e-01
9.971000000000000000e+03 1.155982793410983644e+00 1.008209449894920257e-01
1.000600000000000000e+04 1.194099400029383418e+00 1.012518186018667166e-01
1.004100000000000000e+04 9.276559526342218476e-01 1.008864061858224664e-01
1.007600000000000000e+04 1.082247311582687388e+00 1.018386846254896727e-01
1.011000000000000000e+04 9.141736613199935579e-01 1.009791516655666049e-01
1.014500000000000000e+04 9.533581106924843285e-01 1.010262794035541312e-01
1.018000000000000000e+04 1.240945313005686002e+00 1.009524931105707374e-01
1.021500000000000000e+04 1.002938162912360820e+00 9.987910822564489977e-02
1.025000000000000000e+04 1.135950982671914300e+00 1.007227338030578928e-01
1.028500000000000000e+04 1.072775862533460911e+00 1.006410463576818959e-01
1.031900000000000000e+04 1.005834513519391793e+00 1.006172929619236489e-01
1.035400000000000000e+04 1.030486255593292766e+00 1.010119073458844718e-01
1.038900000000000000e+04 9.547287929927910088e-01 1.012018361707268665e-01
1.042400000000000000e+04 1.196812980947022709e+00 1.020281208914775445e-01
1.045900000000000000e+04 8.759460700744358119e-01 1.026866078579755093e-01
1.049400000000000000e+04 8.779913986284038074e-01 1.016698707398440565e-01
1.052900000000000000e+04 1.297904793082371944e+00 1.024886738811656567e-01
1.056400000000000000e+04 1.311776892347801482e+00 1.022849446541724411e-01
1.059900000000000000e+04 1.257145334994661967e+00 1.021195344289390766e-01
1.063400000000000000e+04 1.165507754452213218e+00 1.018704245131763497e-01
1.066900000000000000e+04 1.298496572080114930e+00 1.022432324036818413e-01
1.070300000000000000e+04 1.150107767467037689e+00 1.025036083947064858e-01
1.073800000000000000e+04 1.260722639260279498e+00 1.024274896175927652e-01
1.077300000000000000e+04 1.156092152409599283e+00 1.029078053238591667e-01
