0.000000000000000000e+00 3.916440186575132487e-01 5.515381591835370745e-02
3.500000000000000000e+01 6.496922796062181149e-01 5.556818221798443674e-02
7.000000000000000000e+01 6.881657525639922612e-01 5.534668325130263911e-02
1.050000000000000000e+02 4.946664639080999293e-01 5.606624644422462944e-02
1.400000000000000000e+02 8.485910534493110724e-01 5.564555951712168991e-02
1.740000000000000000e+02 7.777055428270708282e-01 5.638280274022099831e-02
2.090000000000000000e+02 5.089460557712458533e-01 5.573089901319222550e-02
2.440000000000000000e+02 7.387451247373502117e-01 5.577942193624768619e-02
2.790000000000000000e+02 6.312435429883843652e-01 5.586235345424869769e-02
3.130000000000000000e+02 3.761366560976061590e-01 5.592300593490236171e-02
3.480000000000000000e+02 4.727477690675691013e-01 5.602830467989533547e-02
3.830000000000000000e+02 7.086892506385636947e-01 5.656223407654587670e-02
4.180000000000000000e+02 5.619274804057075023e-01 5.645195424144153207e-02
4.530000000000000000e+02 4.920917762702943787e-01 5.641110234523798173e-02
4.870000000000000000e+02 5.377853470295925753e-01 5.615818128591120589e-02
5.220000000000000000e+02 5.916970046759939539e-01 5.648622311557634917e-02
5.570000000000000000e+02 7.174295406403370379e-01 5.646636306307468295e-02
5.920000000000000000e+02 5.208980964082494669e-01 5.639972177349394239e-02
6.270000000000000000e+02 5.233143520414679228e-01 5.645139102390554081e-02
6.620000000000000000e+02 7.069523734652080060e-01 5.713781867906749662e-02
6.970000000000000000e+02 5.447334308151771110e-01 5.664987141258592124e-02
7.310000000000000000e+02 4.057923853268721737e-01 5.656157452245267475e-02
7.660000000000000000e+02 6.796678077678323104e-01 5.698503110718176196e-02
8.010000000000000000e+02 8.263661698102134912e-01 5.719673781815858699e-02
8.360000000000000000e+02 9.464002361229600924e-01 5.761040589515905447e-02
8.700000000000000000e+02 4.974237478041458327e-01 5.696387389645506116e-02
9.050000000000000000e+02 7.987914146699752749e-01 5.745924081822523927e-02
9.400000000000000000e+02 3.572059700388508507e-01 5.736502216293001138e-02
9.750000000000000000e+02 7.884474972042023744e-01 5.697642630400211877e-02
1.010000000000000000e+03 7.996958191425876938e-01 5.716265263811524250e-02
1.045000000000000000e+03 8.704980366404203584e-01 5.783479267293367004e-02
1.079000000000000000e+03 8.745763552218446257e-01 5.749863654693673082e-02
1.114000000000000000e+03 7.495832586350060778e-01 5.764599353154219868e-02
1.149000000000000000e+03 7.180777768753514589e-01 5.785137314428522720e-02
1.184000000000000000e+03 9.984972843377403207e-01 5.799508916100248879e-02
1.219000000000000000e+03 4.939792362589591201e-01 5.736678819897859938e-02
1.253000000000000000e+03 8.259724886457486814e-01 5.786685164312128232e-02
1.288000000000000000e+03 8.182892840272730783e-01 5.827700739917988926e-02
1.323000000000000000e+03 7.081309866978010570e-01 5.797307604970423911e-02
1.358000000000000000e+03 7.539348200748280382e-01 5.558617898409986408e-02
1.393000000000000000e+03 8.682285216989128473e-01 5.044026335243520509e-02
1.428000000000000000e+03 9.327420138428627050e-01 4.988588415325341530e-02
1.462000000000000000e+03 9.385125074468737560e-01 4.967447973821918772e-02
1.497000000000000000e+03 9.775625215625516340e-01 4.959078056768135429e-02
1.532000000000000000e+03 5.480061152809141412e-01 4.963039250309747574e-02
1.567000000000000000e+03 5.995361768051554741e-01 4.963329106912890004e-02
1.602000000000000000e+03 9.043761118720196057e-01 4.969719069259395661e-02
1.637000000000000000e+03 9.830388668757461534e-01 5.028072802175403283e-02
1.671000000000000000e+03 5.468794429663963452e-01 4.915516787409951460e-02
1.706000000000000000e+03 8.056815242413901679e-01 4.934351864706403024e-02
1.753000000000000000e+03 7.927049738742560914e-01 4.993296172368873187e-02
1.788000000000000000e+03 9.098850899392211256e-01 4.976156638783132968e-02
1.822000000000000000e+03 6.804213516716741683e-01 4.951207810049651492e-02
1.857000000000000000e+03 9.195651375592376331e-01 4.974660373925688522e-02
1.892000000000000000e+03 7.884626843474258351e-01 4.979699597306536801e-02
1.927000000000000000e+03 1.007468299057132866e+00 4.980811538554691387e-02
1.962000000000000000e+03 8.893995799373680677e-01 4.977239653316142126e-02
1.997000000000000000e+03 9.871436796174026806e-01 4.988170050549182305e-02
2.031000000000000000e+03 6.870401136407546794e-01 4.984913855648970271e-02
2.066000000000000000e+03 8.118521666481480770e-01 4.984605400469871439e-02
2.101000000000000000e+03 8.297702668410548155e-01 4.980681610984562246e-02
2.136000000000000000e+03 5.897933274097545420e-01 5.008652363743544556e-02
2.170000000000000000e+03 7.630612484920473726e-01 5.033022477295850255e-02
2.205000000000000000e+03 8.551173907642811711e-01 5.064324912532280204e-02
2.240000000000000000e+03 1.109440219688746287e+00 5.094684885332713409e-02
2.275000000000000000e+03 7.237853824531473856e-01 5.033201707077843839e-02
2.310000000000000000e+03 7.980391367302586136e-01 5.061970046942293466e-02
2.344000000000000000e+03 9.996270235527559000e-01 5.029177813492740484e-02
2.379000000000000000e+03 9.405996430914751461e-01 5.043481077638894972e-02
2.414000000000000000e+03 7.854292911287997780e-01 5.063843555762569809e-02
2.449000000000000000e+03 1.134231490523734731e+00 5.072245485321175140e-02
2.483000000000000000e+03 9.917857142017557637e-01 5.023767724036571486e-02
2.518000000000000000e+03 8.517577567600526089e-01 5.092394261095832542e-02
2.553000000000000000e+03 1.092584533387753298e+00 5.077682294192800011e-02
2.588000000000000000e+03 8.194112332460226078e-01 5.039289432799974600e-02
2.623000000000000000e+03 8.955318035140453770e-01 5.024871922443429478e-02
2.657000000000000000e+03 8.634601155105477988e-01 5.079747382405873368e-02
2.692000000000000000e+03 1.329203891238279756e+00 5.112372140095572393e-02
2.727000000000000000e+03 1.090570451975929167e+00 5.089061306931563083e-02
2.762000000000000000e+03 7.575644211754830604e-01 5.069928540142019241e-02
2.796000000000000000e+03 7.810248816825909879e-01 5.097527725329628612e-02
2.831000000000000000e+03 8.893079304426980691e-01 5.065225015126909036e-02
2.866000000000000000e+03 7.546783107317255324e-01 5.031864892676739254e-02
2.901000000000000000e+03 9.514604434728058946e-01 5.095995631025521111e-02
2.936000000000000000e+03 7.970212976859712972e-01 5.104776029604642801e-02
2.970000000000000000e+03 1.509806167218878725e+00 5.162996624631265713e-02
3.005000000000000000e+03 8.141926734486112371e-01 5.125065819863902639e-02
3.040000000000000000e+03 8.155612446798278237e-01 5.121318081959469470e-02
3.075000000000000000e+03 8.146282715324587587e-01 5.123871129581336614e-02
3.110000000000000000e+03 9.981653932447367428e-01 5.111084055558123840e-02
3.144000000000000000e+03 8.013453347630330459e-01 5.098843926154624645e-02
3.179000000000000000e+03 8.968376031226711342e-01 4.988903728106551527e-02
3.214000000000000000e+03 1.270498188026228270e+00 5.017053592169892773e-02
3.249000000000000000e+03 1.234251934853144883e+00 5.002826313475598752e-02
3.284000000000000000e+03 1.056335214792609500e+00 5.053681071086719989e-02
3.318000000000000000e+03 1.180535955874661758e+00 5.050178979606739088e-02
3.353000000000000000e+03 8.194022053271310391e-01 5.041443626845103221e-02
3.388000000000000000e+03 1.073115600617143839e+00 5.096085654727974812e-02
3.423000000000000000e+03 1.132741882809712441e+00 5.089667862350399918e-02
3.458000000000000000e+03 1.075047594794964034e+00 5.124844313393898260e-02
3.501000000000000000e+03 1.061592432006962961e+00 5.123486044101473874e-02
3.536000000000000000e+03 1.053220759231288328e+00 5.158802006585303662e-02
3.571000000000000000e+03 1.191908328741318135e+00 5.126043192106074370e-02
3.606000000000000000e+03 1.239236151560947352e+00 5.172502314348245700e-02
3.640000000000000000e+03 1.244271774781768869e+00 5.169905287384260473e-02
3.675000000000000000e+03 1.158075764901990823e+00 5.195267679787316656e-02
3.710000000000000000e+03 1.425091573277194712e+00 5.210019140640838320e-02
3.745000000000000000e+03 8.853783794723182332e-01 5.174055425931538277e-02
3.780000000000000000e+03 1.089471521167932666e+00 5.186208406594128295e-02
3.814000000000000000e+03 1.261774413092767499e+00 5.235011681026936758e-02
3.849000000000000000e+03 8.941564877617379503e-01 5.198843974981877392e-02
3.884000000000000000e+03 9.761774983130535599e-01 5.214376911896813349e-02
3.919000000000000000e+03 8.806589909118798243e-01 5.179078783641787032e-02
3.953000000000000000e+03 1.044940240058591652e+00 5.233546111855431199e-02
3.988000000000000000e+03 1.152074056254668522e+00 5.207327894716980154e-02
4.023000000000000000e+03 7.890728282609965616e-01 5.227784124874692434e-02
4.058000000000000000e+03 1.084216524068502219e+00 5.318239084115858328e-02
4.093000000000000000e+03 1.142366966081689084e+00 5.287525192374039479e-02
4.128000000000000000e+03 1.035594288804436269e+00 5.284920919170526393e-02
4.162000000000000000e+03 1.000372976447244211e+00 5.249066611520546849e-02
4.197000000000000000e+03 1.023532220093015033e+00 5.303862149604979259e-02
4.232000000000000000e+03 1.085447222095056619e+00 5.294786586929647876e-02
4.267000000000000000e+03 9.938985419683927791e-01 5.326024081293530971e-02
4.302000000000000000e+03 1.135843239631880053e+00 5.323969700924457982e-02
4.337000000000000000e+03 1.499489720076784049e+00 5.366673235575587786e-02
4.371000000000000000e+03 1.143143773236390937e+00 5.341110622629095112e-02
4.406000000000000000e+03 1.113252066342461433e+00 5.363242290679855195e-02
4.441000000000000000e+03 1.102426000104113069e+00 5.362005951414493959e-02
4.476000000000000000e+03 1.269274817110785492e+00 5.386967972132943039e-02
4.510000000000000000e+03 1.060522087622655096e+00 5.388102957364129114e-02
4.545000000000000000e+03 1.113049303659412681e+00 5.373251310432424627e-02
4.580000000000000000e+03 1.221275342001214348e+00 5.374318695395086110e-02
4.615000000000000000e+03 1.249641256061282624e+00 5.417186004782476721e-02
4.649000000000000000e+03 1.365223452016527173e+00 5.426431880646778727e-02
4.684000000000000000e+03 1.267971917319745012e+00 5.438284781476632884e-02
4.719000000000000000e+03 1.433529900273963653e+00 5.502908065115696967e-02
4.754000000000000000e+03 1.427260860854011160e+00 5.518823337947250524e-02
4.789000000000000000e+03 1.158053761146930816e+00 5.454582580600583069e-02
4.823000000000000000e+03 1.484196193304613498e+00 5.481823085382318828e-02
4.858000000000000000e+03 1.275317915983843031e+00 5.533608987889820918e-02
4.893000000000000000e+03 1.124271448416150010e+00 5.507340679672521888e-02
4.928000000000000000e+03 1.785804541638028375e+00 5.520039986425705897e-02
4.963000000000000000e+03 9.446063981773239471e-01 5.524029296215551138e-02
4.997000000000000000e+03 1.184478423870928054e+00 5.492919100710692837e-02
5.032000000000000000e+03 1.218598227966626091e+00 5.490288591554497166e-02
5.067000000000000000e+03 1.289156267047634863e+00 5.557170231404338911e-02
5.102000000000000000e+03 1.190494417783590553e+00 5.556186883819622113e-02
5.137000000000000000e+03 1.297893383258498012e+00 5.612886238551879903e-02
5.171000000000000000e+03 1.145011367461469476e+00 5.567679901484116206e-02
5.206000000000000000e+03 1.332326755968773258e+00 5.586375648992037563e-02
5.248000000000000000e+03 9.835975516351109782e-01 5.609028002902311655e-02
5.283000000000000000e+03 1.221796674291136142e+00 5.630098779757139460e-02
5.318000000000000000e+03 1.345632077005323390e+00 5.653364350965911500e-02
5.353000000000000000e+03 1.380680203655612059e+00 5.664922733500287605e-02
5.387000000000000000e+03 1.079646074708309644e+00 5.603767547969822072e-02
5.422000000000000000e+03 1.244011093773152554e+00 5.687543368308027592e-02
5.457000000000000000e+03 8.764215672694468662e-01 5.617550670835371601e-02
5.492000000000000000e+03 1.426651445924883577e+00 5.679443628934802840e-02
5.527000000000000000e+03 1.239204980371084286e+00 5.716748126284153242e-02
5.561000000000000000e+03 1.025535887330068618e+00 5.631693771729442272e-02
5.596000000000000000e+03 1.084202645040233781e+00 5.684411207567463542e-02
5.631000000000000000e+03 1.234444161051372113e+00 5.733055167992470724e-02
5.666000000000000000e+03 1.251028942657404386e+00 5.680090637040067364e-02
5.701000000000000000e+03 1.192300412418096034e+00 5.783919074755089484e-02
5.735000000000000000e+03 1.348501260438218941e+00 5.720845112108834118e-02
5.770000000000000000e+03 1.101880867932141239e+00 5.670058753279266089e-02
5.805000000000000000e+03 1.081024399815527337e+00 5.795150336640830097e-02
5.840000000000000000e+03 1.299453784356550790e+00 5.785454800173989165e-02
5.875000000000000000e+03 8.428429334907613368e-01 5.708703968343064455e-02
5.909000000000000000e+03 1.291935197291300907e+00 5.781720717702643064e-02
5.944000000000000000e+03 1.337353973418308861e+00 5.823062893472382567e-02
5.979000000000000000e+03 1.673843719525064389e+00 5.899255759554884043e-02
6.014000000000000000e+03 1.114486021887733269e+00 5.830433249747043328e-02
6.049000000000000000e+03 1.250574108416436570e+00 5.864175415792799440e-02
6.084000000000000000e+03 1.329269867681245554e+00 5.834743215814903322e-02
6.118000000000000000e+03 1.774368604871154442e+00 5.934302723240898053e-02
6.153000000000000000e+03 1.385542327318443512e+00 5.927356628394989113e-02
6.188000000000000000e+03 1.181871460264792395e+00 5.897997491011273963e-02
6.223000000000000000e+03 1.222100554643573478e+00 5.918737612461422853e-02
6.258000000000000000e+03 1.414762480161874780e+00 5.968278615781887758e-02
6.293000000000000000e+03 1.482588116626510022e+00 6.016630966137928582e-02
6.328000000000000000e+03 1.349566013696577027e+00 5.985529942504625583e-02
6.363000000000000000e+03 1.350721252808953388e+00 5.977975378692029079e-02
6.398000000000000000e+03 1.165982226614344697e+00 5.963307100119849546e-02
6.432000000000000000e+03 1.361618515795750328e+00 6.013844975001542831e-02
6.467000000000000000e+03 1.225228138250467946e+00 5.976598660881150132e-02
6.502000000000000000e+03 1.394923739950360453e+00 5.961095759536600563e-02
6.537000000000000000e+03 1.371095389484236593e+00 6.041930172562297308e-02
6.571000000000000000e+03 8.520941722394358431e-01 6.040605074324849333e-02
6.606000000000000000e+03 1.067256172503894707e+00 5.983366654013653335e-02
6.641000000000000000e+03 1.185911681086664338e+00 6.064298537772393194e-02
6.676000000000000000e+03 1.162322723110528200e+00 6.030739186713512251e-02
6.710000000000000000e+03 1.191147861192011659e+00 6.029229741484091326e-02
6.745000000000000000e+03 1.245022495605078605e+00 6.059610798043226637e-02
6.780000000000000000e+03 9.422674433637930891e-01 6.035973742574714945e-02
6.815000000000000000e+03 1.235436270096022637e+00 6.058520153943425940e-02
6.850000000000000000e+03 9.838898186147568836e-01 6.018284473518897143e-02
6.884000000000000000e+03 8.971268228394463362e-01 6.067490115812617518e-02
6.919000000000000000e+03 1.361912716341025842e+00 6.087656498956216244e-02
6.954000000000000000e+03 1.202187785819070820e+00 6.126893648091986250e-02
