0.000000000000000000e+00 1.002926161960037810e+00 1.290493247468311178e-01
3.500000000000000000e+01 8.810119213421081508e-01 1.296881100977715917e-01
6.900000000000000000e+01 9.967703680719141035e-01 1.311365348037611955e-01
1.040000000000000000e+02 9.686426280082385265e-01 1.320653452460115729e-01
1.390000000000000000e+02 9.558064891412237918e-01 1.308944312268386923e-01
1.740000000000000000e+02 1.068294267913334483e+00 1.316759521752199902e-01
2.090000000000000000e+02 1.092959568692090100e+00 1.302514656438990004e-01
2.440000000000000000e+02 1.099925481895223545e+00 1.300237546983402659e-01
2.790000000000000000e+02 8.269114240714722230e-01 1.309670509688928286e-01
3.130000000000000000e+02 9.209283976076508837e-01 1.312260875690449413e-01
3.480000000000000000e+02 1.251774555063588368e+00 1.328530587309770805e-01
3.830000000000000000e+02 9.927749242621000114e-01 1.340490975209447100e-01
4.180000000000000000e+02 9.479167909742080012e-01 1.327707145818058376e-01
4.530000000000000000e+02 1.011599421834462609e+00 1.347541985176595736e-01
4.870000000000000000e+02 1.054370825395276823e+00 1.333346164415352975e-01
5.220000000000000000e+02 1.201431958562971580e+00 1.345072305387870759e-01
5.570000000000000000e+02 9.927935210340581573e-01 1.348916296713347784e-01
5.920000000000000000e+02 1.061393499612021563e+00 1.335796948854163779e-01
6.260000000000000000e+02 1.160932072833942064e+00 1.341323296664336806e-01
6.610000000000000000e+02 9.541677702393930316e-01 1.326363419178220038e-01
6.960000000000000000e+02 1.025165772393428654e+00 1.337551803528850836e-01
7.310000000000000000e+02 1.176043777458082973e+00 1.338235211975023209e-01
7.660000000000000000e+02 1.025032830233786774e+00 1.334850458407501883e-01
8.000000000000000000e+02 8.498480873073723796e-01 1.327304650419993126e-01
8.350000000000000000e+02 1.349479389829276288e+00 1.343871911658973406e-01
8.700000000000000000e+02 1.217932715693270218e+00 1.351150884820694065e-01
9.050000000000000000e+02 1.009151705495141549e+00 1.331893491253298145e-01
9.390000000000000000e+02 9.743946668595565574e-01 1.339025841498581171e-01
9.740000000000000000e+02 8.808292232506558239e-01 1.353648585891106815e-01
1.009000000000000000e+03 1.223166086871803282e+00 1.370160571419905271e-01
1.044000000000000000e+03 1.166476386594313297e+00 1.372630028000547675e-01
1.078000000000000000e+03 1.257072515218276232e+00 1.356296786866556803e-01
1.113000000000000000e+03 1.354605482063468536e+00 1.366647356706184036e-01
1.148000000000000000e+03 8.594325936209713523e-01 1.361641547362379412e-01
1.183000000000000000e+03 1.166618431383712684e+00 1.365046967604819639e-01
1.218000000000000000e+03 9.120021736457181172e-01 1.369274312990834686e-01
1.253000000000000000e+03 1.025617479284591349e+00 1.381620392469419811e-01
1.287000000000000000e+03 1.119632063125251431e+00 1.368272126681550349e-01
1.322000000000000000e+03 1.289643239864727065e+00 1.378228101132084882e-01
1.357000000000000000e+03 1.357139643793034534e+00 1.385091744971875538e-01
1.392000000000000000e+03 1.032696298085913789e+00 1.375058987996489179e-01
1.427000000000000000e+03 1.116918085727745646e+00 1.364856819538327326e-01
1.461000000000000000e+03 7.036030965706741025e-01 1.384014001538620142e-01
1.496000000000000000e+03 1.049367409262037754e+00 1.383117505830059879e-01
1.531000000000000000e+03 9.970738380399621903e-01 1.389280900079488124e-01
1.566000000000000000e+03 1.046411227248088771e+00 1.390113401175477326e-01
1.600000000000000000e+03 1.473014147929442519e+00 1.398916450961692204e-01
1.635000000000000000e+03 1.102229807878907231e+00 1.380813316550303371e-01
1.670000000000000000e+03 1.397309627181003489e+00 1.404068262529208355e-01
1.705000000000000000e+03 1.176145847019102186e+00 1.410506143083857800e-01
1.760000000000000000e+03 1.312266637996216900e+00 1.418447955175848874e-01
1.795000000000000000e+03 1.159619034776337543e+00 1.409170155708554528e-01
1.830000000000000000e+03 1.114374045325077667e+00 1.410462658034913885e-01
1.865000000000000000e+03 1.240194369394199025e+00 1.406400561843712260e-01
1.900000000000000000e+03 1.197573134819311713e+00 1.398418258157212157e-01
1.934000000000000000e+03 7.826478152850869785e-01 1.423319669896880302e-01
1.969000000000000000e+03 1.328158752854808444e+00 1.435637698101034088e-01
2.004000000000000000e+03 1.045509896917682591e+00 1.432127060587250200e-01
2.039000000000000000e+03 1.185630251839659755e+00 1.437531282558275614e-01
2.074000000000000000e+03 1.014534573689558794e+00 1.436357847257076492e-01
2.108000000000000000e+03 1.355299396837209347e+00 1.444174914485325811e-01
2.143000000000000000e+03 1.053630863338676615e+00 1.419868644451529605e-01
2.178000000000000000e+03 1.115046080360388325e+00 1.415153397197231600e-01
2.213000000000000000e+03 1.156050778366192411e+00 1.427801462350198614e-01
2.248000000000000000e+03 1.276144376337732256e+00 1.424893488879853676e-01
2.282000000000000000e+03 1.017740558782439741e+00 1.423049663292953182e-01
2.317000000000000000e+03 1.223712475917081433e+00 1.424003424227878178e-01
2.352000000000000000e+03 8.799629137860536243e-01 1.423667411810228822e-01
2.387000000000000000e+03 9.943081570546760117e-01 1.438772237092773576e-01
2.422000000000000000e+03 9.942146788775024779e-01 1.438315978440565801e-01
2.456000000000000000e+03 1.254988418471387979e+00 1.426605947333496605e-01
2.491000000000000000e+03 1.072988671865648724e+00 1.421146166777535191e-01
2.526000000000000000e+03 8.105649118022367761e-01 1.438002158692452959e-01
2.561000000000000000e+03 8.017639718916127478e-01 1.441750273120517845e-01
2.596000000000000000e+03 1.019420565914776811e+00 1.434545865279614196e-01
2.631000000000000000e+03 1.493768303583571821e+00 1.434231764924278341e-01
2.665000000000000000e+03 9.377742500673806880e-01 1.427406359347184461e-01
2.700000000000000000e+03 1.101693251007493712e+00 1.430394026513665817e-01
2.735000000000000000e+03 1.122270041691125542e+00 1.440991201736672722e-01
2.770000000000000000e+03 1.284450801292775113e+00 1.422613543015467108e-01
2.805000000000000000e+03 1.235415642167054129e+00 1.437548714060252752e-01
2.839000000000000000e+03 1.151906627320260723e+00 1.436097737145035080e-01
2.874000000000000000e+03 1.060774241320759481e+00 1.446911846436929605e-01
2.909000000000000000e+03 1.026606089219436191e+00 1.456908308151043940e-01
2.944000000000000000e+03 1.187237677171253836e+00 1.453187193656005627e-01
2.979000000000000000e+03 1.332447359793891950e+00 1.457354890038407014e-01
3.013000000000000000e+03 1.220627498795511467e+00 1.466519229212731312e-01
3.048000000000000000e+03 1.143547251701066747e+00 1.455428349031080149e-01
3.083000000000000000e+03 1.113226027760889192e+00 1.476052785809858214e-01
3.118000000000000000e+03 9.552183198777659534e-01 1.473301201190345688e-01
3.152000000000000000e+03 1.233829864274340160e+00 1.469738834425911578e-01
3.187000000000000000e+03 1.208472556528674691e+00 1.479621646355739895e-01
3.222000000000000000e+03 1.105082913174583847e+00 1.490934767985493681e-01
3.257000000000000000e+03 1.197788608086752804e+00 1.485274149873582472e-01
3.292000000000000000e+03 1.037391723734560234e+00 1.479595233275962096e-01
3.327000000000000000e+03 1.390001427411363677e+00 1.482539501029149775e-01
3.361000000000000000e+03 1.176601887610649655e+00 1.499088690227660947e-01
3.396000000000000000e+03 8.211352972258949556e-01 1.489155480929001407e-01
3.431000000000000000e+03 9.310409442967051419e-01 1.493471605312299555e-01
3.466000000000000000e+03 1.147149658891658319e+00 1.480151445639117103e-01
3.511000000000000000e+03 5.834433856461178625e-01 1.507163677058692419e-01
3.546000000000000000e+03 7.138546293460741321e-01 1.514470001459054527e-01
3.581000000000000000e+03 1.354538064557238686e+00 1.526851256976543836e-01
3.615000000000000000e+03 5.647146962353992716e-01 1.505816187613534529e-01
3.650000000000000000e+03 1.111342751622907299e+00 1.521531434229190238e-01
3.685000000000000000e+03 1.050299659288095544e+00 1.514586194137527153e-01
3.720000000000000000e+03 8.984463738649528519e-01 1.507625741626386628e-01
3.754000000000000000e+03 7.699788154135104312e-01 1.524396779181814154e-01
3.789000000000000000e+03 1.121051249402335470e+00 1.528663437547529147e-01
3.824000000000000000e+03 7.140845326760888456e-01 1.594071779688450430e-01
3.859000000000000000e+03 1.168260311989963496e+00 1.653163156199909667e-01
3.894000000000000000e+03 7.900204657779006379e-01 1.527853367512266580e-01
3.928000000000000000e+03 7.058950871018567774e-01 1.525035796150662482e-01
3.963000000000000000e+03 1.419857748495964911e+00 1.559060295512095795e-01
3.998000000000000000e+03 1.081740925004321507e+00 1.495642665524390125e-01
4.033000000000000000e+03 1.272695977788967703e+00 1.545527182745784212e-01
4.068000000000000000e+03 1.080049069438522302e+00 1.518211388469128120e-01
4.102000000000000000e+03 1.010374613721215953e+00 1.529893493626053591e-01
4.137000000000000000e+03 9.086266230135499056e-01 1.513944114690662646e-01
4.172000000000000000e+03 1.224568957370808509e+00 1.496648758684113456e-01
4.207000000000000000e+03 9.278283717848473389e-01 1.518740159949790169e-01
4.242000000000000000e+03 8.616555717527165648e-01 1.499301925780079370e-01
4.276000000000000000e+03 1.156203451304626872e+00 1.538477068014919014e-01
4.311000000000000000e+03 1.046023903543228828e+00 1.530216719121807734e-01
4.346000000000000000e+03 1.121921077296747615e+00 1.543499700991951273e-01
4.381000000000000000e+03 1.022307691849231759e+00 1.545431428358970127e-01
4.416000000000000000e+03 9.789880710451982493e-01 1.539246927344833649e-01
4.450000000000000000e+03 1.309468688612822396e+00 1.576857155534273913e-01
4.485000000000000000e+03 1.218294493928006261e+00 1.567522772316639890e-01
4.520000000000000000e+03 1.042235533726498131e+00 1.559330555468553259e-01
4.555000000000000000e+03 7.137140183333534615e-01 1.558047169267650078e-01
4.590000000000000000e+03 9.970543271078463610e-01 1.538197767493462986e-01
4.624000000000000000e+03 8.040125164365495847e-01 1.548403213768700659e-01
4.659000000000000000e+03 1.073801066997907672e+00 1.542755396300493076e-01
4.694000000000000000e+03 8.287035534889181099e-01 1.558032694330151735e-01
4.729000000000000000e+03 1.167009312577575120e+00 1.570596246790555706e-01
4.764000000000000000e+03 8.906493393405436887e-01 1.578386721247352353e-01
4.798000000000000000e+03 1.011386381203037255e+00 1.583051547095765677e-01
4.833000000000000000e+03 6.955471653199966076e-01 1.573573286543753225e-01
4.868000000000000000e+03 8.388980641393037896e-01 1.574678755558097665e-01
4.903000000000000000e+03 8.688983883691684396e-01 1.566181076484352008e-01
4.938000000000000000e+03 7.514991962861118369e-01 1.564253229268016965e-01
4.972000000000000000e+03 8.669182745765720011e-01 1.550712580297126109e-01
5.007000000000000000e+03 1.051083561703175073e+00 1.541113228441637895e-01
5.042000000000000000e+03 1.465652702712878508e+00 1.582196782166003790e-01
5.077000000000000000e+03 1.145037295690590540e+00 1.615500643499884204e-01
5.111000000000000000e+03 8.808832996299738038e-01 1.582341103231278689e-01
5.146000000000000000e+03 9.271436503640658744e-01 1.566170586712579971e-01
5.181000000000000000e+03 8.212828970519459038e-01 1.604694329503579819e-01
5.216000000000000000e+03 1.004623422059515825e+00 1.562798169587018005e-01
5.260000000000000000e+03 5.175600806094163842e-01 1.581996977934571613e-01
5.295000000000000000e+03 8.460250279596931433e-01 1.581318283900921551e-01
5.330000000000000000e+03 7.818797980031183537e-01 1.567736214519419857e-01
5.365000000000000000e+03 6.707243652953465141e-01 1.607839611843898120e-01
5.400000000000000000e+03 1.133592036050244278e+00 1.557319850108590253e-01
5.434000000000000000e+03 1.131129946110766893e+00 1.556544725446184774e-01
5.469000000000000000e+03 7.251840467321908346e-01 1.556497647340179535e-01
5.504000000000000000e+03 8.813576792798016868e-01 1.551632558175119470e-01
5.539000000000000000e+03 6.151056386412145915e-01 1.579426608836453083e-01
5.573000000000000000e+03 1.122149625378816573e+00 1.552364738505498942e-01
5.608000000000000000e+03 1.012586149332700414e+00 1.569744134334953578e-01
5.643000000000000000e+03 8.048326229000148935e-01 1.566209746491249721e-01
5.678000000000000000e+03 8.981281400201567289e-01 1.570814526327474758e-01
5.713000000000000000e+03 8.512827678638972273e-01 1.580471878109458717e-01
5.747000000000000000e+03 6.832387135767993280e-01 1.578202646224625971e-01
5.782000000000000000e+03 1.026941096248177976e+00 1.595095886167142429e-01
5.817000000000000000e+03 7.601551439141087663e-01 1.620042852817526191e-01
5.852000000000000000e+03 8.527742203902070051e-01 1.639658024730911989e-01
5.887000000000000000e+03 6.704432650497175183e-01 1.634673776575543691e-01
5.922000000000000000e+03 1.171390176730197963e+00 1.628288578031738820e-01
5.956000000000000000e+03 5.291638163658551886e-01 1.646867796975383658e-01
5.991000000000000000e+03 5.646078051419355370e-01 1.642440508843434344e-01
6.026000000000000000e+03 4.705796471118983693e-01 1.660985036822749950e-01
6.061000000000000000e+03 8.800503413542762887e-01 1.683575554473037972e-01
6.096000000000000000e+03 7.118969829350692002e-01 1.717311096701242268e-01
6.130000000000000000e+03 9.316746233997227344e-01 1.704392663073246439e-01
6.165000000000000000e+03 8.193002142486844885e-01 1.724339662733295475e-01
6.200000000000000000e+03 7.173386505511547551e-01 1.731991030804850562e-01
6.235000000000000000e+03 1.023909248343569889e+00 1.755395331878749909e-01
6.269000000000000000e+03 6.057072429757828225e-01 1.748903691443797759e-01
6.304000000000000000e+03 4.608856192212480996e-01 1.746377661128799552e-01
6.339000000000000000e+03 2.905449519791911128e-01 1.779077430802059323e-01
6.374000000000000000e+03 3.479946687020212814e-01 1.748078267204251912e-01
6.409000000000000000e+03 4.231044400400935657e-01 1.794300116984106630e-01
6.443000000000000000e+03 4.580755400251890763e-01 1.811047485806553670e-01
6.478000000000000000e+03 6.995874729979194573e-01 1.787750869039422819e-01
6.513000000000000000e+03 4.236710586011255275e-01 1.797700548676288979e-01
6.548000000000000000e+03 5.563533642145074287e-01 1.791256068403054014e-01
6.583000000000000000e+03 4.699143537893573641e-01 1.829471569406427578e-01
6.617000000000000000e+03 4.181983600193862616e-01 1.828211883225990819e-01
6.652000000000000000e+03 4.639377763814928612e-01 1.816259125641171701e-01
6.687000000000000000e+03 4.595633784198528970e-01 1.819758032664296754e-01
6.722000000000000000e+03 2.749794166632328341e-01 1.836490724517204354e-01
6.757000000000000000e+03 3.233646811987854197e-01 1.811785745756353538e-01
6.792000000000000000e+03 8.088490567136368270e-01 1.803504719136679868e-01
6.826000000000000000e+03 6.262602587800131237e-01 1.817465351438556365e-01
6.861000000000000000e+03 3.925996759814616155e-01 1.819919786813829765e-01
6.896000000000000000e+03 6.634861301983288051e-01 1.812302669180358705e-01
6.931000000000000000e+03 3.460404503269157717e-01 1.834992989220518567e-01
6.965000000000000000e+03 4.586254609031888974e-01 1.832336654107040441e-01
7.008000000000000000e+03 4.970426036277594828e-01 1.876541993335609504e-01
7.043000000000000000e+03 2.366097747511296256e-01 1.830028425859639984e-01
7.077000000000000000e+03 3.874171509528634427e-01 1.875973343823640616e-01
7.112000000000000000e+03 5.451829122148942330e-01 1.860304123330781823e-01
7.147000000000000000e+03 7.090837456957505003e-01 1.864361048289862044e-01
7.182000000000000000e+03 4.462766956328907964e-01 1.890045040982805125e-01
7.217000000000000000e+03 1.591214084537533879e-01 1.912486081881227262e-01
7.251000000000000000e+03 6.161816447049609513e-01 1.861289425705245082e-01
7.286000000000000000e+03 6.936811799881574814e-01 1.873110538219857346e-01
7.321000000000000000e+03 8.782887343509377942e-01 1.858318636236213628e-01
7.356000000000000000e+03 6.370539096541609769e-01 1.887921023913433916e-01
7.390000000000000000e+03 7.974461564692745252e-01 1.872216357111161356e-01
7.425000000000000000e+03 4.748214677101261771e-01 1.884934843687603445e-01
7.460000000000000000e+03 6.361427947749854761e-01 1.868011472240827253e-01
7.495000000000000000e+03 4.092332502908304637e-01 1.882213216599449845e-01
7.530000000000000000e+03 4.458132369051951427e-01 1.899545906622961133e-01
7.564000000000000000e+03 9.415640537313250125e-01 1.896215109489300943e-01
7.599000000000000000e+03 5.705215158023381194e-01 1.923800192083989780e-01
7.634000000000000000e+03 9.069043906896275820e-01 1.894427964042629531e-01
7.669000000000000000e+03 9.723086317949145574e-01 1.906235766224930184e-01
7.704000000000000000e+03 8.953453028557505355e-01 1.878208924900081067e-01
7.739000000000000000e+03 6.378869387755550235e-01 1.874151200005540197e-01
7.773000000000000000e+03 1.004866922335135637e+00 1.886245979143519047e-01
7.808000000000000000e+03 8.941010455847402394e-01 1.870827168892863213e-01
7.843000000000000000e+03 5.332226579353522844e-01 1.880164702331461879e-01
7.878000000000000000e+03 9.449668064985152771e-01 1.845055529298506858e-01
7.912000000000000000e+03 6.041537095337058405e-01 1.873919594142237910e-01
7.947000000000000000e+03 6.569332253477442318e-01 1.852966949606160985e-01
7.982000000000000000e+03 7.439086529082414856e-01 1.870736033278505017e-01
8.017000000000000000e+03 7.498574139447480302e-01 1.863549001214803158e-01
8.051000000000000000e+03 8.471748831576449978e-01 1.872459294412050779e-01
8.086000000000000000e+03 6.494326654693365342e-01 1.890344814664305095e-01
8.121000000000000000e+03 1.148889857984585872e+00 1.955033095566124646e-01
8.156000000000000000e+03 4.779495399641722764e-01 1.992065559607963943e-01
8.191000000000000000e+03 1.112184796448079993e+00 1.992932660828683755e-01
8.226000000000000000e+03 1.076328504594643798e+00 1.950592154585570337e-01
8.260000000000000000e+03 1.038756400334292174e+00 1.955565735290248908e-01
8.295000000000000000e+03 1.022122715704916418e+00 1.970331160010831695e-01
8.330000000000000000e+03 1.230670319572440663e+00 1.946242810195683570e-01
8.365000000000000000e+03 6.085371054831745230e-01 1.964145024623888125e-01
8.400000000000000000e+03 9.454012611429486457e-01 1.977539765553162909e-01
8.435000000000000000e+03 1.105093179679699222e+00 1.982219311649351390e-01
8.469000000000000000e+03 6.723978482433875525e-01 1.987803957486963813e-01
8.504000000000000000e+03 6.011810867629715505e-01 2.017689710575253648e-01
8.539000000000000000e+03 1.130991782614344077e+00 2.043246308595231819e-01
8.574000000000000000e+03 7.205596554301664236e-01 2.087637754211003616e-01
8.608000000000000000e+03 9.265229134061703231e-01 2.117384866629460349e-01
8.643000000000000000e+03 1.346169885168986058e+00 2.131370200825581096e-01
8.678000000000000000e+03 4.028672680354162261e-01 2.233101251441776403e-01
8.713000000000000000e+03 1.754660836595396844e+00 2.346496366867264760e-01
8.759000000000000000e+03 1.156244098748678173e+00 2.464734612402740832e-01
8.794000000000000000e+03 8.941448312589451719e-01 2.489486036069301911e-01
8.829000000000000000e+03 7.186365510137855406e-01 2.477012979801790638e-01
8.863000000000000000e+03 1.121594877297756865e+00 2.480009449075787353e-01
8.898000000000000000e+03 6.236729099693930634e-01 2.525165329221695232e-01
8.933000000000000000e+03 1.238504180477008942e+00 2.485364232019282027e-01
8.968000000000000000e+03 6.225221159434769502e-01 2.418146111430911072e-01
9.003000000000000000e+03 9.953737857865752048e-01 2.452365695954649427e-01
9.037000000000000000e+03 8.262069921987492682e-01 2.411202723115992708e-01
9.072000000000000000e+03 1.144469352498664882e+00 2.474603066195691925e-01
9.107000000000000000e+03 7.543189383687638472e-01 2.428017591407777842e-01
9.142000000000000000e+03 9.335983927903744872e-01 2.316906199726601889e-01
9.177000000000000000e+03 8.357783573004109456e-01 2.244302965050668508e-01
9.212000000000000000e+03 8.670732879855725939e-01 2.173831520778209125e-01
9.247000000000000000e+03 8.540449256889798280e-01 2.136389035355291399e-01
9.282000000000000000e+03 3.984608433927159798e-01 2.089583672416389093e-01
9.316000000000000000e+03 1.105756802308213604e+00 2.130550528142811928e-01
9.351000000000000000e+03 8.260909455096000498e-01 2.109682309324623084e-01
9.386000000000000000e+03 8.147856078954701653e-01 2.083620697661623389e-01
9.421000000000000000e+03 7.712443233966873590e-01 2.122182115570941663e-01
9.455000000000000000e+03 1.016958153844838231e+00 2.133296249802171529e-01
9.490000000000000000e+03 1.027129094076654425e+00 2.117664518215172931e-01
9.525000000000000000e+03 1.542201506642319142e+00 2.112769183960600539e-01
9.560000000000000000e+03 8.436833303497428549e-01 2.121769760075706002e-01
9.595000000000000000e+03 6.829295230952604490e-01 2.084432902170152146e-01
9.629000000000000000e+03 9.911395774910259915e-01 2.083445953599783185e-01
9.664000000000000000e+03 6.884489250513182723e-01 2.066624299047796209e-01
9.699000000000000000e+03 8.851787326803615130e-01 2.046711355104935681e-01
9.734000000000000000e+03 8.040170971879556649e-01 2.062330392791503209e-01
9.769000000000000000e+03 1.285024918375726743e+00 2.046339443302410410e-01
9.804000000000000000e+03 9.784839331844511490e-01 2.068305449999701950e-01
9.838000000000000000e+03 1.143242535395119663e+00 2.031562201218911345e-01
9.873000000000000000e+03 9.725691232651707541e-01 2.068363649575444274e-01
9.908000000000000000e+03 1.340403791118876198e+00 2.061251859482525206e-01
9.943000000000000000e+03 1.111167268011258535e+00 1.962214934032808500e-01
9.978000000000000000e+03 8.641932575955697526e-01 1.909103024523745307e-01
1.001200000000000000e+04 9.562816833599725452e-01 1.885885101909342831e-01
1.004700000000000000e+04 1.005264185224915341e+00 1.883990542960379266e-01
1.008200000000000000e+04 1.086368570868384786e+00 1.905820671220453955e-01
1.011700000000000000e+04 1.185758253143047281e+00 1.886930417196149568e-01
1.015100000000000000e+04 1.019324982042285832e+00 1.906986798223005708e-01
1.018600000000000000e+04 8.991291941756804906e-01 1.909787591145750141e-01
1.022100000000000000e+04 9.196360403793154559e-01 1.909958054740280575e-01
1.025600000000000000e+04 6.673993220876865973e-01 1.919096831996907060e-01
1.029100000000000000e+04 9.886938174446638916e-01 1.887729783873945688e-01
1.032500000000000000e+04 1.248452115274025109e+00 1.894632798618300362e-01
1.036000000000000000e+04 1.348563275138671358e+00 1.866073635314166868e-01
1.039500000000000000e+04 1.129909690568704494e+00 1.884607446472166825e-01
1.043000000000000000e+04 7.505941278278008832e-01 1.863972877772603343e-01
1.046500000000000000e+04 1.215136172395335556e+00 1.896841204816899773e-01
1.050800000000000000e+04 1.350008320101114823e+00 1.896789958369465290e-01
1.054300000000000000e+04 8.217582034149655268e-01 1.918679094812784647e-01
1.057800000000000000e+04 1.496050742785391074e+00 1.897997904689873172e-01
1.061200000000000000e+04 6.672715799285630078e-01 1.900151953776969826e-01
1.064700000000000000e+04 1.242068079436818184e+00 1.894016223095870977e-01
1.068200000000000000e+04 1.447431004644945451e+00 1.911247695931307666e-01
1.071700000000000000e+04 1.136989202183695591e+00 1.910612580022968132e-01
1.075100000000000000e+04 1.024515934483239743e+00 1.906356752900973117e-01
1.078600000000000000e+04 8.397711091059790744e-01 1.884218340797770841e-01
1.082100000000000000e+04 8.169217175958272126e-01 1.904493046736706330e-01
1.085600000000000000e+04 1.514435295805529158e+00 1.911488737213012379e-01
1.089000000000000000e+04 1.644328792325824296e+00 1.928664431832730342e-01
1.092500000000000000e+04 1.554420867520700078e+00 1.935866806489610348e-01
1.096000000000000000e+04 1.171402012919225299e+00 1.893019891947085864e-01
1.099500000000000000e+04 1.540833540340802665e+00 1.948751094531276928e-01
1.103000000000000000e+04 1.414532731946868349e+00 1.930030324550906229e-01
1.106500000000000000e+04 1.278044414687244057e+00 1.907108730144250475e-01
1.109900000000000000e+04 1.409500710662499046e+00 1.945603197455219591e-01
1.113400000000000000e+04 1.295099999876577979e+00 1.937842879860190437e-01
1.116900000000000000e+04 6.901379498814009805e-01 1.949680282133554599e-01
1.120400000000000000e+04 6.107892352748638398e-01 1.950909794231772409e-01
1.123900000000000000e+04 8.673199783223585202e-01 1.961685099464755277e-01
1.127400000000000000e+04 1.582400100324967918e+00 1.972216961730639539e-01
1.130800000000000000e+04 8.961969139974554910e-01 1.960942845280954361e-01
1.134300000000000000e+04 1.410096568865358391e+00 1.928512252655529557e-01
1.137800000000000000e+04 1.069666732944264842e+00 1.975057688444581128e-01
1.141300000000000000e+04 1.214491467940161717e+00 2.001101873620016458e-01
1.144700000000000000e+04 1.107950352419272644e+00 1.984431010965397035e-01
1.148200000000000000e+04 1.595671940323240223e+00 1.984401745224629310e-01
1.151700000000000000e+04 1.113934387962702166e+00 1.966532516251092710e-01
1.155200000000000000e+04 1.305845087498951562e+00 1.971422510300823439e-01
1.158600000000000000e+04 8.152882210420414610e-01 1.982354026402218528e-01
1.162100000000000000e+04 1.081425186686103102e+00 1.991771228846949127e-01
1.165600000000000000e+04 1.414006332184746029e+00 1.965789835602392566e-01
1.169100000000000000e+04 1.011155583425126014e+00 1.942844165092545150e-01
1.172600000000000000e+04 7.356001564013656679e-01 1.969578265941495654e-01
1.176000000000000000e+04 1.457348591918558478e+00 1.955291133784593793e-01
1.179500000000000000e+04 1.449661799591231315e+00 2.001079182665275735e-01
1.183000000000000000e+04 1.280885515057712976e+00 2.019339814663146382e-01
1.186500000000000000e+04 1.291640066485060245e+00 1.994445175098253087e-01
1.189900000000000000e+04 1.329975685195254886e+00 2.038423990221780724e-01
1.193400000000000000e+04 1.424066659641692434e+00 2.029448328601123619e-01
1.196900000000000000e+04 1.349592566832299001e+00 2.060699858223621062e-01
1.200400000000000000e+04 1.156874271130965859e+00 2.049666630362871333e-01
1.203900000000000000e+04 1.293399022039269042e+00 2.054025286597724875e-01
1.207300000000000000e+04 1.219417619578506251e+00 2.057796612922864754e-01
1.210800000000000000e+04 1.300630714621943351e+00 1.000000000000000000e+09
1.214300000000000000e+04 1.300630714621943351e+00 2.100627207440123045e-01
1.217800000000000000e+04 8.943064303355416911e-01 2.079035656187958880e-01
1.221300000000000000e+04 1.513368113032625528e+00 2.069890616744931577e-01
