0.000000000000000000e+00 1.011118277831896117e+00 4.577055564710012271e-03
3.300000000000000000e+01 9.959570919242923814e-01 4.585339812115315009e-03
6.600000000000000000e+01 1.005024969651677313e+00 4.559893755151252920e-03
9.900000000000000000e+01 1.009393944205959404e+00 4.543667959645902171e-03
1.320000000000000000e+02 1.011255143601650142e+00 4.584296415477276572e-03
1.660000000000000000e+02 1.009303189437193549e+00 4.562830356025895755e-03
1.990000000000000000e+02 1.009968034419093996e+00 4.553261808047961295e-03
2.320000000000000000e+02 1.002910446721914095e+00 4.593303691759646930e-03
2.650000000000000000e+02 9.923807349294496705e-01 4.544773884948775065e-03
2.990000000000000000e+02 9.986748774657171479e-01 4.547041933901193288e-03
3.320000000000000000e+02 1.017381820885826071e+00 4.559150116287900845e-03
3.650000000000000000e+02 1.015688543129938504e+00 4.606166439591220275e-03
3.980000000000000000e+02 1.009211171459524881e+00 4.577891241748351103e-03
4.320000000000000000e+02 1.003172343576821168e+00 4.541881613656882470e-03
4.650000000000000000e+02 1.008045285116757839e+00 4.558029741138617391e-03
4.980000000000000000e+02 1.010011167840392465e+00 4.558833486133466797e-03
5.320000000000000000e+02 1.007929562449800365e+00 4.604508331138379949e-03
5.650000000000000000e+02 1.006517763538929966e+00 4.621866332239384090e-03
5.980000000000000000e+02 1.003979245855590507e+00 4.616884395940309971e-03
6.310000000000000000e+02 1.006983662068559271e+00 4.587097080483045625e-03
6.650000000000000000e+02 1.008961223751464686e+00 4.548007347943421215e-03
6.980000000000000000e+02 1.008268105499267264e+00 4.570534595982776380e-03
7.320000000000000000e+02 1.007016904007746794e+00 4.579032844753802740e-03
7.650000000000000000e+02 1.000213837600896216e+00 4.628342323180783049e-03
7.980000000000000000e+02 1.022122288152114811e+00 4.663405575998674779e-03
8.320000000000000000e+02 1.013785244505520655e+00 4.633853333273390933e-03
8.650000000000000000e+02 1.012686676450523571e+00 4.643235463331448626e-03
8.980000000000000000e+02 9.940426179707784193e-01 4.621666352032437891e-03
9.310000000000000000e+02 1.008874752779698847e+00 4.626363221208986548e-03
9.650000000000000000e+02 1.009480829942013269e+00 4.610014042370245285e-03
9.980000000000000000e+02 1.001838665585232269e+00 4.609652942022402465e-03
1.032000000000000000e+03 1.005226521347392765e+00 4.677222589920593254e-03
1.065000000000000000e+03 1.008779278571372506e+00 4.695756081540634203e-03
1.098000000000000000e+03 1.013666242157040154e+00 4.683760206465428441e-03
1.131000000000000000e+03 1.000123328508232490e+00 4.674885464578630058e-03
1.165000000000000000e+03 1.011649320240455285e+00 4.756892170371127340e-03
1.198000000000000000e+03 1.007086376299032082e+00 4.725473764516503056e-03
1.231000000000000000e+03 9.999680634836329851e-01 4.757028162955825000e-03
1.264000000000000000e+03 1.004040238307626343e+00 4.715030101354119804e-03
1.297000000000000000e+03 1.013065441970862235e+00 4.757627248466585364e-03
1.331000000000000000e+03 1.012039086059447701e+00 4.765801902117995821e-03
1.364000000000000000e+03 1.015265500980070623e+00 4.805725781200015541e-03
1.397000000000000000e+03 1.006794478004600757e+00 4.840776971357949564e-03
1.431000000000000000e+03 1.033472724234431039e+00 4.922625774278042640e-03
1.464000000000000000e+03 1.016911042811150301e+00 4.926952707350289520e-03
1.497000000000000000e+03 1.022138167083000093e+00 4.968932709927376123e-03
1.530000000000000000e+03 1.034125204592968306e+00 4.991012572601785831e-03
1.563000000000000000e+03 1.023369949601026008e+00 4.998300320754740268e-03
1.597000000000000000e+03 1.016604548818498488e+00 4.849526681261370938e-03
1.630000000000000000e+03 1.001336318233970735e+00 4.812839680748944374e-03
1.693000000000000000e+03 1.009138906733385355e+00 4.951756124894627492e-03
1.727000000000000000e+03 1.003818731516059382e+00 4.905527291175582581e-03
1.760000000000000000e+03 1.011019334914585954e+00 4.981254151698308492e-03
1.793000000000000000e+03 1.016547950023340530e+00 4.974712351257783334e-03
1.826000000000000000e+03 1.008216056373044900e+00 4.967893308024143653e-03
1.860000000000000000e+03 1.006739796418024468e+00 4.966078492041211233e-03
1.893000000000000000e+03 1.015080265178342822e+00 4.969460791709981624e-03
1.926000000000000000e+03 1.021160455421890711e+00 5.025703737392817234e-03
1.959000000000000000e+03 9.934611618537732003e-01 4.944868325517035035e-03
1.993000000000000000e+03 1.008516742275040068e+00 4.919215152336625305e-03
2.026000000000000000e+03 9.999097114187706081e-01 4.945911120631035426e-03
2.059000000000000000e+03 1.009750266423416809e+00 4.959478442404931936e-03
2.092000000000000000e+03 9.986664686681567815e-01 4.963516934247296127e-03
2.125000000000000000e+03 1.004120318467906614e+00 4.986526476542296749e-03
2.159000000000000000e+03 1.008695626187556815e+00 5.060430218874274050e-03
2.192000000000000000e+03 9.994623115991375650e-01 5.043341843141087993e-03
2.225000000000000000e+03 1.008015638744735210e+00 5.142222385029732168e-03
2.259000000000000000e+03 1.007904018223750642e+00 5.130147690519159913e-03
2.292000000000000000e+03 9.961748432483477078e-01 5.094318217912847079e-03
2.325000000000000000e+03 1.000081323409176992e+00 5.143107023881076864e-03
2.359000000000000000e+03 9.972784734999642353e-01 5.128190778360281962e-03
2.392000000000000000e+03 9.947879524808429519e-01 5.147384969521338720e-03
2.425000000000000000e+03 9.822941984196716936e-01 5.179342924689705856e-03
2.458000000000000000e+03 9.936455274184048392e-01 5.217859501306629927e-03
2.492000000000000000e+03 9.928965540900362985e-01 5.216495657388678896e-03
2.525000000000000000e+03 9.983759579454081212e-01 5.245814730273617305e-03
2.558000000000000000e+03 9.949793895780796316e-01 5.241152093026684236e-03
2.591000000000000000e+03 9.959787711978028701e-01 5.291833725293361955e-03
2.624000000000000000e+03 1.003313391901144547e+00 5.388291208005812141e-03
2.658000000000000000e+03 1.005229672118129969e+00 5.480551317055846160e-03
2.691000000000000000e+03 9.939843944743839144e-01 5.458474262978122403e-03
2.724000000000000000e+03 1.002802152295526383e+00 5.449864786458548035e-03
2.757000000000000000e+03 9.881542331526785850e-01 5.438521008358054680e-03
2.791000000000000000e+03 9.981643319612226728e-01 5.438212765474293754e-03
2.824000000000000000e+03 9.890814348177643378e-01 5.465590997822758652e-03
2.857000000000000000e+03 9.885178734108562848e-01 5.431790197393569081e-03
2.890000000000000000e+03 9.943725059556294266e-01 5.556415465355298011e-03
2.924000000000000000e+03 9.748561427922236566e-01 5.479810875061700941e-03
2.957000000000000000e+03 1.010662222933817800e+00 5.558020728888563543e-03
2.990000000000000000e+03 9.819883501909983936e-01 5.563247429379547006e-03
3.024000000000000000e+03 9.852800678868722795e-01 5.614107990248553420e-03
3.057000000000000000e+03 9.840763861813303093e-01 5.567795026289804050e-03
3.090000000000000000e+03 9.851243457142151438e-01 5.640230883194643705e-03
3.124000000000000000e+03 9.877836327660644011e-01 5.689333651368060595e-03
3.157000000000000000e+03 9.798547981681869912e-01 5.667063336479399860e-03
3.190000000000000000e+03 9.975918351927787198e-01 5.744476121866153549e-03
3.223000000000000000e+03 9.920614037546057196e-01 5.728642324254934470e-03
3.257000000000000000e+03 1.007721717417057627e+00 5.843341653890490525e-03
3.290000000000000000e+03 9.771267868098634235e-01 5.817018042884011635e-03
3.323000000000000000e+03 9.856775320381534478e-01 5.907669047350174937e-03
3.424000000000000000e+03 1.003042124613195973e+00 6.003708200929722474e-03
3.457000000000000000e+03 9.959009841509552929e-01 6.025959165073764556e-03
3.491000000000000000e+03 9.930673232576240350e-01 5.991427376442919062e-03
3.524000000000000000e+03 9.900544040762857545e-01 6.009419012227243742e-03
3.557000000000000000e+03 9.863374123706205587e-01 5.975584683587865063e-03
3.590000000000000000e+03 1.006827604852286839e+00 6.016057131899228520e-03
3.623000000000000000e+03 9.913863411465464459e-01 5.980222360973881310e-03
3.657000000000000000e+03 9.948319645573450165e-01 5.999333713825055411e-03
3.690000000000000000e+03 9.882491635483368064e-01 5.874713425436680833e-03
3.723000000000000000e+03 9.785615341521838317e-01 5.697105341011581871e-03
3.756000000000000000e+03 9.598236742268811961e-01 5.680391347930495959e-03
3.789000000000000000e+03 9.861262663857192079e-01 5.717812465602414330e-03
3.823000000000000000e+03 9.785221891389098703e-01 5.720225366275704000e-03
3.856000000000000000e+03 9.897743297037324695e-01 5.791708945367597151e-03
3.889000000000000000e+03 9.798897535143981097e-01 5.786455411207930798e-03
3.922000000000000000e+03 9.805835482918958679e-01 5.780719063896447296e-03
3.956000000000000000e+03 9.637278013280659028e-01 5.759868608942311959e-03
3.989000000000000000e+03 9.843799464978697511e-01 5.852746284851237900e-03
4.022000000000000000e+03 9.712884464778347438e-01 5.843523457593607744e-03
4.055000000000000000e+03 9.879089598375195846e-01 5.831409984908237504e-03
4.089000000000000000e+03 9.557379153816734085e-01 5.822042592267325824e-03
4.122000000000000000e+03 9.731260027466094309e-01 5.890179572318145727e-03
4.155000000000000000e+03 9.687568879122406829e-01 5.905138579714076970e-03
4.189000000000000000e+03 9.889642158514742043e-01 5.896591175898337200e-03
4.222000000000000000e+03 9.700773755204458171e-01 5.937931842414018342e-03
4.255000000000000000e+03 9.675805090982978474e-01 5.877924730557681707e-03
4.288000000000000000e+03 9.869746086445798650e-01 5.977195682157364701e-03
4.322000000000000000e+03 9.878892066023732266e-01 5.923313594259067665e-03
4.355000000000000000e+03 9.829546602655578891e-01 5.961998068325326770e-03
4.388000000000000000e+03 1.005575116129246327e+00 6.042803560193516811e-03
4.422000000000000000e+03 9.945625917965181806e-01 5.952311615889486172e-03
4.455000000000000000e+03 9.745301241801360703e-01 5.866863402754141608e-03
4.488000000000000000e+03 9.774922825755006928e-01 6.016031017756925947e-03
4.522000000000000000e+03 9.829098133780951319e-01 5.982439809427337642e-03
4.555000000000000000e+03 9.707428427307235319e-01 5.950820928806527244e-03
4.588000000000000000e+03 9.946237152798362846e-01 6.088289970027002500e-03
4.621000000000000000e+03 9.839071455815926459e-01 6.006080891927798558e-03
4.655000000000000000e+03 9.801460275277013023e-01 6.072002585467714195e-03
4.688000000000000000e+03 1.000109073372037249e+00 6.018224004503305684e-03
4.721000000000000000e+03 9.806572399189457112e-01 6.027227162771496387e-03
4.755000000000000000e+03 9.851228958595081853e-01 5.995967064127325462e-03
4.788000000000000000e+03 9.905596329255983434e-01 6.031334732002239379e-03
4.822000000000000000e+03 9.929152519948377664e-01 6.090387158640439384e-03
4.855000000000000000e+03 9.726322317989344324e-01 6.073320431635182565e-03
4.888000000000000000e+03 9.833808113269506546e-01 6.009618760739071121e-03
4.922000000000000000e+03 9.844212481697025563e-01 6.066168488155443406e-03
4.955000000000000000e+03 9.759860592641791399e-01 6.083930153926086701e-03
4.988000000000000000e+03 9.894978113791766949e-01 6.144075064927851867e-03
5.021000000000000000e+03 9.953148725110440020e-01 6.145739308691460304e-03
5.055000000000000000e+03 9.798492960743613311e-01 6.092246136344112162e-03
5.102000000000000000e+03 9.871206037592191729e-01 6.152306264605170855e-03
5.136000000000000000e+03 9.872162643503117341e-01 6.126073240102158750e-03
5.169000000000000000e+03 9.863345603836207731e-01 6.124059353637576093e-03
5.202000000000000000e+03 9.929461369774500445e-01 6.192581792525434121e-03
5.235000000000000000e+03 9.939704564441241841e-01 6.202877206183668099e-03
5.269000000000000000e+03 9.915702683568327069e-01 6.200404944456254161e-03
5.302000000000000000e+03 1.002552624809080584e+00 6.202963667180744385e-03
5.335000000000000000e+03 9.891971966117131254e-01 6.219713220127277495e-03
5.369000000000000000e+03 1.001813730566171845e+00 6.256014653451003223e-03
5.402000000000000000e+03 9.877591728587773456e-01 6.184462422862375269e-03
5.435000000000000000e+03 1.000078881414962373e+00 6.276256656927439552e-03
5.469000000000000000e+03 1.014220490329676982e+00 6.347472811554761597e-03
5.502000000000000000e+03 1.009901202211814342e+00 6.370334915563151401e-03
5.535000000000000000e+03 1.016814833910062221e+00 6.350010776757272768e-03
5.568000000000000000e+03 1.009285762447304391e+00 6.311859739391767823e-03
5.602000000000000000e+03 9.934811918821117027e-01 6.338931188878313937e-03
5.635000000000000000e+03 1.019744529194444915e+00 6.300883768648155719e-03
5.668000000000000000e+03 1.014355199931740836e+00 6.346082979922425607e-03
5.702000000000000000e+03 9.981809612134862064e-01 6.276147045560149552e-03
5.735000000000000000e+03 1.006508379191654257e+00 6.351096995773836303e-03
5.768000000000000000e+03 9.974889329532229398e-01 6.371473485043736840e-03
5.801000000000000000e+03 1.019360657840621576e+00 6.453654731305954670e-03
5.835000000000000000e+03 1.011629744056775193e+00 6.449255487003710020e-03
5.868000000000000000e+03 1.003263328153374268e+00 6.406902965616923136e-03
5.901000000000000000e+03 1.002118609776506908e+00 6.393994624469815334e-03
5.935000000000000000e+03 1.009395055822575493e+00 6.459736814645991067e-03
5.968000000000000000e+03 1.023151032917612779e+00 6.492854887858368583e-03
6.001000000000000000e+03 1.013760348260370092e+00 6.526102130556970388e-03
6.034000000000000000e+03 1.001535506629897654e+00 6.426489974216584647e-03
6.067000000000000000e+03 1.003121024309214571e+00 6.485096948151206943e-03
6.101000000000000000e+03 1.024037972373454952e+00 6.623051720821645019e-03
6.134000000000000000e+03 1.023442154435258766e+00 6.634158082681015922e-03
6.167000000000000000e+03 1.016756972378202617e+00 6.594464717925804277e-03
6.200000000000000000e+03 1.007467082772362854e+00 6.594806508589433520e-03
6.234000000000000000e+03 9.931209701980650006e-01 6.605356609306349026e-03
6.267000000000000000e+03 1.005190873169781174e+00 6.671162544542382986e-03
6.300000000000000000e+03 9.980625350951783936e-01 6.667023408044958285e-03
6.333000000000000000e+03 1.004738073119952002e+00 6.668754454927526033e-03
6.367000000000000000e+03 1.018645829354771770e+00 6.765584870752465625e-03
6.400000000000000000e+03 9.961864996889049362e-01 6.704874944247217299e-03
6.433000000000000000e+03 9.979790076509944541e-01 6.663547935694106097e-03
6.466000000000000000e+03 9.959512872856165488e-01 6.653224475701410671e-03
6.500000000000000000e+03 1.027367651141021465e+00 6.764792172747042739e-03
6.533000000000000000e+03 1.020927120272659305e+00 6.794096063132088435e-03
6.566000000000000000e+03 9.940153860438957212e-01 6.712034380152651948e-03
6.599000000000000000e+03 1.008412103969958729e+00 6.814790715708166600e-03
6.633000000000000000e+03 9.968508413393877277e-01 6.801818506644596342e-03
6.666000000000000000e+03 1.015492945528575275e+00 6.821973200334716970e-03
6.699000000000000000e+03 9.925654329463264869e-01 6.827460345436577385e-03
6.733000000000000000e+03 1.012530971797320101e+00 6.863002556309579123e-03
6.779000000000000000e+03 9.840362457365045001e-01 6.772873782564105098e-03
6.812000000000000000e+03 9.895804451630056953e-01 6.750188481198607718e-03
6.846000000000000000e+03 9.899315944885010987e-01 6.763399173083480508e-03
6.879000000000000000e+03 9.980686344604184912e-01 6.878701002026483234e-03
6.912000000000000000e+03 9.949382794781532757e-01 6.855944541566089817e-03
6.946000000000000000e+03 9.852495254371508304e-01 6.837377544260521585e-03
6.979000000000000000e+03 9.852953108461547371e-01 6.801248605560814356e-03
7.012000000000000000e+03 1.004969057203183969e+00 6.862738931330923144e-03
7.046000000000000000e+03 9.887004618620098828e-01 6.766344444091786439e-03
7.079000000000000000e+03 9.988154484064970529e-01 6.833335825619886103e-03
7.113000000000000000e+03 9.778473559864744313e-01 6.766088323252462955e-03
7.146000000000000000e+03 9.985825332437776591e-01 6.891157961183226079e-03
7.179000000000000000e+03 9.806807806486291801e-01 6.867170212607209313e-03
7.212000000000000000e+03 9.951738456957271994e-01 6.922648464990830558e-03
7.246000000000000000e+03 9.884349431011250076e-01 6.869600736500341628e-03
7.279000000000000000e+03 9.632922006472389720e-01 6.864589181470401140e-03
7.312000000000000000e+03 9.834307224778695566e-01 6.843129125966095939e-03
7.345000000000000000e+03 9.808557246606874891e-01 6.925141169951274517e-03
7.379000000000000000e+03 9.753897880614437188e-01 6.847862426763857459e-03
7.412000000000000000e+03 9.746181050286377712e-01 6.843937650703881860e-03
7.445000000000000000e+03 9.912597961548120784e-01 6.865753155318668130e-03
7.479000000000000000e+03 9.712201026258253655e-01 6.830132867195025902e-03
7.512000000000000000e+03 9.912352444693486309e-01 6.991243415231884750e-03
7.545000000000000000e+03 9.798663135198392160e-01 6.904377834170834574e-03
7.579000000000000000e+03 9.619979521685346757e-01 6.834025214979204225e-03
7.612000000000000000e+03 9.793997312323884374e-01 6.790084449188558795e-03
7.645000000000000000e+03 9.925830601162493050e-01 6.837110091352701854e-03
7.678000000000000000e+03 9.773239118573263662e-01 6.927902862188600568e-03
7.711000000000000000e+03 9.888392726507320152e-01 6.945320794073570406e-03
7.745000000000000000e+03 9.826134494486032933e-01 6.877550077556757527e-03
7.778000000000000000e+03 9.789212944972129904e-01 6.827883775177656309e-03
7.811000000000000000e+03 9.644707960207160591e-01 6.842052477765011090e-03
7.844000000000000000e+03 9.951665746719277061e-01 6.875627332342181160e-03
7.878000000000000000e+03 9.886727083525423954e-01 6.809319677939936269e-03
7.911000000000000000e+03 9.840679607221265446e-01 6.882937829126250726e-03
7.944000000000000000e+03 9.794586210897077150e-01 6.894113144868892380e-03
7.978000000000000000e+03 9.840339778847249086e-01 6.894742250866653550e-03
8.011000000000000000e+03 9.791213160789081771e-01 6.936855805982928419e-03
8.044000000000000000e+03 9.929505742766404630e-01 6.997727181681765579e-03
8.077000000000000000e+03 9.801191948151467548e-01 6.945127505727837804e-03
8.110000000000000000e+03 1.000031936516367015e+00 6.975323145678525086e-03
8.144000000000000000e+03 9.946209075688415835e-01 6.938398734728575858e-03
8.177000000000000000e+03 9.632471096281928213e-01 6.810379807602575178e-03
8.210000000000000000e+03 9.924046481324404478e-01 6.964247223411222480e-03
8.244000000000000000e+03 9.916140223152322131e-01 6.896030729467255739e-03
8.277000000000000000e+03 9.856618286100733428e-01 6.848348255695458492e-03
8.310000000000000000e+03 9.657349172089463307e-01 6.832468441618471354e-03
8.344000000000000000e+03 9.943868407713544189e-01 6.922000837256962746e-03
8.377000000000000000e+03 9.643908918240564621e-01 6.863756644994991815e-03
8.411000000000000000e+03 9.906908404811660684e-01 6.957875264041214758e-03
8.654000000000000000e+03 9.595014938307599994e-01 6.805697767454598444e-03
8.687000000000000000e+03 9.733067447191714461e-01 6.851460623355651140e-03
8.721000000000000000e+03 9.826224743933987815e-01 6.971835951924348386e-03
8.754000000000000000e+03 9.853430607935088625e-01 6.954784214300849948e-03
8.787000000000000000e+03 9.736774241335236502e-01 6.782677641552509878e-03
8.820000000000000000e+03 9.892622475076249255e-01 6.856205681315640822e-03
8.853000000000000000e+03 9.713444205689036881e-01 6.837000079304313312e-03
8.887000000000000000e+03 9.950202147436373323e-01 6.873645143120002236e-03
8.920000000000000000e+03 9.951922291333765713e-01 6.872380584105428937e-03
8.953000000000000000e+03 9.996212843854808128e-01 6.873152874004107363e-03
8.986000000000000000e+03 9.827933040570591139e-01 6.922090723391795784e-03
9.020000000000000000e+03 1.003686314895663401e+00 6.904739984321225238e-03
9.053000000000000000e+03 1.015021097965811414e+00 6.958091668516271436e-03
9.086000000000000000e+03 9.973046368797835459e-01 6.826302397657326576e-03
9.119000000000000000e+03 1.006241545313478980e+00 6.908981138591402914e-03
9.153000000000000000e+03 9.923632053724668056e-01 6.821494685731945180e-03
9.186000000000000000e+03 9.864751261816909755e-01 6.824996566936002325e-03
9.219000000000000000e+03 1.018663310603526106e+00 6.874128593160882573e-03
9.252000000000000000e+03 1.001731592302172791e+00 6.865806801937395301e-03
9.286000000000000000e+03 9.913042620755432299e-01 6.845266366069586127e-03
9.319000000000000000e+03 1.010929275566132990e+00 6.890017035985870550e-03
9.352000000000000000e+03 1.004064345121851165e+00 6.901253124546320727e-03
9.385000000000000000e+03 1.008944425746493456e+00 6.850655517844998418e-03
9.418000000000000000e+03 9.994084590941262336e-01 6.827207759994171829e-03
9.452000000000000000e+03 1.001014950958416749e+00 6.851390761469615398e-03
9.485000000000000000e+03 1.014655811340669178e+00 6.922510753772041087e-03
9.518000000000000000e+03 1.012100540593505960e+00 7.043836002010261249e-03
9.552000000000000000e+03 1.002922844489469112e+00 6.924214102960496615e-03
9.585000000000000000e+03 1.019164824861476193e+00 6.991520710140388534e-03
9.618000000000000000e+03 1.002411766739906396e+00 7.008386477180426379e-03
9.651000000000000000e+03 1.012392481030977232e+00 6.978688545723434576e-03
9.685000000000000000e+03 1.036019048750301819e+00 7.108170796202908752e-03
9.718000000000000000e+03 1.020773184044456494e+00 7.080113771655625540e-03
9.751000000000000000e+03 1.003866847562077114e+00 7.018620626259758181e-03
9.784000000000000000e+03 1.031732627078045139e+00 7.147704686004315369e-03
9.818000000000000000e+03 1.039449994053477599e+00 7.187905617391327807e-03
9.851000000000000000e+03 1.040193457972738544e+00 7.223803441687285699e-03
9.884000000000000000e+03 1.028907060451644595e+00 7.087339322509887511e-03
9.917000000000000000e+03 1.038159262956888984e+00 7.144529539420164076e-03
9.951000000000000000e+03 1.042692477917458005e+00 7.243155085640801995e-03
9.984000000000000000e+03 1.015379303993501736e+00 6.989685166031500002e-03
1.001700000000000000e+04 9.992399751649680972e-01 6.709041077312565861e-03
1.005000000000000000e+04 1.010906893513719762e+00 6.900262940158456183e-03
1.008400000000000000e+04 1.005023235114524960e+00 6.895517975521436513e-03
1.011700000000000000e+04 1.002785505297562718e+00 6.874193747797202429e-03
1.015000000000000000e+04 1.003318031736224469e+00 6.900199818040109699e-03
1.018400000000000000e+04 1.008689961128909962e+00 6.945374290501022362e-03
1.021700000000000000e+04 1.023910236421062381e+00 6.928641444635531658e-03
1.025000000000000000e+04 1.013171543124432583e+00 6.959429406605216993e-03
1.028300000000000000e+04 1.029109762884540036e+00 6.952475933367369999e-03
1.048800000000000000e+04 1.001316420010090802e+00 7.220439017673949481e-03
1.052100000000000000e+04 9.966886468922884212e-01 6.964321339068913451e-03
1.055400000000000000e+04 1.005560141654997297e+00 7.004046311537665340e-03
1.058700000000000000e+04 9.869601247475432437e-01 6.997158646091557709e-03
1.062100000000000000e+04 1.002481582288631268e+00 7.008802984356536994e-03
1.065400000000000000e+04 1.018675581436994104e+00 7.163981781409157687e-03
1.068700000000000000e+04 1.004465817385305382e+00 7.134370589656733284e-03
1.072000000000000000e+04 9.970650235462743538e-01 7.108185272552094980e-03
1.075400000000000000e+04 1.007939076063085748e+00 7.197164896452110279e-03
1.078700000000000000e+04 1.020216579933247658e+00 6.985919925825517102e-03
1.082000000000000000e+04 1.006034127572600356e+00 6.876927834279985934e-03
1.085300000000000000e+04 1.008417944793736254e+00 6.786732259517979336e-03
1.088700000000000000e+04 9.909666908841747723e-01 6.652144038726132136e-03
1.092000000000000000e+04 1.005108604415904772e+00 5.688340941876001734e-03
1.095300000000000000e+04 1.027446049420867480e+00 5.789976837325861922e-03
1.098600000000000000e+04 1.023329691764402360e+00 5.786439930523803836e-03
1.102000000000000000e+04 1.027391933989618034e+00 5.791900252648279901e-03
1.105300000000000000e+04 1.014684767474302696e+00 5.725625024828588649e-03
1.108600000000000000e+04 1.018482017959722485e+00 5.796959597016671309e-03
1.112000000000000000e+04 1.025354569509176361e+00 5.917325805159060273e-03
1.115300000000000000e+04 1.023172454964967892e+00 5.961039893657451433e-03
1.118600000000000000e+04 1.001566410720656775e+00 5.883793447796156068e-03
1.121900000000000000e+04 1.005094886966349854e+00 5.946076224591552613e-03
1.125300000000000000e+04 1.019270112094927683e+00 5.989981902300146183e-03
1.128600000000000000e+04 1.006165221480642469e+00 5.962103725209839944e-03
1.131900000000000000e+04 9.922205749111386863e-01 5.927356456222337630e-03
1.135200000000000000e+04 1.015898114018553899e+00 5.983587166625220846e-03
1.138600000000000000e+04 1.017137330477131396e+00 5.965002185373687385e-03
1.141900000000000000e+04 1.003940757199771827e+00 5.922899782364813258e-03
1.145200000000000000e+04 1.019199870463077140e+00 5.965326032269326062e-03
1.148600000000000000e+04 1.015156515189681974e+00 5.911388969093604034e-03
1.151900000000000000e+04 1.016856323162486309e+00 5.993124783060893752e-03
1.155300000000000000e+04 9.985652857317951492e-01 5.921336640657615634e-03
1.158600000000000000e+04 1.022313232514874048e+00 6.114053049728367627e-03
1.161900000000000000e+04 9.976545663824389898e-01 6.073088197224118037e-03
1.165200000000000000e+04 1.017729431619632141e+00 6.045775652012581707e-03
1.168600000000000000e+04 9.987727935437996640e-01 6.058343925521271489e-03
1.171900000000000000e+04 1.014958465222648654e+00 6.016344309284718354e-03
1.175200000000000000e+04 1.003611797256643623e+00 6.015964464867855528e-03
1.178500000000000000e+04 1.025429477858677663e+00 6.084088155807535793e-03
1.181800000000000000e+04 1.027657059838859244e+00 6.094757873525489048e-03
1.185200000000000000e+04 1.017996002352184126e+00 6.059323465451818720e-03
1.188500000000000000e+04 9.999568407954335658e-01 6.051500321184366885e-03
1.191800000000000000e+04 1.003242392855480558e+00 6.006446458226582900e-03
1.195100000000000000e+04 9.935377256148141267e-01 6.033307652010720494e-03
1.198500000000000000e+04 1.031634299759810913e+00 6.086881527718722602e-03
1.201800000000000000e+04 1.026587405502566774e+00 6.079608859397477028e-03
1.205100000000000000e+04 1.019853398420987434e+00 6.142178816515788016e-03
1.208400000000000000e+04 1.010909874216941340e+00 6.121577849877150000e-03
1.211800000000000000e+04 1.023903436677836121e+00 6.214450878251925880e-03
1.226100000000000000e+04 1.003080598278506708e+00 6.135128430231274327e-03
1.229400000000000000e+04 1.021056361729450579e+00 6.210138893273322962e-03
1.232800000000000000e+04 1.013960401624645735e+00 6.102660238356087674e-03
1.236100000000000000e+04 1.005650485789217674e+00 6.158645349589050334e-03
1.239400000000000000e+04 9.888257207457595843e-01 6.542086506638357911e-03
1.242700000000000000e+04 9.885442750485710084e-01 6.087085185239438263e-03
1.246100000000000000e+04 1.008931124175534322e+00 6.073279259940542185e-03
1.249400000000000000e+04 1.005267401787805825e+00 6.126492412844968156e-03
1.252700000000000000e+04 9.914075541615675613e-01 6.049619641059675833e-03
1.256000000000000000e+04 9.827038640876736286e-01 6.033699560345055952e-03
1.259300000000000000e+04 9.927742565815955711e-01 6.111769655792729551e-03
1.262700000000000000e+04 1.011225096859433847e+00 6.029394151201475371e-03
1.266000000000000000e+04 9.982234881284254291e-01 5.951366594235439969e-03
1.269300000000000000e+04 9.827864672753273689e-01 5.807785559821886101e-03
1.272700000000000000e+04 9.892358902343543203e-01 5.836626438957835498e-03
1.276000000000000000e+04 9.910655823121479191e-01 5.931191923561268849e-03
1.279400000000000000e+04 9.999166638601499901e-01 5.905959809312842125e-03
1.282700000000000000e+04 9.921081293891579334e-01 5.911425366438033228e-03
1.286000000000000000e+04 1.001687002364314960e+00 5.833382013910300666e-03
1.289400000000000000e+04 9.828108583946066901e-01 5.872837812627374789e-03
1.292700000000000000e+04 9.795380824979725842e-01 5.886453340168343838e-03
1.296000000000000000e+04 1.002146392548917575e+00 5.907140605423691175e-03
1.299300000000000000e+04 9.806747093712034902e-01 5.857466086613922172e-03
1.302700000000000000e+04 9.839826210424142960e-01 5.901920355316345526e-03
1.306000000000000000e+04 1.009054652481212289e+00 5.874157833344723599e-03
1.309300000000000000e+04 9.985298349473363810e-01 5.846375965070435034e-03
1.312600000000000000e+04 9.650644908136064570e-01 5.784311324695826095e-03
1.316000000000000000e+04 9.848011446562836557e-01 5.860869203680577066e-03
1.319300000000000000e+04 9.811435766469982500e-01 5.916582766104174981e-03
1.322600000000000000e+04 9.805906784961060385e-01 5.909765613355609341e-03
1.325900000000000000e+04 9.816913752681584171e-01 5.961840329288655739e-03
1.329300000000000000e+04 9.814609181535123295e-01 5.977678509632633128e-03
1.332600000000000000e+04 9.740182160515905574e-01 5.917587203653517855e-03
1.335900000000000000e+04 9.793111951002306803e-01 6.096574162672431518e-03
1.339200000000000000e+04 9.818062725696902193e-01 6.157618386097973157e-03
1.342500000000000000e+04 9.722910478512147847e-01 6.076683051780819474e-03
1.345900000000000000e+04 9.822037366430459437e-01 6.095790856312615670e-03
1.349200000000000000e+04 9.987759964506481847e-01 6.169681105738972042e-03
1.352500000000000000e+04 9.763710918084206325e-01 6.161321316823859667e-03
1.355800000000000000e+04 9.997307178971733821e-01 6.202480829966994236e-03
1.359200000000000000e+04 9.670805956682183568e-01 6.056936378069279620e-03
1.362500000000000000e+04 9.988295714177580775e-01 6.192584468199226026e-03
1.365800000000000000e+04 1.004438240012077932e+00 6.110050423495660965e-03
1.369200000000000000e+04 9.922068310174840811e-01 6.049195436586655115e-03
1.372500000000000000e+04 9.881420540577752210e-01 6.032431706571546488e-03
1.375800000000000000e+04 9.969601772448358767e-01 6.160082259300292927e-03
1.379100000000000000e+04 9.919284867514561732e-01 6.200963319972428202e-03
1.382500000000000000e+04 9.699104987904204611e-01 6.124498260617791158e-03
1.385800000000000000e+04 9.948449257585088024e-01 6.189809925572680241e-03
1.389100000000000000e+04 9.729818916320471800e-01 6.162691184499067588e-03
1.393300000000000000e+04 9.800421298109852630e-01 6.073921912625616058e-03
1.396700000000000000e+04 9.924543011377549018e-01 6.163592954861877790e-03
1.400000000000000000e+04 9.979277027378742337e-01 6.125212295982647784e-03
1.403300000000000000e+04 9.854591777406930264e-01 6.136414212082073015e-03
1.406600000000000000e+04 9.997153394921938219e-01 6.124840931793129953e-03
1.409900000000000000e+04 1.002624391779722401e+00 6.204518960903787975e-03
1.413300000000000000e+04 9.888584360494226955e-01 6.115733272682789476e-03
1.416600000000000000e+04 1.001011404769025503e+00 6.150286933493964887e-03
1.419900000000000000e+04 9.943055374204510244e-01 6.149044380825152006e-03
1.423200000000000000e+04 9.792770086257666096e-01 6.060405889920274236e-03
1.426600000000000000e+04 1.000819120349323077e+00 6.148385710028195228e-03
1.429900000000000000e+04 1.019293496719752889e+00 6.186799951911837320e-03
1.433200000000000000e+04 9.996022358174696532e-01 6.136830561862927948e-03
1.436500000000000000e+04 1.012408811664111452e+00 6.175971542339064868e-03
1.439900000000000000e+04 9.928273210192106735e-01 6.076538929425568010e-03
1.443200000000000000e+04 1.016718662530664785e+00 6.446715129159225413e-03
1.446500000000000000e+04 1.012852952493641157e+00 6.178118038169329480e-03
1.449800000000000000e+04 1.007549835118494386e+00 6.154921252559275406e-03
1.453100000000000000e+04 1.009323135085332890e+00 6.278050807866465861e-03
1.456500000000000000e+04 1.013798105051288534e+00 6.258035872487487973e-03
1.459800000000000000e+04 1.032224410343683951e+00 6.300269522643243622e-03
1.463100000000000000e+04 1.016596783413973304e+00 6.219662139753195929e-03
1.466400000000000000e+04 1.033807419408273587e+00 6.365855925261414486e-03
1.469800000000000000e+04 1.019351675260910639e+00 6.181346543104625398e-03
1.473100000000000000e+04 1.004447562426856955e+00 6.150048664308263753e-03
1.476400000000000000e+04 9.998854565352830459e-01 6.202304101909647017e-03
1.479700000000000000e+04 1.017474338838040726e+00 6.224313448544772920e-03
1.483100000000000000e+04 1.015233745036259183e+00 6.183078805322300871e-03
1.486400000000000000e+04 1.012821210568952246e+00 6.187954753779534300e-03
1.489700000000000000e+04 1.023774848728008946e+00 6.251055707851707957e-03
1.493000000000000000e+04 1.006983787344911896e+00 6.197738479427440834e-03
1.496300000000000000e+04 1.026254253811641703e+00 6.257064656225328966e-03
1.499700000000000000e+04 1.015216573999443206e+00 6.241503859193904200e-03
1.503000000000000000e+04 1.045305607948142201e+00 6.292987955218784166e-03
1.506300000000000000e+04 1.035709993043522736e+00 6.232461673266269896e-03
1.509600000000000000e+04 1.024595192158856305e+00 6.130751139577021204e-03
1.513000000000000000e+04 1.046762818615643242e+00 6.274336744643582188e-03
1.516300000000000000e+04 1.033239786530467663e+00 6.357450764529804649e-03
1.519600000000000000e+04 1.027783753298839864e+00 6.357449879746980385e-03
1.522900000000000000e+04 1.022025991416819712e+00 6.339837899570200525e-03
1.526300000000000000e+04 1.006532513126231043e+00 6.090997708339223986e-03
1.529600000000000000e+04 1.030942446667089785e+00 6.193043890288806724e-03
1.532900000000000000e+04 1.027924891701966104e+00 6.164151712711588189e-03
1.536200000000000000e+04 1.017036433847989807e+00 6.192564836651338715e-03
1.539600000000000000e+04 1.027842115033851478e+00 6.179134122448578376e-03
1.542900000000000000e+04 1.010418161244609925e+00 6.106541369625273150e-03
1.546200000000000000e+04 1.031798395479145647e+00 6.130344344148191960e-03
1.549600000000000000e+04 1.024422507348162092e+00 1.000000000000000000e+09
1.552900000000000000e+04 1.024422507348162092e+00 6.096862970624747878e-03
1.556200000000000000e+04 1.025913880254874400e+00 6.040391296535423810e-03
