0.000000000000000000e+00 1.002935711482179748e+00 2.028606016071648338e-02
3.300000000000000000e+01 1.050456941192237759e+00 2.041597337883800656e-02
6.600000000000000000e+01 1.023974360584090526e+00 2.020538252296681311e-02
9.900000000000000000e+01 1.007350689389607590e+00 2.011700558164405267e-02
1.320000000000000000e+02 9.882843081521014428e-01 2.030356880688842861e-02
1.660000000000000000e+02 9.552678970381226486e-01 2.011771468899437726e-02
1.990000000000000000e+02 9.687613938115412493e-01 2.007038254007280365e-02
2.320000000000000000e+02 1.024476786730645905e+00 2.037590223984584933e-02
2.650000000000000000e+02 1.022096480959575837e+00 2.017209599675435713e-02
2.990000000000000000e+02 1.033210291239438305e+00 2.017182777481256808e-02
3.320000000000000000e+02 9.925452332071688089e-01 2.012694595296931482e-02
3.650000000000000000e+02 1.033505575915543373e+00 2.042662035027834402e-02
3.980000000000000000e+02 1.081343720025303101e+00 2.032015209290780750e-02
4.320000000000000000e+02 1.019809775382181982e+00 2.012697686864869245e-02
4.650000000000000000e+02 9.859875168107258281e-01 2.010779657111263358e-02
4.980000000000000000e+02 9.935078247375468408e-01 2.013300232258915037e-02
5.320000000000000000e+02 1.021391381677194232e+00 2.042299591310719684e-02
5.650000000000000000e+02 1.020019915838672464e+00 2.050213979022450644e-02
5.980000000000000000e+02 1.042325726108846995e+00 2.049591753955331067e-02
6.310000000000000000e+02 1.013877966108595485e+00 2.024786652001843781e-02
6.650000000000000000e+02 9.662496934595923292e-01 2.007804613840042524e-02
6.980000000000000000e+02 1.036920159522476625e+00 2.022856580353268180e-02
7.320000000000000000e+02 9.784856157863991433e-01 2.023054932581075382e-02
7.650000000000000000e+02 1.042005439370375930e+00 2.055085626858687078e-02
7.980000000000000000e+02 1.051674185807301987e+00 2.066071974456962917e-02
8.320000000000000000e+02 1.055665918207157272e+00 2.053672306057523558e-02
8.650000000000000000e+02 1.030821244578758122e+00 2.061819868313356091e-02
8.980000000000000000e+02 9.464906756198580018e-01 2.049023579054701574e-02
9.310000000000000000e+02 1.044854037437562555e+00 2.051853697408347402e-02
9.650000000000000000e+02 1.063384522315047986e+00 2.049799821108984690e-02
9.980000000000000000e+02 1.006557016287320083e+00 2.043790026183241529e-02
1.032000000000000000e+03 9.708646909430806993e-01 2.073954004045040420e-02
1.065000000000000000e+03 1.019568979071383552e+00 2.083308630221508348e-02
1.098000000000000000e+03 9.915864820854652928e-01 2.077502034564828598e-02
1.131000000000000000e+03 9.919050057417699851e-01 2.078812452151477738e-02
1.165000000000000000e+03 9.730247995984466769e-01 2.117973440866443430e-02
1.198000000000000000e+03 1.002316961257442740e+00 2.103666316812407081e-02
1.231000000000000000e+03 1.017239669316641670e+00 2.121144361434626827e-02
1.264000000000000000e+03 1.068352917315052997e+00 2.103836663698039830e-02
1.297000000000000000e+03 1.039702174887576103e+00 2.121811035611464655e-02
1.331000000000000000e+03 1.003177535425528122e+00 2.123392709671957299e-02
1.364000000000000000e+03 1.017700846904606715e+00 2.142974641663664137e-02
1.397000000000000000e+03 1.032019458291982161e+00 2.167892101267247795e-02
1.431000000000000000e+03 1.054758540156360391e+00 2.204959492521417486e-02
1.464000000000000000e+03 1.013363204030567788e+00 2.211659631576128396e-02
1.497000000000000000e+03 1.007202599886819483e+00 2.233809569036866380e-02
1.530000000000000000e+03 1.020474556606945749e+00 2.239540088937464618e-02
1.563000000000000000e+03 1.030684801604103251e+00 2.245112428698913323e-02
1.597000000000000000e+03 9.974514842672606019e-01 2.156669686870239452e-02
1.630000000000000000e+03 1.008642708081086026e+00 2.143039877081760747e-02
1.693000000000000000e+03 1.020847918439649504e+00 2.216348882975203299e-02
1.727000000000000000e+03 9.949059569155462857e-01 2.197962667703451042e-02
1.760000000000000000e+03 1.021566688744194096e+00 2.236162055189291203e-02
1.793000000000000000e+03 1.055550911025249450e+00 2.229501048944134561e-02
1.826000000000000000e+03 1.008771974721418774e+00 2.229142034492389429e-02
1.860000000000000000e+03 1.033966262284758297e+00 2.230863372069672931e-02
1.893000000000000000e+03 1.047859286061351147e+00 2.228283617959440910e-02
1.926000000000000000e+03 1.043764919145600212e+00 2.251600228715887331e-02
1.959000000000000000e+03 1.050276782117320895e+00 2.218751413881038526e-02
1.993000000000000000e+03 1.073026905940218212e+00 2.198870466854258021e-02
2.026000000000000000e+03 1.005012050095726917e+00 2.210822626797350268e-02
2.059000000000000000e+03 9.760677403169872868e-01 2.215448493066806551e-02
2.092000000000000000e+03 1.048824817758744921e+00 2.225807651037759946e-02
2.125000000000000000e+03 1.050538489295854916e+00 2.242272166459186380e-02
2.159000000000000000e+03 1.045063919815749864e+00 2.273717895390033397e-02
2.192000000000000000e+03 1.026554578876784696e+00 2.269361188562135298e-02
2.225000000000000000e+03 1.062411456007529065e+00 2.321115504758755263e-02
2.259000000000000000e+03 1.050278301236690970e+00 2.311987327287978733e-02
2.292000000000000000e+03 9.869970431712199455e-01 2.290557685045273642e-02
2.325000000000000000e+03 1.035322136611251942e+00 2.316049235284657962e-02
2.359000000000000000e+03 1.045380204812200731e+00 2.312916885001440465e-02
2.392000000000000000e+03 1.043183739519974784e+00 2.320900589530044272e-02
2.425000000000000000e+03 1.005457039748262948e+00 2.344698290570113031e-02
2.458000000000000000e+03 9.741538520013803826e-01 2.354299245077892330e-02
2.492000000000000000e+03 9.961864637221796714e-01 2.358445169966583502e-02
2.525000000000000000e+03 1.024497998691942247e+00 2.372374805672035694e-02
2.558000000000000000e+03 1.028605092597951298e+00 2.369206565820781638e-02
2.591000000000000000e+03 1.038572898806601641e+00 2.397705986101135445e-02
2.624000000000000000e+03 1.013265436264460861e+00 2.448270778570102099e-02
2.658000000000000000e+03 1.037226213606564196e+00 2.498118181624066694e-02
2.691000000000000000e+03 1.094228598932537100e+00 2.495454850321155230e-02
2.724000000000000000e+03 1.067094908898777117e+00 2.482701276344979543e-02
2.757000000000000000e+03 1.020669698655577662e+00 2.483353489846683651e-02
2.791000000000000000e+03 1.002171076005208938e+00 2.473906817007410705e-02
2.824000000000000000e+03 1.045897865552402717e+00 2.491199956292441953e-02
2.857000000000000000e+03 9.772262483468957539e-01 2.472930047127364084e-02
2.890000000000000000e+03 1.013902229767793761e+00 2.534716508400891577e-02
2.924000000000000000e+03 9.686683068325454560e-01 2.502238267891981199e-02
2.957000000000000000e+03 9.582860657082176159e-01 2.532778141939520319e-02
2.990000000000000000e+03 1.004699947832533358e+00 2.550109170235321729e-02
3.024000000000000000e+03 1.007613544919753190e+00 2.570737463166571091e-02
3.057000000000000000e+03 1.014188786480089588e+00 2.548261947060570173e-02
3.090000000000000000e+03 9.789084655398124779e-01 2.590511706398885075e-02
3.124000000000000000e+03 9.953260614450158972e-01 2.605685960317133745e-02
3.157000000000000000e+03 9.799328297258924625e-01 2.606464428350644194e-02
3.190000000000000000e+03 9.904104272366450745e-01 2.637257528243544188e-02
3.223000000000000000e+03 9.809089012938259078e-01 2.632502758648094798e-02
3.257000000000000000e+03 9.920997704272461748e-01 2.680287257777969404e-02
3.290000000000000000e+03 1.005551941305481201e+00 2.688073130199923610e-02
3.323000000000000000e+03 1.032182443032675145e+00 2.736173567934504017e-02
3.424000000000000000e+03 9.684321675871541135e-01 2.772701551946373660e-02
3.457000000000000000e+03 1.005720240731057702e+00 2.789439459016522863e-02
3.491000000000000000e+03 1.055772157694609081e+00 2.775279532438733668e-02
3.524000000000000000e+03 9.966697957000349994e-01 2.788594586602357109e-02
3.557000000000000000e+03 9.524462055120010984e-01 2.759230229176453872e-02
3.590000000000000000e+03 1.069339442006237650e+00 2.787341580110270015e-02
3.623000000000000000e+03 1.007692368435101349e+00 2.765897171160988308e-02
3.657000000000000000e+03 9.846557020988981890e-01 2.771686888430283796e-02
3.690000000000000000e+03 9.954119786637197764e-01 2.706332840971612669e-02
3.723000000000000000e+03 9.998380533737547537e-01 2.612052802526843368e-02
3.756000000000000000e+03 9.886448577897393175e-01 2.609692925259422466e-02
3.789000000000000000e+03 1.003662370597194320e+00 2.617259721496456581e-02
3.823000000000000000e+03 9.474649505409205030e-01 2.614287764535292574e-02
3.856000000000000000e+03 1.015187008678817504e+00 2.649759365111278159e-02
3.889000000000000000e+03 1.043121888419381804e+00 2.657947561896480473e-02
3.922000000000000000e+03 9.498812580092163005e-01 2.646668777472480777e-02
3.956000000000000000e+03 9.864179538676550729e-01 2.645245859725138537e-02
3.989000000000000000e+03 1.068576077303182048e+00 2.690870359113632301e-02
4.022000000000000000e+03 1.024876261672755140e+00 2.682931007874955059e-02
4.055000000000000000e+03 9.816289287373000105e-01 2.674004911807565180e-02
4.089000000000000000e+03 9.131031856196593077e-01 2.676257009611231197e-02
4.122000000000000000e+03 9.191266733127781974e-01 2.705651263766792672e-02
4.155000000000000000e+03 9.980075166821958943e-01 2.721341495492184126e-02
4.189000000000000000e+03 9.918419532730506916e-01 2.710301890335885602e-02
4.222000000000000000e+03 9.456710303377868776e-01 2.730842867616772515e-02
4.255000000000000000e+03 9.353368020878132238e-01 2.701544355995104049e-02
4.288000000000000000e+03 9.686193752640617216e-01 2.746037651372805130e-02
4.322000000000000000e+03 9.894337790853398040e-01 2.720989061540359660e-02
4.355000000000000000e+03 1.008298068772469192e+00 2.741393470777813215e-02
4.388000000000000000e+03 1.023470132518816689e+00 2.767392068190213314e-02
4.422000000000000000e+03 9.897114897738999995e-01 2.731627977420598291e-02
4.455000000000000000e+03 9.628415981537357116e-01 2.691894352578259181e-02
4.488000000000000000e+03 9.714956050654157682e-01 2.766424686293863372e-02
4.522000000000000000e+03 1.049732190294175194e+00 2.750244961187336967e-02
4.555000000000000000e+03 9.452427295329134393e-01 2.737185238153862915e-02
4.588000000000000000e+03 9.259065149796255056e-01 2.795348462253156863e-02
4.621000000000000000e+03 9.338810728937312344e-01 2.758470614205990948e-02
4.655000000000000000e+03 1.015076769119726219e+00 2.794261964594384542e-02
4.688000000000000000e+03 9.591849976137650780e-01 2.758822587353784370e-02
4.721000000000000000e+03 9.680493236366107812e-01 2.770973629783675743e-02
4.755000000000000000e+03 1.011516086292233663e+00 2.754297718069662060e-02
4.788000000000000000e+03 9.770531993975254403e-01 2.766106105420409328e-02
4.822000000000000000e+03 9.468523814618129419e-01 2.793572492785542649e-02
4.855000000000000000e+03 9.850912617210452193e-01 2.796151530372791016e-02
4.888000000000000000e+03 1.059820012116168275e+00 2.763762452288284419e-02
4.922000000000000000e+03 1.000058143915159459e+00 2.793559407296037841e-02
4.955000000000000000e+03 1.012372222988015213e+00 2.799722046430115283e-02
4.988000000000000000e+03 9.838566560450372478e-01 2.827266602178976629e-02
5.021000000000000000e+03 9.544082564272703406e-01 2.824020953565857875e-02
5.055000000000000000e+03 9.651687885799694611e-01 2.798376957896489894e-02
5.102000000000000000e+03 1.049713566191512015e+00 2.832929306835335614e-02
5.136000000000000000e+03 9.695165419969757892e-01 2.813040281786917049e-02
5.169000000000000000e+03 1.004477460762996932e+00 2.820866522744687119e-02
5.202000000000000000e+03 8.976005161834832435e-01 2.839805214782555737e-02
5.235000000000000000e+03 9.538621714664207163e-01 2.847974649448946696e-02
5.269000000000000000e+03 1.038120532404259944e+00 2.858188588790489676e-02
5.302000000000000000e+03 9.790225634028087986e-01 2.849349683205126826e-02
5.335000000000000000e+03 9.512362907688370894e-01 2.861800139689293573e-02
5.369000000000000000e+03 1.021698073385329142e+00 2.883068288645822611e-02
5.402000000000000000e+03 1.028766397731962989e+00 2.849512636297199183e-02
5.435000000000000000e+03 9.486231927777373230e-01 2.888923632035421060e-02
5.469000000000000000e+03 9.457566264076979756e-01 2.915231028677134698e-02
5.502000000000000000e+03 9.547626792334259482e-01 2.931931957814028558e-02
5.535000000000000000e+03 9.201202065427656063e-01 2.914299142190627037e-02
5.568000000000000000e+03 9.777295468621580721e-01 2.905860557545070916e-02
5.602000000000000000e+03 9.688604444194884868e-01 2.929064393311063205e-02
5.635000000000000000e+03 9.999418560848408744e-01 2.900394575833096719e-02
5.668000000000000000e+03 9.754040207497423065e-01 2.925441273452969101e-02
5.702000000000000000e+03 9.281732275084665362e-01 2.890719872268755763e-02
5.735000000000000000e+03 9.622960962721996969e-01 2.932407960551391274e-02
5.768000000000000000e+03 9.534419042441817371e-01 2.942332540390536072e-02
5.801000000000000000e+03 1.032944099463887877e+00 2.987604800666682908e-02
5.835000000000000000e+03 9.908698322380441459e-01 2.982120193446814727e-02
5.868000000000000000e+03 9.962744313661590079e-01 2.969581231665695958e-02
5.901000000000000000e+03 9.645353859537083574e-01 2.952908220884755547e-02
5.935000000000000000e+03 9.386719869335936606e-01 2.981253187353578513e-02
5.968000000000000000e+03 1.046474246487691051e+00 3.007732346480247732e-02
6.001000000000000000e+03 1.053054430682297760e+00 3.026531799374192547e-02
6.034000000000000000e+03 9.260592237630816959e-01 2.968930465693195644e-02
6.067000000000000000e+03 9.274121298825428461e-01 3.003763985423870894e-02
6.101000000000000000e+03 9.336853907590405566e-01 3.065143555216276808e-02
6.134000000000000000e+03 9.646489516852152502e-01 3.076157401231385813e-02
6.167000000000000000e+03 8.807211129291471208e-01 3.056212241118297021e-02
6.200000000000000000e+03 9.495637373661601766e-01 3.058597529810814369e-02
6.234000000000000000e+03 9.561613153602803727e-01 3.076801029900151641e-02
6.267000000000000000e+03 9.110701414450442792e-01 3.107459759122249005e-02
6.300000000000000000e+03 9.089954037428191747e-01 3.106158058937649041e-02
6.333000000000000000e+03 9.261804844783252388e-01 3.101983682858934499e-02
6.367000000000000000e+03 8.894583889772875729e-01 3.148371693948434635e-02
6.400000000000000000e+03 8.524864241694184441e-01 3.119614820660021257e-02
6.433000000000000000e+03 9.223574903759110821e-01 3.101740603487254666e-02
6.466000000000000000e+03 8.814939056430131092e-01 3.100189354110339038e-02
6.500000000000000000e+03 8.775860239321072731e-01 3.148687860839980562e-02
6.533000000000000000e+03 8.925341313560249956e-01 3.166220417272723464e-02
6.566000000000000000e+03 8.557024000049042733e-01 3.129771458393280220e-02
6.599000000000000000e+03 8.973141133314375129e-01 3.179372391841310541e-02
6.633000000000000000e+03 9.313707473966135186e-01 3.183680277558048610e-02
6.666000000000000000e+03 8.667641151803698873e-01 3.171142808911282807e-02
6.699000000000000000e+03 9.543369523825312450e-01 3.189000567281845971e-02
6.733000000000000000e+03 9.421198102046156597e-01 3.207478315241536759e-02
6.779000000000000000e+03 9.586450195147223630e-01 3.171302132587906775e-02
6.812000000000000000e+03 9.367378126603732591e-01 3.156213181974413390e-02
6.846000000000000000e+03 8.849323835210761713e-01 3.165858365875015568e-02
6.879000000000000000e+03 8.613077831696491771e-01 3.226533529893550745e-02
6.912000000000000000e+03 9.561382628221447577e-01 1.000000000000000000e+09
6.946000000000000000e+03 9.561382628221447577e-01 3.209357788747277396e-02
6.979000000000000000e+03 8.605212089083212890e-01 3.179385038115929707e-02
7.012000000000000000e+03 9.347205711484618540e-01 3.208771896214582253e-02
7.046000000000000000e+03 8.367481623221592058e-01 3.156063959101355204e-02
7.079000000000000000e+03 9.516577588154139233e-01 3.202784957252603065e-02
7.113000000000000000e+03 9.403927868702086634e-01 3.177375203901448841e-02
7.146000000000000000e+03 9.275573554918508101e-01 3.227258722840919969e-02
7.179000000000000000e+03 8.895055016486688171e-01 3.226698716987052434e-02
7.212000000000000000e+03 8.428794666404771929e-01 3.243228027018699167e-02
7.246000000000000000e+03 9.272224328246622127e-01 3.225719892399355609e-02
7.279000000000000000e+03 9.207766633044416338e-01 3.226239903431487449e-02
7.312000000000000000e+03 9.349276580222030120e-01 3.209962522372138138e-02
7.345000000000000000e+03 8.770161110141418970e-01 3.252468006889737417e-02
7.379000000000000000e+03 9.072529210172263214e-01 3.217639845984885533e-02
7.412000000000000000e+03 8.403881750648372062e-01 3.213768700613612445e-02
7.445000000000000000e+03 8.435281737831595850e-01 3.215845076284359894e-02
7.479000000000000000e+03 9.652002209531905796e-01 3.210612330250380009e-02
7.512000000000000000e+03 8.556891415734693140e-01 3.281194669167845912e-02
7.545000000000000000e+03 9.172190368418579043e-01 3.244971794960920669e-02
7.579000000000000000e+03 8.905206723671320601e-01 3.218801438736452331e-02
7.612000000000000000e+03 8.968887404799466001e-01 3.187910542100638733e-02
7.645000000000000000e+03 8.555875478311408822e-01 3.196552820256359784e-02
7.678000000000000000e+03 9.799901229418950255e-01 3.272396262492494740e-02
7.711000000000000000e+03 8.762832925837602538e-01 3.266574218643812644e-02
7.745000000000000000e+03 8.926389154836104067e-01 3.235920142889675555e-02
7.778000000000000000e+03 9.092561607072427998e-01 3.214498170246499892e-02
7.811000000000000000e+03 8.357903703129718753e-01 3.222865575102081687e-02
7.844000000000000000e+03 1.016807130559007399e+00 3.250070825105982192e-02
7.878000000000000000e+03 9.172218576812752877e-01 3.205941425969892344e-02
7.911000000000000000e+03 9.319151661380742357e-01 3.246895848375336985e-02
7.944000000000000000e+03 8.835331902393626091e-01 3.250766031832520025e-02
7.978000000000000000e+03 8.869875919236852591e-01 1.000000000000000000e+09
8.011000000000000000e+03 8.869875919236852591e-01 3.275335034872252360e-02
8.044000000000000000e+03 8.554450175251719912e-01 3.297188880810291572e-02
8.077000000000000000e+03 8.867272322278347829e-01 3.272405904984779929e-02
8.110000000000000000e+03 1.035566139445514455e+00 3.303708065618147366e-02
8.144000000000000000e+03 9.611343677131978236e-01 3.272412381184669483e-02
8.177000000000000000e+03 9.008535479511413646e-01 3.213145920883787171e-02
8.210000000000000000e+03 8.979414660877449439e-01 3.283833221452336221e-02
8.244000000000000000e+03 9.877143383570373691e-01 3.246007249199932276e-02
8.277000000000000000e+03 1.020072652390668910e+00 3.233021141557220618e-02
8.310000000000000000e+03 9.788778884897665344e-01 3.227755853947032044e-02
8.344000000000000000e+03 9.790619007638041715e-01 3.265833999800744208e-02
8.377000000000000000e+03 9.983130791682142124e-01 3.242094408667803296e-02
8.411000000000000000e+03 9.758040572678212676e-01 3.279269377751253822e-02
8.654000000000000000e+03 9.206148111151598590e-01 3.222337186167033296e-02
8.687000000000000000e+03 9.802798255639375569e-01 3.238311413113196396e-02
8.721000000000000000e+03 9.625191126323165980e-01 3.306069291868852372e-02
8.754000000000000000e+03 9.530547601825312132e-01 3.292860772238988265e-02
8.787000000000000000e+03 9.308099905712252653e-01 3.201244249244616230e-02
8.820000000000000000e+03 9.996499567561758504e-01 3.243505141777479339e-02
8.853000000000000000e+03 9.379110758804706238e-01 3.228913979984621846e-02
8.887000000000000000e+03 9.986067860050652500e-01 3.249006992053624088e-02
8.920000000000000000e+03 1.004941178894174003e+00 3.243525163965409186e-02
8.953000000000000000e+03 1.005774543521805731e+00 3.247411209874898758e-02
8.986000000000000000e+03 1.002689893841570479e+00 3.278479219242542292e-02
9.020000000000000000e+03 1.013823491087600726e+00 3.264718717501138151e-02
9.053000000000000000e+03 9.311610828145719942e-01 3.279879664734690337e-02
9.086000000000000000e+03 1.017075887991236050e+00 3.224901816168388585e-02
9.119000000000000000e+03 9.590086238954798059e-01 3.265054284778493021e-02
9.153000000000000000e+03 9.913635975408517931e-01 3.222108702705436117e-02
9.186000000000000000e+03 9.725056111388866720e-01 3.219194757552508446e-02
9.219000000000000000e+03 9.559212590218857386e-01 3.244328923998180542e-02
9.252000000000000000e+03 9.575736422963677663e-01 3.242025508395904310e-02
9.286000000000000000e+03 8.888529743950743800e-01 3.232178859307924257e-02
9.319000000000000000e+03 9.333048559021670521e-01 3.244927877987033998e-02
9.352000000000000000e+03 9.857808033516041180e-01 3.260815857277753194e-02
9.385000000000000000e+03 9.436528278303293327e-01 3.233280822286119932e-02
9.418000000000000000e+03 1.054052208914839861e+00 3.234131129547641870e-02
9.452000000000000000e+03 9.718757622478002567e-01 3.237685047897907037e-02
9.485000000000000000e+03 9.513272343834404676e-01 3.265495763550282232e-02
9.518000000000000000e+03 1.049377592938017800e+00 3.338938925552552284e-02
9.552000000000000000e+03 9.558566987689673944e-01 3.269728420110021988e-02
9.585000000000000000e+03 9.861004588083543965e-01 3.305185194934585902e-02
9.618000000000000000e+03 9.389029942135888041e-01 3.321713881710490479e-02
9.651000000000000000e+03 9.983981952829681372e-01 3.303534399530178717e-02
9.685000000000000000e+03 9.951800816946698713e-01 3.366946735236364674e-02
9.718000000000000000e+03 1.011266210593269266e+00 3.362797484549583105e-02
9.751000000000000000e+03 9.486763168445574435e-01 3.330983506003946243e-02
9.784000000000000000e+03 9.960306495366200163e-01 3.390094120571816166e-02
9.818000000000000000e+03 1.060398756448997393e+00 3.409725222728685751e-02
9.851000000000000000e+03 1.058383015188026022e+00 3.425685947871751763e-02
9.884000000000000000e+03 9.518937064532517756e-01 3.351879399480103133e-02
9.917000000000000000e+03 1.032997106857232561e+00 3.385801762403448795e-02
9.951000000000000000e+03 1.060663641068481100e+00 3.433724538447611302e-02
9.984000000000000000e+03 9.645405190487871261e-01 3.299812573835149421e-02
1.001700000000000000e+04 9.470919623562276124e-01 3.151014358384945924e-02
1.005000000000000000e+04 1.100836702450078697e+00 3.264153229647939053e-02
1.008400000000000000e+04 1.042664769605921471e+00 3.256266000469539013e-02
1.011700000000000000e+04 9.906926911063339558e-01 3.243120626665720041e-02
1.015000000000000000e+04 9.972376482119345020e-01 3.259040278748202152e-02
1.018400000000000000e+04 1.007236131912391697e+00 3.283225196640986165e-02
1.021700000000000000e+04 1.033206750828874254e+00 3.267750737778247344e-02
1.025000000000000000e+04 1.063317835331471839e+00 3.293323588993671280e-02
1.028300000000000000e+04 1.015489404679685848e+00 3.276408069464383649e-02
1.048800000000000000e+04 1.086327704394991045e+00 3.458700918114240158e-02
1.052100000000000000e+04 1.045537319163764245e+00 3.311686255986334704e-02
1.055400000000000000e+04 1.070385552717998623e+00 3.334980634576749370e-02
1.058700000000000000e+04 1.034078219836986889e+00 3.331655446925416153e-02
1.062100000000000000e+04 1.072195735512357251e+00 3.335188274786273638e-02
1.065400000000000000e+04 1.008703192087087919e+00 3.405404189008744836e-02
1.068700000000000000e+04 9.738840558222601196e-01 3.397405966867723948e-02
1.072000000000000000e+04 9.991350686989873831e-01 3.392438069615878043e-02
1.075400000000000000e+04 1.011160902512253212e+00 3.441656401699913492e-02
1.078700000000000000e+04 1.085522982205265219e+00 3.294839683597886731e-02
1.082000000000000000e+04 9.958275462454709848e-01 3.240939281016199519e-02
1.085300000000000000e+04 1.014746249608805329e+00 3.181229428954900074e-02
1.088700000000000000e+04 9.986664340450219779e-01 3.092511235289454111e-02
1.092000000000000000e+04 1.055299680414465868e+00 2.451739786709047908e-02
1.095300000000000000e+04 1.058655401404764440e+00 2.496257191240553938e-02
1.098600000000000000e+04 1.058309020729108818e+00 2.490635192060904404e-02
1.102000000000000000e+04 9.983641060621483154e-01 2.482072037263384490e-02
1.105300000000000000e+04 1.095625938397634336e+00 2.468158961418098069e-02
1.108600000000000000e+04 1.035983627507428562e+00 2.503206757301367630e-02
1.112000000000000000e+04 1.109460998685996902e+00 2.582460403310201172e-02
1.115300000000000000e+04 1.009006737137455589e+00 2.592006366520083205e-02
1.118600000000000000e+04 1.044774077842690607e+00 2.562586165328546023e-02
1.121900000000000000e+04 1.036394325301061459e+00 2.600046062480668163e-02
1.125300000000000000e+04 9.635047532111059576e-01 2.606734489900394344e-02
1.128600000000000000e+04 1.008968006256788286e+00 2.596633885339364942e-02
1.131900000000000000e+04 1.091138270764999030e+00 2.603109652100788624e-02
1.135200000000000000e+04 1.036447513463856662e+00 2.615935220477631773e-02
1.138600000000000000e+04 1.026085077135384660e+00 2.599460850328187342e-02
1.141900000000000000e+04 9.848403469280393452e-01 2.562378284319180230e-02
1.145200000000000000e+04 1.045321937756728214e+00 2.587884327697624956e-02
1.148600000000000000e+04 1.004102232026732100e+00 2.557359068581327444e-02
1.151900000000000000e+04 1.036993904557497848e+00 2.601371126055837535e-02
1.155300000000000000e+04 1.030850872749492497e+00 2.571135128540388837e-02
1.158600000000000000e+04 1.020167133786789915e+00 2.684825779514640048e-02
1.161900000000000000e+04 1.083868698137009146e+00 2.680335553295941711e-02
1.165200000000000000e+04 9.647948995871631350e-01 2.649157363458339021e-02
1.168600000000000000e+04 1.062029212512044518e+00 2.670348604689098959e-02
1.171900000000000000e+04 1.034629267837574806e+00 2.611942340816003627e-02
1.175200000000000000e+04 1.082665548148992851e+00 2.633460251045799047e-02
1.178500000000000000e+04 1.101820472276311635e+00 2.654821166112126749e-02
1.181800000000000000e+04 1.037237171444823414e+00 2.652057392859209425e-02
1.185200000000000000e+04 1.042200924808349027e+00 2.639082821814054541e-02
1.188500000000000000e+04 1.020131426350089798e+00 2.646893348871439886e-02
1.191800000000000000e+04 1.037298844951106247e+00 2.622210672337144111e-02
1.195100000000000000e+04 1.028797719062986671e+00 2.642677343316872027e-02
1.198500000000000000e+04 1.066311091830918212e+00 2.637362024341448688e-02
1.201800000000000000e+04 1.012747654784276641e+00 2.643915475156930275e-02
1.205100000000000000e+04 1.117063104893924796e+00 2.683617169373827410e-02
1.208400000000000000e+04 1.085670711496173002e+00 2.677304532563708553e-02
1.211800000000000000e+04 1.035186377364002652e+00 2.718785279080450368e-02
1.226100000000000000e+04 1.033070986316255935e+00 2.685110183829723246e-02
1.229400000000000000e+04 1.101873011292666682e+00 2.720853215464580366e-02
1.232800000000000000e+04 1.067810412592484770e+00 2.665634370596101088e-02
1.236100000000000000e+04 1.033632707627639036e+00 2.693489041463134268e-02
1.239400000000000000e+04 1.059000143368536317e+00 2.961661710165012368e-02
1.242700000000000000e+04 1.062797712287038676e+00 2.674737556948398459e-02
1.246100000000000000e+04 1.020517723459711146e+00 2.646566008492021518e-02
1.249400000000000000e+04 1.089815190630688324e+00 2.684783196793978990e-02
1.252700000000000000e+04 1.024598070122929361e+00 2.649242683366323861e-02
1.256000000000000000e+04 1.158446268835320314e+00 2.657490308840195631e-02
1.259300000000000000e+04 9.961590029054213646e-01 2.671909126942867072e-02
1.262700000000000000e+04 1.098361179020686418e+00 2.635256230665998511e-02
1.266000000000000000e+04 1.077754754543328142e+00 2.592238003832906743e-02
1.269300000000000000e+04 1.087098768593862674e+00 2.523884703097554333e-02
1.272700000000000000e+04 1.039115816369846623e+00 2.524965087439608874e-02
1.276000000000000000e+04 1.017999498707740758e+00 2.575492440590958915e-02
1.279400000000000000e+04 1.071669120967235544e+00 2.562367522812649887e-02
1.282700000000000000e+04 1.020529900042228766e+00 2.573997852409800474e-02
1.286000000000000000e+04 1.034983745962182677e+00 2.523426796543483397e-02
1.289400000000000000e+04 1.069944446386764225e+00 2.557864481033191376e-02
1.292700000000000000e+04 9.914894629314112695e-01 2.553941357638979046e-02
1.296000000000000000e+04 1.039183257202535682e+00 2.562337762528606872e-02
1.299300000000000000e+04 9.712251857996262450e-01 2.541142262122510209e-02
1.302700000000000000e+04 1.019790394404751277e+00 2.563407109524346028e-02
1.306000000000000000e+04 1.038417159572231130e+00 2.533746837878211519e-02
1.309300000000000000e+04 1.047426965894680873e+00 2.521007535865366772e-02
1.312600000000000000e+04 1.007999905185972711e+00 2.501586879236024005e-02
1.316000000000000000e+04 1.075369510396459560e+00 2.540627355683455768e-02
1.319300000000000000e+04 1.057773291073978994e+00 2.571844155125997330e-02
1.322600000000000000e+04 1.049805887173359320e+00 2.570003991825748138e-02
1.325900000000000000e+04 1.065296286458015773e+00 2.599662559153154487e-02
1.329300000000000000e+04 9.741444715552659561e-01 2.595745475557989165e-02
1.332600000000000000e+04 1.046819428976168309e+00 2.582400377471856523e-02
1.335900000000000000e+04 1.000324643417370485e+00 2.683989322891621593e-02
1.339200000000000000e+04 1.025729109539404327e+00 2.721775765773544811e-02
1.342500000000000000e+04 1.047951929259149040e+00 2.679413542639415280e-02
1.345900000000000000e+04 1.022049897468465529e+00 2.683130250178850096e-02
1.349200000000000000e+04 1.011398623305353572e+00 2.711746190665077424e-02
1.352500000000000000e+04 1.042726824805136676e+00 2.724603343313440965e-02
1.355800000000000000e+04 9.837094942965748379e-01 2.727914879092429093e-02
1.359200000000000000e+04 9.920089458164320639e-01 2.662207150264314995e-02
1.362500000000000000e+04 1.036989260440510652e+00 2.729400774922706788e-02
1.365800000000000000e+04 9.842649760076777055e-01 2.642177029229209398e-02
1.369200000000000000e+04 1.046791396222270798e+00 2.633487299862465741e-02
1.372500000000000000e+04 9.548688339632549482e-01 2.617047609737638281e-02
1.375800000000000000e+04 1.017524975950548249e+00 2.680447163401008387e-02
1.379100000000000000e+04 1.017168416608247972e+00 2.720776772126063184e-02
1.382500000000000000e+04 1.030700458452551649e+00 2.699503629250432982e-02
1.385800000000000000e+04 1.027287544032790212e+00 2.714564064749346375e-02
1.389100000000000000e+04 9.178475524734629465e-01 2.698753452058935340e-02
1.393300000000000000e+04 9.965505610053024821e-01 2.645852338862630590e-02
1.396700000000000000e+04 1.032100849229744766e+00 2.689244291517998986e-02
1.400000000000000000e+04 9.614660623199104972e-01 2.658583823170596744e-02
1.403300000000000000e+04 9.923053856728722977e-01 2.672440934929072934e-02
1.406600000000000000e+04 9.952382245049590237e-01 2.655497381756535130e-02
1.409900000000000000e+04 9.971433242774858652e-01 2.703349661748843946e-02
1.413300000000000000e+04 1.057010928715219844e+00 2.675245453879978794e-02
1.416600000000000000e+04 9.312308721630897512e-01 2.663807690764316907e-02
1.419900000000000000e+04 9.993487309813441355e-01 2.676708520816014486e-02
1.423200000000000000e+04 9.315169847524896740e-01 2.637983713626581087e-02
1.426600000000000000e+04 9.894207596046609154e-01 2.672607772206421484e-02
1.429900000000000000e+04 1.031067217786198364e+00 2.686823616339868021e-02
1.433200000000000000e+04 9.851841854114490316e-01 2.666097799243266619e-02
1.436500000000000000e+04 9.527503375354645643e-01 2.683147629504396142e-02
1.439900000000000000e+04 9.506966232989016996e-01 2.635296922656381324e-02
1.443200000000000000e+04 9.964619737003103106e-01 2.855195747460895564e-02
1.446500000000000000e+04 1.070948939104255260e+00 2.689083321470496502e-02
1.449800000000000000e+04 9.305071949479213345e-01 2.659845136932447590e-02
1.453100000000000000e+04 1.013406642248908085e+00 2.731869147309253648e-02
1.456500000000000000e+04 1.038277460751961812e+00 2.724940111005879143e-02
1.459800000000000000e+04 1.069506273356210846e+00 2.745583508508644618e-02
1.463100000000000000e+04 1.011654018341825223e+00 2.710398010596699880e-02
1.466400000000000000e+04 1.019821396009720660e+00 2.770175206844714341e-02
1.469800000000000000e+04 1.011227695969029172e+00 2.684410780603109503e-02
1.473100000000000000e+04 9.586931546541399562e-01 2.674307952080776096e-02
1.476400000000000000e+04 1.058499938727082146e+00 2.709106063793234598e-02
1.479700000000000000e+04 9.899293043983770080e-01 2.707961191130892759e-02
1.483100000000000000e+04 9.768235715319619761e-01 2.687068396639842593e-02
1.486400000000000000e+04 9.761422588088342067e-01 2.688354259940957391e-02
1.489700000000000000e+04 1.025555409544246732e+00 2.729204132341832637e-02
1.493000000000000000e+04 1.080472067270384917e+00 2.704826100669040223e-02
1.496300000000000000e+04 1.045184809888475730e+00 2.717132298406176039e-02
1.499700000000000000e+04 9.947884503216807284e-01 2.706548378026405258e-02
1.503000000000000000e+04 9.988404512830856286e-01 2.727755160027195078e-02
1.506300000000000000e+04 1.007381858055868218e+00 2.700482021976457689e-02
1.509600000000000000e+04 1.018909039825034446e+00 2.653290795958983955e-02
1.513000000000000000e+04 1.039052266414696390e+00 2.712566596507291761e-02
1.516300000000000000e+04 1.078061733480935924e+00 2.788807318279523315e-02
1.519600000000000000e+04 1.033038487691422258e+00 2.793013697775576648e-02
1.522900000000000000e+04 1.019215036887757941e+00 2.782081897366580486e-02
1.526300000000000000e+04 9.738132162616565113e-01 2.630188113801417565e-02
1.529600000000000000e+04 9.984959322717105179e-01 2.672822253184316613e-02
1.532900000000000000e+04 8.948893914052565846e-01 2.650553545479627029e-02
1.536200000000000000e+04 1.016504940593941475e+00 2.683092967397612827e-02
1.539600000000000000e+04 1.024394786224174236e+00 2.675301805707696462e-02
1.542900000000000000e+04 9.611904196711766879e-01 2.638166337639082440e-02
1.546200000000000000e+04 9.440970008300183514e-01 2.628318633908504134e-02
1.549600000000000000e+04 1.066001858155543047e+00 2.679508670819186200e-02
1.552900000000000000e+04 9.598749108716764233e-01 2.625386087628750822e-02
1.556200000000000000e+04 1.051848817115679458e+00 2.599690384078103336e-02
