0.000000000000000000e+00 9.988074447590697957e-01 2.880468557525376824e-02
3.400000000000000000e+01 1.010165067795672167e+00 2.891593287770353668e-02
6.900000000000000000e+01 1.006332018314481935e+00 2.855551390805886186e-02
1.050000000000000000e+02 1.013245806974608643e+00 2.945645076154453090e-02
1.400000000000000000e+02 9.684022929150080117e-01 2.931670801910836455e-02
1.750000000000000000e+02 1.012244916574415621e+00 2.913460913932468602e-02
2.100000000000000000e+02 1.023593004288653185e+00 2.901007836977025772e-02
2.450000000000000000e+02 9.852446245109459655e-01 2.922595069486104771e-02
2.790000000000000000e+02 1.031612278361758284e+00 2.908766853301266234e-02
3.140000000000000000e+02 9.513194530955443318e-01 2.892579125826830189e-02
3.490000000000000000e+02 9.954106365210635410e-01 2.911161787365032852e-02
3.840000000000000000e+02 9.598847539885572155e-01 2.888876381611665822e-02
4.190000000000000000e+02 1.013033318889043688e+00 2.902550002145742186e-02
4.540000000000000000e+02 1.026697445657747565e+00 2.885046891718146336e-02
4.890000000000000000e+02 9.815958788857080952e-01 2.888728366031145453e-02
5.230000000000000000e+02 1.063636852519512122e+00 2.911412823119681123e-02
5.580000000000000000e+02 9.373461032039869245e-01 2.911248581531979129e-02
5.930000000000000000e+02 1.018651338777555537e+00 2.940130731711855863e-02
6.280000000000000000e+02 9.647442230462025536e-01 2.924748988648113307e-02
6.630000000000000000e+02 9.636144987117618577e-01 2.936705995816746642e-02
6.980000000000000000e+02 9.995522963207270628e-01 2.927744451920040805e-02
7.330000000000000000e+02 9.062298286676002679e-01 2.927962681919337243e-02
7.680000000000000000e+02 1.023363458142565907e+00 2.935628715437990296e-02
8.030000000000000000e+02 9.388819428964259028e-01 2.932419133717942272e-02
8.380000000000000000e+02 9.718650572062503823e-01 2.944700090254525823e-02
8.730000000000000000e+02 9.989328722241400671e-01 2.931500134332244364e-02
9.080000000000000000e+02 9.839800056405256790e-01 2.936631094572867209e-02
9.420000000000000000e+02 9.765307684396953292e-01 2.953722922842373991e-02
9.770000000000000000e+02 9.466799667839266297e-01 2.927427761310887055e-02
1.012000000000000000e+03 9.956074436248937287e-01 2.931684423369705639e-02
1.047000000000000000e+03 1.002891217480682551e+00 2.944871640235088503e-02
1.082000000000000000e+03 9.288380668877832536e-01 2.911517672553020145e-02
1.117000000000000000e+03 9.458668066333326685e-01 2.919141581169309302e-02
1.152000000000000000e+03 9.155952007094535494e-01 2.913798319058974115e-02
1.187000000000000000e+03 9.353072820611619820e-01 2.926632382454795456e-02
1.222000000000000000e+03 9.745599241465829898e-01 2.912403850034431252e-02
1.256000000000000000e+03 9.646465298668732702e-01 2.952083006442331181e-02
1.291000000000000000e+03 9.416640978147063912e-01 2.942957318240184070e-02
1.326000000000000000e+03 9.558969846156419869e-01 2.947610047847069870e-02
1.361000000000000000e+03 9.149828436105230667e-01 2.905630283687099177e-02
1.396000000000000000e+03 9.624729814042752851e-01 2.919201613765387907e-02
1.431000000000000000e+03 9.219453577965289748e-01 2.937900222587713078e-02
1.466000000000000000e+03 9.410655388121597076e-01 2.942308376768418970e-02
1.501000000000000000e+03 9.682304852586652855e-01 2.925223843865333573e-02
1.535000000000000000e+03 8.913777031979336352e-01 2.924233186815765329e-02
1.570000000000000000e+03 9.460971697300595284e-01 2.951755133871742168e-02
1.605000000000000000e+03 9.361623355369734778e-01 2.905060859927652631e-02
1.640000000000000000e+03 9.272461983076979442e-01 2.907931627915696926e-02
1.675000000000000000e+03 8.900093868758536253e-01 2.934359524505482722e-02
1.710000000000000000e+03 9.148211146496155743e-01 2.922600015242511964e-02
1.758000000000000000e+03 8.935813415050513075e-01 2.919313157218194135e-02
1.793000000000000000e+03 9.238047750691568138e-01 2.888068790650304488e-02
1.827000000000000000e+03 9.563349517551515966e-01 2.899889047314936977e-02
1.862000000000000000e+03 8.856468943167060681e-01 2.870211959730870066e-02
1.897000000000000000e+03 8.849643359683478927e-01 2.878352657110386237e-02
1.932000000000000000e+03 9.251854767906820820e-01 2.879296465877515324e-02
1.967000000000000000e+03 8.828121581016549202e-01 2.910391141494088688e-02
2.002000000000000000e+03 8.829205846144303482e-01 2.899970487732954003e-02
2.037000000000000000e+03 8.891146096889799288e-01 2.906889940150566426e-02
2.072000000000000000e+03 8.885832679765387487e-01 2.904163542304998361e-02
2.107000000000000000e+03 9.293679887970538456e-01 2.907576871006132754e-02
2.142000000000000000e+03 9.287249755601837409e-01 2.890549255646148244e-02
2.177000000000000000e+03 8.809372998702393875e-01 2.920065914626620088e-02
2.212000000000000000e+03 9.207262126401785096e-01 2.917171171670524324e-02
2.247000000000000000e+03 8.512324688951223850e-01 2.898208517829943542e-02
2.282000000000000000e+03 8.370295587986700259e-01 2.907110006146517572e-02
2.316000000000000000e+03 8.302022367649455337e-01 2.904901591870575478e-02
2.351000000000000000e+03 9.210013801402023859e-01 2.908549215350565015e-02
2.386000000000000000e+03 9.523619385942079241e-01 2.908389850285741235e-02
2.421000000000000000e+03 8.877323411352814331e-01 2.911513264222883451e-02
2.456000000000000000e+03 8.208466789438058075e-01 2.910054948589549731e-02
2.491000000000000000e+03 8.864123034545658975e-01 2.935898144896034387e-02
2.526000000000000000e+03 9.329738029192228277e-01 2.921662572482934886e-02
2.561000000000000000e+03 8.496536553989972873e-01 2.919064183922728470e-02
2.596000000000000000e+03 8.691894275906033585e-01 2.905968366534237082e-02
2.631000000000000000e+03 8.574742627689739827e-01 2.932304464800586374e-02
2.666000000000000000e+03 8.635214403537530004e-01 2.925991348006539219e-02
2.701000000000000000e+03 8.558729229958129681e-01 2.937606990431300066e-02
2.736000000000000000e+03 9.084338736498716038e-01 2.924370276682340328e-02
2.770000000000000000e+03 8.211836172093444075e-01 2.946485708157244726e-02
2.805000000000000000e+03 8.520519247933536766e-01 2.931332890097813199e-02
2.840000000000000000e+03 8.270741272080428530e-01 2.966469817409065832e-02
2.875000000000000000e+03 8.502501107471315267e-01 2.948429588530738707e-02
2.910000000000000000e+03 8.800826836743117498e-01 2.953258509675881285e-02
2.945000000000000000e+03 7.826547740320792812e-01 2.936233035169088720e-02
2.980000000000000000e+03 8.328045742755598724e-01 2.930457057263551046e-02
3.014000000000000000e+03 8.285575889503574709e-01 2.950346463566036470e-02
3.049000000000000000e+03 8.463527061945129715e-01 2.952350781838622776e-02
3.084000000000000000e+03 8.348139254179108848e-01 2.957959529775943189e-02
3.119000000000000000e+03 8.618261391250970904e-01 2.969061388929894463e-02
3.154000000000000000e+03 7.881756918435334214e-01 2.925324912291310531e-02
3.189000000000000000e+03 7.736495670780246803e-01 2.948638777686243481e-02
3.224000000000000000e+03 8.852633447302007408e-01 2.955127712289001146e-02
3.259000000000000000e+03 8.455150921679019937e-01 2.970373639310217376e-02
3.294000000000000000e+03 8.769277801633620362e-01 2.970649285600339765e-02
3.329000000000000000e+03 8.400307052089219795e-01 2.971035569308362601e-02
3.364000000000000000e+03 8.003467834604045539e-01 2.969718129422911287e-02
3.399000000000000000e+03 7.621019577097348785e-01 2.975485070939409837e-02
3.433000000000000000e+03 8.645624130282288933e-01 2.973190548344592510e-02
3.468000000000000000e+03 8.937010828858222844e-01 2.975190682323226171e-02
3.512000000000000000e+03 8.522735203802599413e-01 2.956910631508959109e-02
3.547000000000000000e+03 8.132166158985005833e-01 3.010004192435901393e-02
3.582000000000000000e+03 8.152034900804996376e-01 2.975351376981576548e-02
3.617000000000000000e+03 8.858926979118731948e-01 2.981317540668774330e-02
3.652000000000000000e+03 8.478783522479010903e-01 2.928806857307351963e-02
3.687000000000000000e+03 8.719444848727363473e-01 2.950806892206273013e-02
3.722000000000000000e+03 8.384028320805630985e-01 2.942099401179345403e-02
3.757000000000000000e+03 8.829014610956119613e-01 2.964790194652017555e-02
3.792000000000000000e+03 8.562370554520402077e-01 2.937514992570126882e-02
3.827000000000000000e+03 8.506691669178669812e-01 2.935558578725208298e-02
3.862000000000000000e+03 8.373053092963697042e-01 2.941615266924510474e-02
3.897000000000000000e+03 7.883313461772749609e-01 2.922025660834623104e-02
3.931000000000000000e+03 8.709834543023040609e-01 2.949542764303620529e-02
3.966000000000000000e+03 8.601232737703125020e-01 2.941744760201751505e-02
4.001000000000000000e+03 8.361755443823630785e-01 2.940970355648018369e-02
4.036000000000000000e+03 8.583722921960897922e-01 2.932712584325551999e-02
4.071000000000000000e+03 8.565411440826227185e-01 2.942486207531531950e-02
4.106000000000000000e+03 9.159322782751441183e-01 2.943362913061541367e-02
4.141000000000000000e+03 8.123848374760708202e-01 2.928342415349223168e-02
4.176000000000000000e+03 8.138455488249292102e-01 2.925188867563466300e-02
4.211000000000000000e+03 8.467635138555758001e-01 2.936154534796533988e-02
4.246000000000000000e+03 8.870144369523200734e-01 2.940299665736920837e-02
4.281000000000000000e+03 8.265635498495481626e-01 2.954498329801859627e-02
4.316000000000000000e+03 8.456040683906042021e-01 2.949507280029982012e-02
4.351000000000000000e+03 8.444955239707061523e-01 2.951791601181769781e-02
4.386000000000000000e+03 8.760718721495883710e-01 2.949951907177839408e-02
4.421000000000000000e+03 8.801150650987743518e-01 2.979658558616955777e-02
4.455000000000000000e+03 9.076779312582962111e-01 2.949931422012200960e-02
4.490000000000000000e+03 9.055701437440080159e-01 2.977515629470313743e-02
4.525000000000000000e+03 9.543004569066408926e-01 2.995570994122993477e-02
4.560000000000000000e+03 9.366100683442987185e-01 2.992988634773977724e-02
4.595000000000000000e+03 8.523095421897022295e-01 2.991658763724433859e-02
4.630000000000000000e+03 8.850429717745582625e-01 3.013679477620887989e-02
4.665000000000000000e+03 8.913400950692548230e-01 3.046595458468679893e-02
4.700000000000000000e+03 9.179837607915019015e-01 3.006159300572645854e-02
4.735000000000000000e+03 9.101321372602048099e-01 3.000705731702150297e-02
4.770000000000000000e+03 8.585970483108700257e-01 3.026784467903386247e-02
4.805000000000000000e+03 9.077813899154505428e-01 3.013479315458367919e-02
4.839000000000000000e+03 8.507234519645512361e-01 3.013239914384168230e-02
4.874000000000000000e+03 8.919391282894471029e-01 3.042094565423433816e-02
4.909000000000000000e+03 8.509066021146465264e-01 3.041069840127347615e-02
4.944000000000000000e+03 9.561679390248495336e-01 3.041879158080549803e-02
4.979000000000000000e+03 9.253895536980023540e-01 3.017556835776664254e-02
5.014000000000000000e+03 9.464001842726021962e-01 3.043480839976738656e-02
5.049000000000000000e+03 9.485736284019904430e-01 3.012634409605538868e-02
5.084000000000000000e+03 8.951124324770401985e-01 3.027215639806840608e-02
5.119000000000000000e+03 8.786850406395710911e-01 3.038840430476988722e-02
5.154000000000000000e+03 9.235113437938723413e-01 3.026404471695412490e-02
5.189000000000000000e+03 9.203451214990119311e-01 3.041685106162365232e-02
5.224000000000000000e+03 8.741075715581384520e-01 3.055032572794772611e-02
5.268000000000000000e+03 9.219739964054182169e-01 3.047194668076713339e-02
5.303000000000000000e+03 9.241070179263124462e-01 3.029920189957222704e-02
5.338000000000000000e+03 9.612899774021338439e-01 3.043733997138896308e-02
5.373000000000000000e+03 9.309971923675016692e-01 3.052064409246873708e-02
5.407000000000000000e+03 9.517013612681114454e-01 3.033172354922689107e-02
5.442000000000000000e+03 9.438243465820665978e-01 3.041758500573872592e-02
5.477000000000000000e+03 9.753824946869932289e-01 3.042568623821615206e-02
5.512000000000000000e+03 9.601540330623972164e-01 3.064599969400330637e-02
5.547000000000000000e+03 8.725153452508326302e-01 3.020986441591006974e-02
5.582000000000000000e+03 9.485759490234333402e-01 3.066349989810988885e-02
5.617000000000000000e+03 9.354336026000601434e-01 3.056584777253129603e-02
5.652000000000000000e+03 9.642087400044724310e-01 3.039907032891808053e-02
5.687000000000000000e+03 9.236535323275079090e-01 3.047406465388608973e-02
5.722000000000000000e+03 9.740609220629761200e-01 3.037684237060673392e-02
5.757000000000000000e+03 9.404835462328793305e-01 3.079277608471994374e-02
5.791000000000000000e+03 9.247820555274421928e-01 3.077100305424820478e-02
5.826000000000000000e+03 9.947639987653048577e-01 3.051166768206840102e-02
5.861000000000000000e+03 9.962853178442089286e-01 3.061093767669824037e-02
5.896000000000000000e+03 9.682489597739774023e-01 3.045087667733089448e-02
5.931000000000000000e+03 1.030229656133667238e+00 3.025520749364308745e-02
5.966000000000000000e+03 9.188829270116408710e-01 3.049784365599293029e-02
6.001000000000000000e+03 9.744193073972157171e-01 3.082060449091834214e-02
6.036000000000000000e+03 9.574532549824489314e-01 3.060308517486929822e-02
6.071000000000000000e+03 1.000447703679272937e+00 3.056473503640694256e-02
6.106000000000000000e+03 9.732533945784050955e-01 3.074687528683748422e-02
6.141000000000000000e+03 9.340043628887660931e-01 3.069674503726438700e-02
6.176000000000000000e+03 9.767872879727298452e-01 3.044450169890220576e-02
6.210000000000000000e+03 9.125096360824767050e-01 3.069574436412597640e-02
6.245000000000000000e+03 9.571769444202665733e-01 3.057430747485149342e-02
6.280000000000000000e+03 8.829649708061323432e-01 3.066942405254054899e-02
6.315000000000000000e+03 9.779335987252771867e-01 3.078173959167259527e-02
6.350000000000000000e+03 9.706999836147039984e-01 3.084719240163405832e-02
6.385000000000000000e+03 1.015905985010054913e+00 3.077956577492102497e-02
6.420000000000000000e+03 9.682846488333585189e-01 3.073959753580906770e-02
6.455000000000000000e+03 9.958180805221151788e-01 3.091915680243335560e-02
6.490000000000000000e+03 9.776271405997425390e-01 3.062695046211194594e-02
6.525000000000000000e+03 1.033190609087676348e+00 3.079279370023563916e-02
6.560000000000000000e+03 9.904470544497863127e-01 3.064355105946216587e-02
6.594000000000000000e+03 1.004182833873314973e+00 3.062460143554977116e-02
6.629000000000000000e+03 1.018180809866287895e+00 3.112034352192708658e-02
6.664000000000000000e+03 1.012553261160468843e+00 3.090535753831472748e-02
6.699000000000000000e+03 9.615310852216840676e-01 3.090103478880754442e-02
6.734000000000000000e+03 9.430974356019431459e-01 3.101093990114961799e-02
6.769000000000000000e+03 9.952268700877903163e-01 3.101027913373795991e-02
6.804000000000000000e+03 1.011242184254781407e+00 3.079837079343439657e-02
6.839000000000000000e+03 1.046052534771231279e+00 3.111256567751357477e-02
6.874000000000000000e+03 1.005654952598599161e+00 3.108957413606618092e-02
6.909000000000000000e+03 1.021747675917973774e+00 3.113868742930389968e-02
6.944000000000000000e+03 1.012206650874032832e+00 3.090417335562115411e-02
6.978000000000000000e+03 1.003329111295017340e+00 3.087732321870196792e-02
7.036000000000000000e+03 1.000468848093785779e+00 3.090070200176988843e-02
7.071000000000000000e+03 1.025280703717893038e+00 3.090713545428512565e-02
7.106000000000000000e+03 1.094049507447180103e+00 3.081328860358421851e-02
7.141000000000000000e+03 1.063168931346717416e+00 3.113194451793200104e-02
7.176000000000000000e+03 1.062045988332522395e+00 3.080387853221450145e-02
7.211000000000000000e+03 1.003716529610897856e+00 3.107417354896047437e-02
7.246000000000000000e+03 1.066743651252457514e+00 2.901897139350697458e-02
7.281000000000000000e+03 1.072295241823995271e+00 2.461932386785451940e-02
7.316000000000000000e+03 1.033791776026464326e+00 2.454162143911846686e-02
7.351000000000000000e+03 1.027698708107768422e+00 2.429529973327742773e-02
7.386000000000000000e+03 1.016217267063663332e+00 2.457965544473885919e-02
7.421000000000000000e+03 1.056092351873515245e+00 2.463745359612940292e-02
7.456000000000000000e+03 1.039914682344224683e+00 2.506215339246989360e-02
7.491000000000000000e+03 1.043631646803160340e+00 2.500299003971487646e-02
7.526000000000000000e+03 1.091372200739267662e+00 2.552697320546349832e-02
7.561000000000000000e+03 1.040314649029893124e+00 2.598644678115299284e-02
7.596000000000000000e+03 1.051375481534192691e+00 2.536194554552945180e-02
7.631000000000000000e+03 1.065567359603912800e+00 2.519592726822495951e-02
7.666000000000000000e+03 1.004379604880128340e+00 2.505144267717067039e-02
7.700000000000000000e+03 1.046804453747200103e+00 2.567934628583486145e-02
7.735000000000000000e+03 1.047942644625415642e+00 2.552304285073784054e-02
7.770000000000000000e+03 1.040173073839441242e+00 2.502278869411356590e-02
7.805000000000000000e+03 1.068379015546192301e+00 2.564412260974879149e-02
7.840000000000000000e+03 1.023198000959106402e+00 2.553583867720253878e-02
7.875000000000000000e+03 1.063415628331399798e+00 2.495316964058068646e-02
7.910000000000000000e+03 1.116945871602233575e+00 2.484252730906723328e-02
7.945000000000000000e+03 1.141317431447928632e+00 2.521007087894676021e-02
7.979000000000000000e+03 1.119602501762641200e+00 2.520927116867492310e-02
8.014000000000000000e+03 1.072914591071595591e+00 2.529303754668286650e-02
8.049000000000000000e+03 1.078174597345225250e+00 2.587218463756024017e-02
8.084000000000000000e+03 1.017449787312497467e+00 2.607122186611461265e-02
8.119000000000000000e+03 1.037441611107140282e+00 2.507172342766491799e-02
8.154000000000000000e+03 1.059860028449917557e+00 2.482977339158726204e-02
8.189000000000000000e+03 1.026255798735537184e+00 2.606175295921049975e-02
8.224000000000000000e+03 1.078656799565863800e+00 2.585260203942651991e-02
8.259000000000000000e+03 1.085862173627099692e+00 2.485496236877995924e-02
8.294000000000000000e+03 1.100374566440067925e+00 2.475514073845633267e-02
8.329000000000000000e+03 1.074783760241481589e+00 2.450946158477175507e-02
8.364000000000000000e+03 1.153003379279040175e+00 2.441694065874501496e-02
8.398000000000000000e+03 1.114778529558867248e+00 2.464568131178825061e-02
8.433000000000000000e+03 1.100420099526217887e+00 2.432045816321348752e-02
8.468000000000000000e+03 1.147215492770314649e+00 2.454546737395640194e-02
8.503000000000000000e+03 1.087019794988268506e+00 2.470263322391014899e-02
8.538000000000000000e+03 1.143600837502049439e+00 2.446244103385215515e-02
8.573000000000000000e+03 1.080691321696929830e+00 2.463791236530671683e-02
8.608000000000000000e+03 1.181800441597546270e+00 2.491895039717811206e-02
8.643000000000000000e+03 1.101297556603671124e+00 2.453611566707481276e-02
8.678000000000000000e+03 1.182697818840016346e+00 2.457894243887242050e-02
8.712000000000000000e+03 1.115739770000261144e+00 2.465963871687908843e-02
8.747000000000000000e+03 1.093618603362610298e+00 2.457000745363003072e-02
8.799000000000000000e+03 1.130273100044833834e+00 2.455087985173410800e-02
8.834000000000000000e+03 1.145414388313380050e+00 2.479793515539804524e-02
8.869000000000000000e+03 1.126781470076140046e+00 2.461501990680157320e-02
8.904000000000000000e+03 1.128764072707126864e+00 2.452116913693759559e-02
8.939000000000000000e+03 1.150106454848931481e+00 2.476485709634416651e-02
8.973000000000000000e+03 1.082149043697653523e+00 2.482636725883458767e-02
9.008000000000000000e+03 1.170625792225826078e+00 2.486367578776393222e-02
9.043000000000000000e+03 1.137929023392817429e+00 2.491466723709342621e-02
9.078000000000000000e+03 1.156725191274323494e+00 2.501263035643521912e-02
9.113000000000000000e+03 1.157588192938399541e+00 2.521424890535777300e-02
9.148000000000000000e+03 1.153079654734643134e+00 2.506510952203779008e-02
9.183000000000000000e+03 1.171079662695366119e+00 2.501965011575006670e-02
9.218000000000000000e+03 1.151866631914060690e+00 2.514421844732042319e-02
9.253000000000000000e+03 1.165144612901367172e+00 2.494359342855691566e-02
9.288000000000000000e+03 1.175234256032119173e+00 2.500512964016324280e-02
9.322000000000000000e+03 1.204935480438575013e+00 2.469962797806901297e-02
9.357000000000000000e+03 1.146643866305290027e+00 2.497535860486081727e-02
9.392000000000000000e+03 1.169024743571555724e+00 2.511971925897761929e-02
9.427000000000000000e+03 1.102288330796762139e+00 2.527907725340124492e-02
9.462000000000000000e+03 1.134821819964078271e+00 2.494208863949440302e-02
9.497000000000000000e+03 1.095611836053275168e+00 2.498697972703871339e-02
9.532000000000000000e+03 1.192806237567833882e+00 2.503729198868409264e-02
9.567000000000000000e+03 1.154008800164098902e+00 2.507197741632107013e-02
9.602000000000000000e+03 1.187471872498096381e+00 2.495995709172234636e-02
9.636000000000000000e+03 1.198954440180675762e+00 2.517896543643829282e-02
9.671000000000000000e+03 1.197783662021986606e+00 2.520178341485717829e-02
9.706000000000000000e+03 1.134055842298156147e+00 2.487222820530622311e-02
9.741000000000000000e+03 1.179357703461207718e+00 2.545228347210569397e-02
9.776000000000000000e+03 1.205102596095977363e+00 2.542109634430550144e-02
9.811000000000000000e+03 1.096453513443016892e+00 2.552942919961699239e-02
9.846000000000000000e+03 1.153945815235392525e+00 2.532178759527737785e-02
9.881000000000000000e+03 1.157728936122423891e+00 2.545218237599448929e-02
9.916000000000000000e+03 1.201595201385337264e+00 2.540056037772566930e-02
9.951000000000000000e+03 1.152156666175894406e+00 2.547278487884923823e-02
9.986000000000000000e+03 1.191056473875273136e+00 2.518069911776716144e-02
1.002100000000000000e+04 1.125967745569463441e+00 2.478046073158733306e-02
1.005500000000000000e+04 1.149150512909247412e+00 2.489555863434099806e-02
1.009000000000000000e+04 1.192594789385409415e+00 2.480663892776664020e-02
1.012500000000000000e+04 1.201254695539607287e+00 2.498682060795120660e-02
1.016000000000000000e+04 1.224832293248788506e+00 2.485762306672515548e-02
1.019500000000000000e+04 1.246503963207810983e+00 2.492189813689568711e-02
1.023000000000000000e+04 1.159429679262492519e+00 2.473536624384567451e-02
1.026500000000000000e+04 1.169511875611496388e+00 2.500768282481016444e-02
1.030000000000000000e+04 1.236604139229123156e+00 2.472574889441160953e-02
1.033400000000000000e+04 1.219669184404570172e+00 2.502786933536312389e-02
1.036900000000000000e+04 1.165607529646914164e+00 2.463881952786029297e-02
1.040400000000000000e+04 1.206330055373271870e+00 2.477920765286464877e-02
1.043900000000000000e+04 1.160926569060996449e+00 2.473530615140497740e-02
1.047400000000000000e+04 1.202415542991108977e+00 2.479288043884240317e-02
1.050900000000000000e+04 1.166413529885176548e+00 2.471627883456970973e-02
1.056000000000000000e+04 1.208140613941726782e+00 2.486816292268953857e-02
1.059500000000000000e+04 1.172344224047209948e+00 2.490098693053127699e-02
1.063000000000000000e+04 1.157890490511829018e+00 2.481504461513745624e-02
1.066400000000000000e+04 1.212377015494623178e+00 2.468008603750188740e-02
1.069900000000000000e+04 1.211376777788166548e+00 2.495639526284055415e-02
1.073400000000000000e+04 1.218922289543756809e+00 2.496478444999359822e-02
1.076900000000000000e+04 1.145422059295799544e+00 2.468395780954645707e-02
1.080400000000000000e+04 1.150901533345504157e+00 2.492092779640470504e-02
1.083900000000000000e+04 1.205147841192293789e+00 2.472635282072797869e-02
1.087400000000000000e+04 1.189763295442021862e+00 2.502572454855847561e-02
1.090900000000000000e+04 1.234036392389191272e+00 2.498673812061299668e-02
1.094400000000000000e+04 1.217461147022178558e+00 2.474284531925235661e-02
1.097900000000000000e+04 1.233427169572971271e+00 2.478794340830516724e-02
1.101400000000000000e+04 1.192573316883271728e+00 2.510888451402135471e-02
1.104900000000000000e+04 1.195222215668538146e+00 2.497534816670856847e-02
1.108400000000000000e+04 1.217035723120264201e+00 2.513321101594789136e-02
1.111900000000000000e+04 1.233328659710987596e+00 2.497259904236071026e-02
1.115400000000000000e+04 1.242075929249314425e+00 2.489500486428499609e-02
1.118900000000000000e+04 1.172220424605197930e+00 2.487779308971788811e-02
1.122300000000000000e+04 1.215297202836302048e+00 2.525568635529868572e-02
1.125800000000000000e+04 1.241022797153617407e+00 2.548647691466455339e-02
1.129300000000000000e+04 1.217190472377497334e+00 2.516384635108330839e-02
1.132800000000000000e+04 1.210321005308362396e+00 2.524375100334582886e-02
1.136300000000000000e+04 1.179401411389070953e+00 2.522318378241032027e-02
1.139800000000000000e+04 1.243759731215300146e+00 2.527267786750171663e-02
1.143300000000000000e+04 1.224251675092246305e+00 2.519353626304963664e-02
1.146800000000000000e+04 1.220317141106782799e+00 2.514527723326057465e-02
1.150200000000000000e+04 1.207740085330633484e+00 2.516175764484748431e-02
1.153700000000000000e+04 1.203279672893729391e+00 2.491985390040526993e-02
1.157200000000000000e+04 1.187129027358410305e+00 2.485981319878772730e-02
1.160700000000000000e+04 1.193888397113268107e+00 2.476706132845188715e-02
1.164200000000000000e+04 1.226383312739388831e+00 2.457528022351929825e-02
1.167700000000000000e+04 1.202680372537271225e+00 2.438090600537036814e-02
1.171200000000000000e+04 1.207731670844343741e+00 2.445553944418664416e-02
1.174700000000000000e+04 1.233208371902130063e+00 2.455510041566627902e-02
1.178200000000000000e+04 1.199716378281239670e+00 2.444869468176963725e-02
1.181700000000000000e+04 1.226511635645961551e+00 2.465325046489983546e-02
1.185100000000000000e+04 1.214427732505376945e+00 2.454733180592763228e-02
1.188600000000000000e+04 1.198275634744396578e+00 2.439735147847425095e-02
1.192100000000000000e+04 1.168422006012862502e+00 2.452450863739975492e-02
1.195600000000000000e+04 1.216215147141209041e+00 2.465696083001247749e-02
1.199100000000000000e+04 1.221645935683088435e+00 2.464383280187785324e-02
1.202600000000000000e+04 1.248018285047173492e+00 2.467261173477236155e-02
1.206100000000000000e+04 1.208016992694129099e+00 2.447525223856344273e-02
1.209600000000000000e+04 1.213107420583053875e+00 2.460904227023175475e-02
1.213000000000000000e+04 1.203347170722254722e+00 2.472711534120857271e-02
1.216500000000000000e+04 1.175750177127480089e+00 2.455710693424370886e-02
1.220000000000000000e+04 1.173834683897272413e+00 2.485293030819714366e-02
1.223500000000000000e+04 1.279729438611710179e+00 2.507155976944799858e-02
1.227000000000000000e+04 1.181505776780846118e+00 2.491713528559702170e-02
