0.000000000000000000e+00 6.079095428268574963e-01 9.769514020115778463e-02
3.500000000000000000e+01 7.405575120023653035e-01 9.684870560734243350e-02
7.000000000000000000e+01 9.016821423343124309e-01 9.715855825269964496e-02
1.040000000000000000e+02 9.993284674343867469e-01 9.585529342059424807e-02
1.390000000000000000e+02 7.545243681684055126e-01 9.678654655287556585e-02
1.740000000000000000e+02 7.221377817316575465e-01 9.719088681698051513e-02
2.090000000000000000e+02 6.875854537822296830e-01 9.738033421529411482e-02
2.440000000000000000e+02 9.333539437133318017e-01 9.636382692698416963e-02
2.790000000000000000e+02 9.820913924264075279e-01 9.707822207944195869e-02
3.140000000000000000e+02 7.735489606157571751e-01 9.644555414052405351e-02
3.490000000000000000e+02 8.988176130067710989e-01 9.672257294207821376e-02
3.840000000000000000e+02 1.073365511974039510e+00 9.764696747626755435e-02
4.180000000000000000e+02 9.974243587738681471e-01 9.727898952599704774e-02
4.530000000000000000e+02 6.941228424852524670e-01 9.732543556084630176e-02
4.880000000000000000e+02 1.004961542671345409e+00 9.745582352451903629e-02
5.230000000000000000e+02 1.126475509127208952e+00 9.834466802787324158e-02
5.580000000000000000e+02 9.182611133890227206e-01 9.787445995046620273e-02
5.930000000000000000e+02 1.076279275500566346e+00 9.747397250413802894e-02
6.280000000000000000e+02 1.017013072673963237e+00 9.755791511171622854e-02
6.630000000000000000e+02 9.689481338362820884e-01 9.866744988886125278e-02
6.980000000000000000e+02 1.106418271693764943e+00 9.861517271669403839e-02
7.320000000000000000e+02 1.096792476914573156e+00 9.840311235684562341e-02
7.670000000000000000e+02 1.161036466162066016e+00 9.819600835103926839e-02
8.020000000000000000e+02 1.044825125525587817e+00 9.911722095551755984e-02
8.370000000000000000e+02 9.493086093244780255e-01 9.939966988100248924e-02
8.720000000000000000e+02 1.089896022206101156e+00 9.760336247520173814e-02
9.070000000000000000e+02 1.152280135246299908e+00 9.828859437485222561e-02
9.420000000000000000e+02 8.901333493244465433e-01 9.754178871707394616e-02
9.770000000000000000e+02 1.054341047022530509e+00 9.909469900529974118e-02
1.012000000000000000e+03 9.259281226279618693e-01 9.751009337707226832e-02
1.046000000000000000e+03 1.050007010085802550e+00 9.864535133475677009e-02
1.081000000000000000e+03 1.124111627577914385e+00 9.806856311790844438e-02
1.116000000000000000e+03 9.627520685779926701e-01 9.713262868375240056e-02
1.151000000000000000e+03 1.044450134991399937e+00 9.702616584989331994e-02
1.186000000000000000e+03 1.031586074317667689e+00 9.774360687118342772e-02
1.221000000000000000e+03 1.139882006406494508e+00 9.816936830952729953e-02
1.256000000000000000e+03 1.258866881248459801e+00 9.891261387905683766e-02
1.290000000000000000e+03 1.129959359569399080e+00 9.713014034211071845e-02
1.325000000000000000e+03 8.979729682663951662e-01 9.707364016987758693e-02
1.360000000000000000e+03 1.034334716931812004e+00 9.716576535010165716e-02
1.395000000000000000e+03 1.194625427498010595e+00 9.717105240592822935e-02
1.430000000000000000e+03 1.165323796759547337e+00 9.617303080286779271e-02
1.465000000000000000e+03 9.618598487626359717e-01 9.833759109614163829e-02
1.500000000000000000e+03 1.132069800306798157e+00 9.674824541797386046e-02
1.535000000000000000e+03 1.076307580777775552e+00 9.669897675530077230e-02
1.570000000000000000e+03 1.104949455890788856e+00 9.684044565699234663e-02
1.605000000000000000e+03 1.069266567451316652e+00 9.656458597150831269e-02
1.639000000000000000e+03 1.133939772298212967e+00 9.725754365074092134e-02
1.674000000000000000e+03 1.020404398121795619e+00 9.750111596577500095e-02
1.709000000000000000e+03 1.177477908901849446e+00 9.634776372663748922e-02
1.756000000000000000e+03 1.172458284582728494e+00 9.733349104405793206e-02
1.791000000000000000e+03 1.014493796295590888e+00 9.647068484111032127e-02
1.826000000000000000e+03 1.071109846572675384e+00 9.591519276269840077e-02
1.861000000000000000e+03 9.808926052172951549e-01 9.598577200595770353e-02
1.896000000000000000e+03 1.141204565235292678e+00 9.541373200703692770e-02
1.931000000000000000e+03 1.044555109880364041e+00 9.621891962499935780e-02
1.966000000000000000e+03 1.050009820180097364e+00 9.557869261292747942e-02
2.001000000000000000e+03 9.835606086374264478e-01 9.544158034322859641e-02
2.036000000000000000e+03 1.175698982402029413e+00 9.564328128972100773e-02
2.070000000000000000e+03 9.983664227410640191e-01 9.674886156288431405e-02
2.105000000000000000e+03 1.223161498903734934e+00 9.645528785796550486e-02
2.140000000000000000e+03 1.045211539136045920e+00 9.673360424026115900e-02
2.175000000000000000e+03 1.051591482148596546e+00 9.715737800849244543e-02
2.210000000000000000e+03 9.602169388169395914e-01 9.738259875257616882e-02
2.245000000000000000e+03 1.033460578370226646e+00 9.765507316689372996e-02
2.280000000000000000e+03 1.039736858121162566e+00 9.732530237966544040e-02
2.315000000000000000e+03 9.832039117141717632e-01 9.671803737440740067e-02
2.350000000000000000e+03 1.012280052702742017e+00 9.682009112154621455e-02
2.385000000000000000e+03 1.007379856512045979e+00 9.762564409834770252e-02
2.420000000000000000e+03 1.136847142900997865e+00 9.699881579868374626e-02
2.455000000000000000e+03 1.182079371956580971e+00 9.675551937291354543e-02
2.490000000000000000e+03 1.135881838367303054e+00 9.778896774916452650e-02
2.525000000000000000e+03 1.322552916378803900e+00 9.911276681531860921e-02
2.559000000000000000e+03 9.855253802738899171e-01 9.781959014680706443e-02
2.594000000000000000e+03 9.282676233324338444e-01 9.694929322488592127e-02
2.629000000000000000e+03 9.050038103468673878e-01 9.739988665950929936e-02
2.664000000000000000e+03 1.012396383166777492e+00 9.741219494212013941e-02
2.699000000000000000e+03 9.180144956492207742e-01 9.636123937970761388e-02
2.734000000000000000e+03 1.019480457141807683e+00 9.592501768020146591e-02
2.769000000000000000e+03 1.152339145897740114e+00 9.711427280211944180e-02
2.804000000000000000e+03 1.075973178623937487e+00 9.687331283227124112e-02
2.838000000000000000e+03 9.817015960035557764e-01 9.786860349208453824e-02
2.873000000000000000e+03 1.060842740660590033e+00 9.764325870203574564e-02
2.908000000000000000e+03 1.172284152351245945e+00 9.696218915055777876e-02
2.943000000000000000e+03 1.064604983386000958e+00 9.752348989269613022e-02
2.978000000000000000e+03 1.097263471087843278e+00 9.814099591633622388e-02
3.013000000000000000e+03 1.135600583782517825e+00 9.742848890619129620e-02
3.048000000000000000e+03 1.104344256287642656e+00 9.719904586709568473e-02
3.083000000000000000e+03 1.203463971106515817e+00 9.799534000488331620e-02
3.117000000000000000e+03 1.141003881334958781e+00 9.822587007705319007e-02
3.152000000000000000e+03 9.931619531642013055e-01 9.650262042336013590e-02
3.187000000000000000e+03 1.179747337235968585e+00 9.661649494198379373e-02
3.222000000000000000e+03 1.071341116206204980e+00 9.705078571420050482e-02
3.257000000000000000e+03 1.133742736377539417e+00 9.835090745949522095e-02
3.292000000000000000e+03 1.009309450629066740e+00 9.746078999359653050e-02
3.327000000000000000e+03 1.104357476296070395e+00 9.832698935039517474e-02
3.362000000000000000e+03 9.980171072826101719e-01 9.785608562912805064e-02
3.396000000000000000e+03 1.047981961862079370e+00 9.679672423707130768e-02
3.431000000000000000e+03 1.197668301515023348e+00 9.830155774935819823e-02
3.466000000000000000e+03 1.125861463529246098e+00 9.621861714465403115e-02
3.511000000000000000e+03 1.072523357402680233e+00 9.480744135339298773e-02
3.546000000000000000e+03 9.242162942005647253e-01 9.514441098917440776e-02
3.581000000000000000e+03 1.175866306680332984e+00 9.550673908881826546e-02
3.616000000000000000e+03 8.793906223280576473e-01 9.656025824815553382e-02
3.651000000000000000e+03 1.246988122033619417e+00 9.652569414999825903e-02
3.685000000000000000e+03 1.149061277236844925e+00 9.714217581472368856e-02
3.720000000000000000e+03 1.165715996940393184e+00 9.636935677555101554e-02
3.755000000000000000e+03 1.012998467533963831e+00 9.623778969876881084e-02
3.790000000000000000e+03 9.756018912289590173e-01 9.673487640155217782e-02
3.825000000000000000e+03 1.015405754621698575e+00 9.682152149494549498e-02
3.860000000000000000e+03 1.309762729139953619e+00 9.576742932284967869e-02
3.895000000000000000e+03 1.025529445959871611e+00 9.586737532994622779e-02
3.930000000000000000e+03 9.885034710577705885e-01 9.646738842429740390e-02
3.965000000000000000e+03 9.014343118652469178e-01 9.605662570976594705e-02
4.000000000000000000e+03 9.012604201142739857e-01 9.627897553091510630e-02
4.034000000000000000e+03 1.071571180705835014e+00 9.644438631874951984e-02
4.069000000000000000e+03 9.347221145908908291e-01 9.597147745783563000e-02
4.104000000000000000e+03 8.203002368073972761e-01 9.635603698751292467e-02
4.139000000000000000e+03 1.029659732567590247e+00 9.619031950447311241e-02
4.174000000000000000e+03 9.929158326748690477e-01 9.639918637906499943e-02
4.209000000000000000e+03 1.118463576345287702e+00 9.744237310539707875e-02
4.244000000000000000e+03 9.762279900408898925e-01 9.675221611707301994e-02
4.279000000000000000e+03 9.269494154025914590e-01 9.639475687657826641e-02
4.313000000000000000e+03 9.041493219224558953e-01 9.640289976418341122e-02
4.348000000000000000e+03 1.181112991699592829e+00 9.592064249310261470e-02
4.383000000000000000e+03 1.011492220358818583e+00 9.577566631311720813e-02
4.418000000000000000e+03 1.109594090755912310e+00 9.662676947173030884e-02
4.453000000000000000e+03 1.074177979951580708e+00 9.566668230443908794e-02
4.488000000000000000e+03 1.085426635058410083e+00 9.543508058668422056e-02
4.523000000000000000e+03 9.518780723816480105e-01 9.537789896730439199e-02
4.558000000000000000e+03 9.176816697978685822e-01 9.553441877382883030e-02
4.593000000000000000e+03 9.422808430685877257e-01 9.598586027514978414e-02
4.628000000000000000e+03 1.021706292744886113e+00 9.759011667531913847e-02
4.662000000000000000e+03 9.332577119145563094e-01 9.645793211250008881e-02
4.697000000000000000e+03 7.900178493780801725e-01 9.622358376124633128e-02
4.732000000000000000e+03 1.140433108555598984e+00 9.617926034001450519e-02
4.767000000000000000e+03 8.835488067907864007e-01 9.639948466694908680e-02
4.802000000000000000e+03 8.178824765438749145e-01 9.554348592457281852e-02
4.837000000000000000e+03 8.405148156057481446e-01 9.531691539947041714e-02
4.872000000000000000e+03 1.072423718863053210e+00 9.633746070049631349e-02
4.907000000000000000e+03 1.043550259048668050e+00 9.579512766031378357e-02
4.942000000000000000e+03 8.062420859692045472e-01 9.575749597896252019e-02
4.976000000000000000e+03 9.608319170383007313e-01 9.544770327741071425e-02
5.011000000000000000e+03 8.399896734964971134e-01 9.585885319996469145e-02
5.046000000000000000e+03 9.212525299471568951e-01 9.658890332638732368e-02
5.081000000000000000e+03 8.967149959108925428e-01 9.615310416669117788e-02
5.116000000000000000e+03 8.017946382292187035e-01 9.530293213035993805e-02
5.151000000000000000e+03 1.056397259135816835e+00 9.639302069857366706e-02
5.186000000000000000e+03 8.519207234084944513e-01 9.630325514332767345e-02
5.221000000000000000e+03 9.312798182520211077e-01 9.602158474162984791e-02
5.269000000000000000e+03 8.416171369288141246e-01 9.592345885775281633e-02
5.304000000000000000e+03 7.586045228868112389e-01 9.546872606160862473e-02
5.339000000000000000e+03 8.246078415484370261e-01 9.583306795547553991e-02
5.374000000000000000e+03 1.019999539113045417e+00 9.738208739169412764e-02
5.409000000000000000e+03 8.381061581725191001e-01 9.643096889364215218e-02
5.444000000000000000e+03 8.421640369362558554e-01 9.706223647437099700e-02
5.479000000000000000e+03 7.132748504542463230e-01 9.611504842405249605e-02
5.514000000000000000e+03 6.569654145715587701e-01 9.709422607520266923e-02
5.549000000000000000e+03 8.954962049418031533e-01 9.705493429871393796e-02
5.584000000000000000e+03 8.853554071559592842e-01 9.606229870612707777e-02
5.618000000000000000e+03 7.460596586414388609e-01 9.508512414620637343e-02
5.653000000000000000e+03 7.356975610468358129e-01 9.514474780677217858e-02
5.688000000000000000e+03 8.700730210569884715e-01 9.532848417583802969e-02
5.723000000000000000e+03 7.226712863021167443e-01 9.550115383293306115e-02
5.758000000000000000e+03 6.451921753820939465e-01 9.593474459145542865e-02
5.793000000000000000e+03 6.867835638645746199e-01 9.610249530757744574e-02
5.828000000000000000e+03 8.253800077785425904e-01 9.681059498147438769e-02
5.863000000000000000e+03 9.510051280147142627e-01 9.651457255382445144e-02
5.898000000000000000e+03 8.406719512636388059e-01 9.689354757851320610e-02
5.933000000000000000e+03 7.690490217371167558e-01 9.753750112176808040e-02
5.968000000000000000e+03 7.532212963554827390e-01 9.712321132200053830e-02
6.003000000000000000e+03 6.683182622382338733e-01 9.681361258152493265e-02
6.038000000000000000e+03 6.904436953935907395e-01 9.646474808590370376e-02
6.073000000000000000e+03 7.804524877545622186e-01 9.675837879151229226e-02
6.107000000000000000e+03 7.622377050306546886e-01 9.687722580421351259e-02
6.142000000000000000e+03 6.899995569847847676e-01 9.647582758181373619e-02
6.177000000000000000e+03 7.113519995517487704e-01 9.680220436067332734e-02
6.212000000000000000e+03 8.501840575648622611e-01 9.661496301773027373e-02
6.247000000000000000e+03 8.391645528327692505e-01 9.628218104829247559e-02
6.282000000000000000e+03 8.784645403089975657e-01 9.651656552456643057e-02
6.317000000000000000e+03 8.173330198268236035e-01 9.771563601918048514e-02
6.352000000000000000e+03 8.590129261534809046e-01 9.786007410877164969e-02
6.387000000000000000e+03 7.923012556483787217e-01 9.742332797226456453e-02
6.422000000000000000e+03 6.605273358594817568e-01 9.787050594313366492e-02
6.457000000000000000e+03 8.710198787691102451e-01 9.880489037429951438e-02
6.492000000000000000e+03 7.950365904336730294e-01 9.990718422590239012e-02
6.526000000000000000e+03 6.826287601543549188e-01 9.959707171565486405e-02
6.561000000000000000e+03 9.315150778223137973e-01 1.009298236247156838e-01
6.596000000000000000e+03 8.566858514888233689e-01 9.960282817043085435e-02
6.631000000000000000e+03 9.654194683649738318e-01 9.868783582035352275e-02
6.666000000000000000e+03 8.116530012416518503e-01 9.969114255442386441e-02
6.701000000000000000e+03 9.015597219269234630e-01 9.837357577215707916e-02
6.736000000000000000e+03 8.133206986274441608e-01 9.753426832615584574e-02
6.771000000000000000e+03 9.996683388537460635e-01 9.792446102580128209e-02
6.805000000000000000e+03 7.850121639674982887e-01 9.835166876622737642e-02
6.840000000000000000e+03 7.484768581098528717e-01 9.711116290498167380e-02
6.875000000000000000e+03 8.338604443577076752e-01 9.761003210097324301e-02
6.910000000000000000e+03 9.004334153516624362e-01 9.714327356581961559e-02
6.945000000000000000e+03 7.143361903511283861e-01 9.791615205756788731e-02
6.980000000000000000e+03 7.473321975537299267e-01 9.835098124256747010e-02
7.025000000000000000e+03 7.728263600561230406e-01 9.780857789940644587e-02
7.060000000000000000e+03 8.438357247553082141e-01 9.853898745561112671e-02
7.095000000000000000e+03 7.686924319256253080e-01 9.666856854578446956e-02
7.130000000000000000e+03 9.006592929832960559e-01 9.761860128123461822e-02
7.165000000000000000e+03 6.916852293701886145e-01 9.769367005611805099e-02
7.200000000000000000e+03 1.002635103517188542e+00 9.768828264753391666e-02
7.235000000000000000e+03 9.139219743373622196e-01 9.733725674872897859e-02
7.270000000000000000e+03 9.632544831580359679e-01 9.802719802134995941e-02
7.304000000000000000e+03 8.628063361986696433e-01 9.862949286893807344e-02
7.339000000000000000e+03 8.127500646592503708e-01 9.788053016376185855e-02
7.374000000000000000e+03 7.242199969019348371e-01 9.796705927276481984e-02
7.409000000000000000e+03 7.620416545082900894e-01 9.802635277569961281e-02
7.444000000000000000e+03 8.134928254616129450e-01 9.893602380916019512e-02
7.479000000000000000e+03 1.066678495129863125e+00 9.895156295996326845e-02
7.514000000000000000e+03 8.414832099431565071e-01 9.846786939188915955e-02
7.549000000000000000e+03 7.162055370720611380e-01 9.861684936924862421e-02
7.583000000000000000e+03 1.051895272313091656e+00 9.955388942101463245e-02
7.618000000000000000e+03 1.181606127181031862e+00 9.903897139270005645e-02
7.653000000000000000e+03 1.084029198943512240e+00 9.810347476274336453e-02
7.688000000000000000e+03 7.115898933455397923e-01 9.793198501281476231e-02
7.723000000000000000e+03 1.083764481457886841e+00 9.872172794328483436e-02
7.758000000000000000e+03 1.021860926899209820e+00 9.851982505143958013e-02
7.793000000000000000e+03 9.500897769830686235e-01 9.848120728713281868e-02
7.827000000000000000e+03 1.052205980587462619e+00 9.788658861520525833e-02
7.862000000000000000e+03 8.301680817331583695e-01 9.915466333031268398e-02
7.897000000000000000e+03 1.126599812016384261e+00 9.846241261230011255e-02
7.932000000000000000e+03 1.123742609811538395e+00 9.845185966102101838e-02
7.967000000000000000e+03 1.184939820435413349e+00 9.890302983447027407e-02
8.002000000000000000e+03 1.098668122098758637e+00 9.904327250180812447e-02
8.037000000000000000e+03 9.527399358080291814e-01 9.950180582126923190e-02
8.072000000000000000e+03 1.143578930659899573e+00 9.931945826407352629e-02
8.107000000000000000e+03 9.256700697444817383e-01 9.939400672197197528e-02
8.142000000000000000e+03 9.277900708779858174e-01 9.954675843701500659e-02
8.177000000000000000e+03 1.109689608041183106e+00 9.904498039157946798e-02
8.211000000000000000e+03 1.000331661146254048e+00 9.859301899336397890e-02
8.246000000000000000e+03 8.987684832502954579e-01 9.866688488555991343e-02
8.281000000000000000e+03 9.102328852998804454e-01 9.881936452734911558e-02
8.316000000000000000e+03 9.298079683000506357e-01 9.949002924225960887e-02
8.351000000000000000e+03 1.083615910598496157e+00 9.853940302227011394e-02
8.386000000000000000e+03 1.036918262450582828e+00 9.950585405017141338e-02
8.421000000000000000e+03 1.030454851391641835e+00 9.879078599518233139e-02
8.455000000000000000e+03 1.057980225779352468e+00 9.830312570250041015e-02
8.490000000000000000e+03 8.247138156709119539e-01 9.863020123743224121e-02
8.525000000000000000e+03 1.175288285114227449e+00 9.843700394043540525e-02
8.560000000000000000e+03 1.194433170766653118e+00 9.791729253267492106e-02
8.595000000000000000e+03 1.042572618233162496e+00 9.708776916989161898e-02
8.630000000000000000e+03 7.893174763788839421e-01 9.819529985062483424e-02
8.665000000000000000e+03 1.116613381304892183e+00 9.729336260445296813e-02
8.700000000000000000e+03 9.222881715880993925e-01 9.720859028399225776e-02
8.735000000000000000e+03 1.039096436008418278e+00 9.667914237730639015e-02
8.777000000000000000e+03 1.125327519378093832e+00 9.760883459967684139e-02
8.812000000000000000e+03 1.180178976866407270e+00 9.707639429700293254e-02
8.847000000000000000e+03 1.125431592801535263e+00 9.647560462407532567e-02
8.882000000000000000e+03 1.000370474714080471e+00 9.685140432241472197e-02
8.917000000000000000e+03 9.218519153209909778e-01 9.685199339427322252e-02
8.952000000000000000e+03 1.132665248054837814e+00 9.763761134553615439e-02
8.987000000000000000e+03 8.127578140978561905e-01 9.720606187730618242e-02
9.022000000000000000e+03 1.047553225067287208e+00 9.652370067053558933e-02
9.057000000000000000e+03 9.708222860833625179e-01 9.647421645776194099e-02
9.092000000000000000e+03 1.154024581018790796e+00 9.710983175212443974e-02
9.127000000000000000e+03 9.325576216252238204e-01 9.676661861190263836e-02
9.162000000000000000e+03 1.317309923175144171e+00 9.628837941601119110e-02
9.197000000000000000e+03 1.095164652104012371e+00 9.692467261200030104e-02
9.232000000000000000e+03 9.750757961111649053e-01 9.724242989270411031e-02
9.267000000000000000e+03 1.193712629867125230e+00 9.708100851322651326e-02
9.302000000000000000e+03 1.419718265761017451e+00 9.933447378704052255e-02
9.337000000000000000e+03 1.179524767936949381e+00 9.717928358879251993e-02
9.371000000000000000e+03 1.137805915566296511e+00 9.712190297991955823e-02
9.406000000000000000e+03 1.087550507147147183e+00 1.031138712166495136e-01
9.441000000000000000e+03 1.076854684415773589e+00 1.041741862619998543e-01
9.476000000000000000e+03 1.147735027856341405e+00 1.040529258779813587e-01
9.511000000000000000e+03 1.071888583137924567e+00 1.038163357452396018e-01
9.546000000000000000e+03 1.061195507482041611e+00 1.035630798235415151e-01
9.581000000000000000e+03 9.986720011583164469e-01 1.038613101546503603e-01
9.616000000000000000e+03 9.782803954895422649e-01 1.043522544203195762e-01
9.651000000000000000e+03 1.075767678516954984e+00 1.050753336670843252e-01
9.686000000000000000e+03 9.816580137639587811e-01 1.052325281169901872e-01
9.721000000000000000e+03 8.477854156165803845e-01 1.054319347822153113e-01
9.755000000000000000e+03 1.026891994009794917e+00 1.048703734760683265e-01
9.790000000000000000e+03 1.013066091366604971e+00 1.051646779475052251e-01
9.825000000000000000e+03 9.240709473398781570e-01 1.066785978711777272e-01
9.860000000000000000e+03 1.016696241844893933e+00 1.055582931253093715e-01
9.895000000000000000e+03 1.172151760468297388e+00 1.061910098070052433e-01
9.930000000000000000e+03 1.246749261098687889e+00 1.055943405185447159e-01
9.965000000000000000e+03 9.569749790609924922e-01 1.065596091490346453e-01
1.000000000000000000e+04 1.099596971549478663e+00 1.060240262960638197e-01
1.003500000000000000e+04 1.084781567431789329e+00 1.059944762539943020e-01
1.007000000000000000e+04 1.011974521033988550e+00 1.064693056984188091e-01
1.010500000000000000e+04 1.019371604037068835e+00 1.062421552890667198e-01
1.014000000000000000e+04 9.005480968925370089e-01 1.055304216702476483e-01
1.017500000000000000e+04 1.063654737248531879e+00 1.056471774636871253e-01
1.020900000000000000e+04 1.026471099418159394e+00 1.064293396795759072e-01
1.024400000000000000e+04 1.013023263577784272e+00 1.061354856194979684e-01
1.027900000000000000e+04 9.976574156620059419e-01 1.059457516916069014e-01
1.031400000000000000e+04 1.064245259082590378e+00 1.030573724944206238e-01
1.034900000000000000e+04 1.022954858519297794e+00 1.028918240146023816e-01
1.038400000000000000e+04 7.039650944615110095e-01 1.021230590942836802e-01
1.041900000000000000e+04 1.282993149522751120e+00 1.022918296669335647e-01
1.045400000000000000e+04 9.871266427105114261e-01 1.029980604619836065e-01
1.048900000000000000e+04 1.032573761743114993e+00 1.023599046138332497e-01
1.054100000000000000e+04 1.137951286945871665e+00 1.074493710566614690e-01
1.057600000000000000e+04 9.420140055275898483e-01 8.280134425980495427e-02
1.061000000000000000e+04 1.121427790877764785e+00 6.161760688623302284e-02
1.064500000000000000e+04 9.082964551420967814e-01 6.147924864738803924e-02
1.068000000000000000e+04 9.258590274876067339e-01 6.121206713218466100e-02
1.071500000000000000e+04 9.352277012244698540e-01 6.190892901779265073e-02
1.075000000000000000e+04 1.097555529474731673e+00 6.154123059889452657e-02
1.078500000000000000e+04 1.042421538925524915e+00 6.133230654906305507e-02
1.082000000000000000e+04 9.110280292104977473e-01 6.149938438519174377e-02
1.085500000000000000e+04 9.612049930368484763e-01 6.145562813789152978e-02
1.089000000000000000e+04 1.013216096232052443e+00 6.112685342770180635e-02
1.092500000000000000e+04 9.816290076227586203e-01 6.112835506952073866e-02
1.096000000000000000e+04 1.166230453652391530e+00 6.065656225532863044e-02
1.099500000000000000e+04 1.006225527884623716e+00 6.053729170250134878e-02
1.103000000000000000e+04 9.257378269673662841e-01 5.806534543969302242e-02
1.106500000000000000e+04 1.123388979225776740e+00 5.841632812076241049e-02
1.110000000000000000e+04 1.021434048098325498e+00 5.835592095957446712e-02
1.113500000000000000e+04 1.075044378684789415e+00 5.839965201227390046e-02
1.117000000000000000e+04 1.045372710502725733e+00 5.863314435324035873e-02
1.120500000000000000e+04 9.881637754721568356e-01 5.792704688781961236e-02
1.124000000000000000e+04 9.859751472929124683e-01 5.794767914732379399e-02
1.127400000000000000e+04 1.045867365500633195e+00 5.789442445008616267e-02
1.130900000000000000e+04 1.012256460695798888e+00 5.844915311249704315e-02
1.134400000000000000e+04 1.135649662057921061e+00 5.857338486497044860e-02
1.137900000000000000e+04 1.088192370359850392e+00 5.834655215410558537e-02
1.141400000000000000e+04 9.934725027337145686e-01 5.866106857247094242e-02
1.144900000000000000e+04 1.120540957447657915e+00 5.855382802029214517e-02
1.148400000000000000e+04 1.064454159040264081e+00 5.893273813451558457e-02
1.151900000000000000e+04 1.039310382299016400e+00 5.831118842463075408e-02
1.155300000000000000e+04 1.008478751439889631e+00 5.883962758487656236e-02
1.158800000000000000e+04 1.056567827954407734e+00 5.886086354128187981e-02
1.162300000000000000e+04 9.823126979154943594e-01 5.892758730249825216e-02
1.165800000000000000e+04 1.045656590870533087e+00 5.947728192173075412e-02
1.169300000000000000e+04 9.849042407662300658e-01 5.877337921231731710e-02
1.172800000000000000e+04 1.098605937089122131e+00 5.883006624385269528e-02
1.176300000000000000e+04 9.692353094136610947e-01 5.796881644424683316e-02
1.179800000000000000e+04 9.769791073140235982e-01 5.899833320717244589e-02
1.183300000000000000e+04 1.066895675457902204e+00 5.890835945796946138e-02
1.186800000000000000e+04 9.545374918730455960e-01 5.887292536544120464e-02
1.190300000000000000e+04 1.012211013681330041e+00 5.882640960118022677e-02
1.193700000000000000e+04 9.249809170593104035e-01 5.872558039081596931e-02
1.197200000000000000e+04 8.147820349701309084e-01 5.926666037426173844e-02
1.200700000000000000e+04 1.099672389396584737e+00 5.944125018541192296e-02
1.204200000000000000e+04 9.883471369280030228e-01 5.970599184646449564e-02
1.207700000000000000e+04 1.032504907099197844e+00 5.957929868250740058e-02
1.211200000000000000e+04 9.860326645939525569e-01 5.928598960658715278e-02
1.214700000000000000e+04 9.689983956003666021e-01 5.921277057000718519e-02
1.218200000000000000e+04 9.802871046973637981e-01 5.917589695203249317e-02
1.221600000000000000e+04 8.466941528688840535e-01 5.883668465749641169e-02
1.225100000000000000e+04 9.891252615799173142e-01 5.943500541680568627e-02
