0.000000000000000000e+00 1.000744461745615599e+00 2.202553283295063946e-02
3.500000000000000000e+01 9.992555382543844011e-01 2.184017274148969054e-02
7.000000000000000000e+01 9.934673105230309442e-01 2.188043912328029375e-02
1.040000000000000000e+02 1.005983715453694805e+00 2.159566333346589484e-02
1.390000000000000000e+02 9.960382453275264947e-01 2.183420486865026572e-02
1.740000000000000000e+02 9.949114309961855085e-01 2.192501869036295181e-02
2.090000000000000000e+02 1.023236574543958666e+00 2.198004009406564346e-02
2.440000000000000000e+02 9.744047460273173034e-01 2.172569009168165075e-02
2.790000000000000000e+02 9.836365058472902323e-01 2.185526147746926287e-02
3.140000000000000000e+02 1.014572036493989637e+00 2.173907472326940329e-02
3.490000000000000000e+02 9.913010725864394024e-01 2.177468514850094614e-02
3.840000000000000000e+02 1.003550940399063007e+00 2.198865848390929578e-02
4.180000000000000000e+02 9.888282226737262759e-01 2.190566918930531709e-02
4.530000000000000000e+02 1.005597351530907346e+00 2.193610594802770583e-02
4.880000000000000000e+02 1.031147170331892848e+00 2.193467646599222762e-02
5.230000000000000000e+02 1.005852540940608941e+00 2.211424878536805139e-02
5.580000000000000000e+02 1.005097286244947874e+00 2.200896761872486729e-02
5.930000000000000000e+02 9.796647764729615737e-01 2.190209046468688178e-02
6.280000000000000000e+02 1.011123531911223727e+00 2.195045589588499532e-02
6.630000000000000000e+02 1.019641112329339405e+00 2.217773767651673791e-02
6.980000000000000000e+02 9.779149743413414475e-01 2.216659150666717981e-02
7.320000000000000000e+02 9.934212819031926767e-01 2.212525042160380651e-02
7.670000000000000000e+02 9.930793450129756783e-01 2.205784105776521786e-02
8.020000000000000000e+02 1.006759994878560605e+00 2.228380833336634365e-02
8.370000000000000000e+02 9.781195801542587054e-01 2.233997079227501362e-02
8.720000000000000000e+02 9.825076106062204939e-01 2.194443405515247511e-02
9.070000000000000000e+02 9.776734617635933766e-01 2.208261049016313829e-02
9.420000000000000000e+02 9.915170836080863248e-01 2.193186918056334866e-02
9.770000000000000000e+02 1.031150840997788753e+00 2.230344851745350021e-02
1.012000000000000000e+03 1.005518084733869610e+00 2.193899405414625331e-02
1.046000000000000000e+03 9.986213456663092236e-01 2.218283902601677141e-02
1.081000000000000000e+03 1.025881385025753989e+00 2.207252918873544786e-02
1.116000000000000000e+03 1.022009650369644085e+00 2.185657402466008661e-02
1.151000000000000000e+03 1.019533699294337348e+00 2.183512163479211718e-02
1.186000000000000000e+03 9.885623825099799644e-01 2.198506589253966526e-02
1.221000000000000000e+03 1.015013648234993404e+00 2.208781231050702815e-02
1.256000000000000000e+03 9.981233152286054233e-01 2.223044371433071514e-02
1.290000000000000000e+03 1.005595855779666925e+00 2.185959374781867512e-02
1.325000000000000000e+03 1.034038808158064038e+00 2.187127976260136095e-02
1.360000000000000000e+03 1.045189341805805583e+00 2.187288623587246850e-02
1.395000000000000000e+03 1.051217496608486179e+00 2.186676670144107812e-02
1.430000000000000000e+03 1.031636638435917463e+00 2.164661151239177447e-02
1.465000000000000000e+03 1.028948176367773470e+00 2.214639934803161112e-02
1.500000000000000000e+03 9.930255817641149285e-01 2.177837053404395318e-02
1.535000000000000000e+03 1.039852640116731619e+00 2.176977413931356284e-02
1.570000000000000000e+03 1.072948515819430515e+00 2.183516111919309513e-02
1.605000000000000000e+03 1.073412718084131967e+00 2.177185391761129324e-02
1.639000000000000000e+03 1.054095459853913841e+00 2.191714309452786821e-02
1.674000000000000000e+03 1.095497565300826759e+00 2.198705044618807017e-02
1.709000000000000000e+03 1.065366423309495936e+00 2.170747836824810442e-02
1.756000000000000000e+03 1.121333114773154449e+00 2.192612358207650033e-02
1.791000000000000000e+03 1.058293344344500841e+00 2.173664378615700749e-02
1.826000000000000000e+03 1.027758754202119595e+00 2.159811060828718821e-02
1.861000000000000000e+03 1.112407087696851926e+00 2.164705001279089436e-02
1.896000000000000000e+03 1.086927745346564222e+00 2.151080143786679791e-02
1.931000000000000000e+03 1.054486783793171067e+00 2.168197631497779942e-02
1.966000000000000000e+03 1.092181976376020325e+00 2.154585122018191565e-02
2.001000000000000000e+03 1.044941285604424008e+00 2.151674843997818803e-02
2.036000000000000000e+03 1.068988750879899863e+00 2.156173898620078119e-02
2.070000000000000000e+03 1.063750967057565999e+00 2.180681195123403832e-02
2.105000000000000000e+03 1.076169251927485471e+00 2.173772013030599720e-02
2.140000000000000000e+03 1.036201277713371116e+00 2.179488416349939506e-02
2.175000000000000000e+03 1.108129957549379263e+00 2.191365246476350767e-02
2.210000000000000000e+03 1.084460923448411052e+00 2.195179487981192487e-02
2.245000000000000000e+03 1.084805755554490769e+00 2.201923515561471367e-02
2.280000000000000000e+03 1.088713811646218943e+00 2.196049545808482703e-02
2.315000000000000000e+03 1.065783627451960314e+00 2.180629998010146647e-02
2.350000000000000000e+03 1.048409163401889943e+00 2.182687176713057550e-02
2.385000000000000000e+03 1.074724576064504999e+00 2.201757689112221472e-02
2.420000000000000000e+03 1.094856112507376356e+00 2.186914948896609770e-02
2.455000000000000000e+03 1.108825640019512671e+00 2.181240223577128254e-02
2.490000000000000000e+03 1.121375062956009749e+00 2.204173527641955024e-02
2.525000000000000000e+03 1.050641402103392297e+00 2.229412669699173608e-02
2.559000000000000000e+03 1.112397152013764989e+00 2.204235543666098127e-02
2.594000000000000000e+03 1.066103511202353582e+00 2.184288500911240119e-02
2.629000000000000000e+03 1.099334048594675650e+00 2.194904570940650959e-02
2.664000000000000000e+03 1.117593417681133072e+00 2.196397956574269034e-02
2.699000000000000000e+03 1.120351807157616397e+00 2.173017002283974750e-02
2.734000000000000000e+03 1.113275635122123131e+00 2.162651491657869782e-02
2.769000000000000000e+03 1.133174014213852443e+00 2.190015134645926023e-02
2.804000000000000000e+03 1.049707409560830529e+00 2.179847763712371850e-02
2.838000000000000000e+03 1.069478903390363556e+00 2.204179539345764785e-02
2.873000000000000000e+03 1.132679752607497203e+00 2.201474337093843603e-02
2.908000000000000000e+03 1.108782560816185203e+00 2.184807430661803163e-02
2.943000000000000000e+03 1.010336188049886896e+00 2.194876032944192631e-02
2.978000000000000000e+03 1.099024785918637503e+00 2.210892906543164560e-02
3.013000000000000000e+03 1.137029113451744067e+00 2.195925227985553660e-02
3.048000000000000000e+03 1.079554394446196941e+00 2.189401882227571747e-02
3.083000000000000000e+03 1.002844776228134505e+00 2.203271670930845305e-02
3.117000000000000000e+03 9.794196521883721251e-01 2.208407729118821994e-02
3.152000000000000000e+03 1.095040764705442760e+00 2.174809076212402478e-02
3.187000000000000000e+03 1.108347315934510746e+00 2.176623564258785629e-02
3.222000000000000000e+03 1.044541905848177743e+00 2.183570662665789558e-02
3.257000000000000000e+03 8.627041206978102172e-01 2.207417520860273027e-02
3.292000000000000000e+03 1.045366763665192655e+00 2.194789827040109775e-02
3.327000000000000000e+03 1.033313249784086230e+00 2.210487209146310209e-02
3.362000000000000000e+03 9.797978473607020788e-01 2.199877017295745474e-02
3.396000000000000000e+03 8.795926244379563830e-01 2.173229400429744704e-02
3.431000000000000000e+03 9.311024924542823378e-01 2.206839224301635274e-02
3.466000000000000000e+03 9.465549024758670438e-01 2.159674986854427312e-02
3.511000000000000000e+03 9.953972199291046818e-01 2.130660348811328625e-02
3.546000000000000000e+03 8.776264658123084095e-01 2.137303489217214775e-02
3.581000000000000000e+03 8.761344069645724542e-01 2.141723952293678526e-02
3.616000000000000000e+03 9.023283640309599507e-01 2.167422149237449580e-02
3.651000000000000000e+03 9.322545019796616428e-01 2.165640370464594691e-02
3.685000000000000000e+03 8.390984501707122734e-01 2.178474487885226699e-02
3.720000000000000000e+03 9.158769283607467449e-01 2.164289958377962550e-02
3.755000000000000000e+03 8.734392231053582645e-01 2.159821624485743288e-02
3.790000000000000000e+03 9.115106038856540804e-01 2.171752547865736516e-02
3.825000000000000000e+03 8.778120389469113993e-01 2.171673695695138309e-02
3.860000000000000000e+03 8.884784783002243058e-01 2.149775983934460594e-02
3.895000000000000000e+03 9.183690729133726638e-01 2.152694228855817071e-02
3.930000000000000000e+03 9.164105330897674984e-01 2.166257580759018905e-02
3.965000000000000000e+03 8.580654203644281219e-01 2.156254518711055862e-02
4.000000000000000000e+03 8.930716583106410589e-01 2.161837684689487532e-02
4.034000000000000000e+03 8.986203457298207464e-01 2.165128919160107593e-02
4.069000000000000000e+03 8.859601656279437742e-01 2.155101187735104784e-02
4.104000000000000000e+03 8.915101743995431649e-01 2.163543712694869850e-02
4.139000000000000000e+03 8.689206031222231896e-01 2.156914419059331386e-02
4.174000000000000000e+03 8.731023453338818685e-01 2.162711361363284582e-02
4.209000000000000000e+03 9.249018344808568326e-01 2.185414156832301766e-02
4.244000000000000000e+03 8.926025061675499916e-01 2.170069328850626061e-02
4.279000000000000000e+03 8.398346095738583594e-01 2.161571302904911202e-02
4.313000000000000000e+03 8.642590315340413776e-01 2.162683348767912780e-02
4.348000000000000000e+03 8.698355180991726998e-01 2.148798572254320347e-02
4.383000000000000000e+03 8.592070001486062925e-01 2.147036172056446257e-02
4.418000000000000000e+03 8.657150319631853330e-01 2.166450067374572214e-02
4.453000000000000000e+03 8.299510340518323481e-01 2.143841183530852124e-02
4.488000000000000000e+03 8.710217577175026760e-01 2.141189052554030164e-02
4.523000000000000000e+03 8.783090671498090529e-01 2.141338854564146799e-02
4.558000000000000000e+03 8.438969551872067543e-01 2.142861007320331218e-02
4.593000000000000000e+03 8.721830374914975037e-01 2.152515071693977128e-02
4.628000000000000000e+03 8.988256697965255615e-01 2.191347287522476400e-02
4.662000000000000000e+03 8.476687170062444654e-01 2.163503805239498298e-02
4.697000000000000000e+03 8.359647257168627554e-01 2.158474471275821996e-02
4.732000000000000000e+03 8.195218026963728697e-01 2.152633891957429421e-02
4.767000000000000000e+03 8.749412442462981554e-01 2.161960386720649871e-02
4.802000000000000000e+03 8.359942021728512529e-01 2.142271540041374572e-02
4.837000000000000000e+03 8.659433090579917724e-01 2.139224368705215651e-02
4.872000000000000000e+03 8.408977886419813919e-01 2.159033011918946171e-02
4.907000000000000000e+03 8.236697994496087194e-01 2.148270722093486781e-02
4.942000000000000000e+03 8.685466935744055039e-01 2.149228597204809119e-02
4.976000000000000000e+03 8.515411557162591016e-01 2.140886273548589860e-02
5.011000000000000000e+03 9.093334274157540698e-01 2.151930608285949204e-02
5.046000000000000000e+03 9.197906404549754944e-01 2.167729486816371773e-02
5.081000000000000000e+03 8.876579367515070595e-01 2.155915253795923775e-02
5.116000000000000000e+03 8.618751660280132842e-01 2.137314563408543658e-02
5.151000000000000000e+03 8.856841703896696227e-01 2.160708159642604764e-02
5.186000000000000000e+03 8.457992277483239452e-01 2.158770936441381863e-02
5.221000000000000000e+03 8.558293765399674902e-01 2.151267860717653857e-02
5.269000000000000000e+03 8.529295520450583812e-01 2.152224405960804013e-02
5.304000000000000000e+03 8.146464250405988095e-01 2.139613759028097251e-02
5.339000000000000000e+03 9.205201375845476486e-01 2.152137608049600748e-02
5.374000000000000000e+03 8.800167663740116053e-01 2.183396669029062653e-02
5.409000000000000000e+03 7.983481958490797892e-01 2.159709937316953501e-02
5.444000000000000000e+03 8.979245744418244968e-01 2.176561029968635333e-02
5.479000000000000000e+03 8.612757660041773233e-01 2.157035889796810740e-02
5.514000000000000000e+03 8.949222493784007026e-01 2.180496157630446019e-02
5.549000000000000000e+03 9.214095900533108008e-01 2.178759274750302274e-02
5.584000000000000000e+03 8.886864194589709776e-01 2.156053773123348810e-02
5.618000000000000000e+03 8.720885666465523212e-01 2.134806461962491034e-02
5.653000000000000000e+03 8.594593236253933455e-01 2.135395866501584375e-02
5.688000000000000000e+03 8.558665866013706047e-01 2.138261757664664323e-02
5.723000000000000000e+03 8.152397960673360977e-01 2.141184435751077725e-02
5.758000000000000000e+03 8.745191343672348294e-01 2.153873837323554141e-02
5.793000000000000000e+03 8.894118915697867278e-01 2.157584733759853463e-02
5.828000000000000000e+03 8.984742162978111013e-01 2.172237340893401827e-02
5.863000000000000000e+03 8.378687020136607044e-01 2.163697939632997988e-02
5.898000000000000000e+03 8.855050905137926698e-01 2.174665308001032943e-02
5.933000000000000000e+03 8.311729779174850119e-01 2.186208354975640103e-02
5.968000000000000000e+03 8.706806598986953638e-01 2.178762838928993001e-02
6.003000000000000000e+03 8.810924907951677154e-01 2.173950998784998298e-02
6.038000000000000000e+03 8.967711794822565974e-01 2.165830060071365776e-02
6.073000000000000000e+03 9.076660357836845439e-01 2.171996130812878928e-02
6.107000000000000000e+03 8.777013042757696448e-01 2.172881425377554826e-02
6.142000000000000000e+03 8.648594036977894639e-01 2.164897256097093534e-02
6.177000000000000000e+03 8.978150144614309713e-01 2.172609090555610925e-02
6.212000000000000000e+03 8.653359436093381873e-01 2.167034396806987936e-02
6.247000000000000000e+03 8.556311514402840102e-01 2.158809244975322741e-02
6.282000000000000000e+03 8.853587884063867097e-01 2.165027228455458641e-02
6.317000000000000000e+03 8.707085386896492585e-01 2.192699294655936146e-02
6.352000000000000000e+03 8.432883999995639535e-01 2.194122990263738804e-02
6.387000000000000000e+03 8.839965292756217785e-01 2.185316779835271700e-02
6.422000000000000000e+03 8.402156191721575906e-01 2.196157173344759350e-02
6.457000000000000000e+03 8.827927462873024211e-01 2.215830847746399698e-02
6.492000000000000000e+03 8.332510583567364071e-01 2.239497172871088293e-02
6.526000000000000000e+03 8.850696431765263661e-01 2.234590746038130765e-02
6.561000000000000000e+03 8.360416667698055138e-01 2.260749572701474877e-02
6.596000000000000000e+03 8.962825398270383159e-01 2.234504183295016669e-02
6.631000000000000000e+03 8.787441720348176943e-01 2.211931326104741788e-02
6.666000000000000000e+03 9.037010328137737858e-01 2.236179607874288697e-02
6.701000000000000000e+03 8.684889684568491974e-01 2.204669183418709807e-02
6.736000000000000000e+03 8.823844340312860801e-01 2.189313876169731929e-02
6.771000000000000000e+03 8.932065438213530051e-01 2.195463200892348171e-02
6.805000000000000000e+03 8.821766729542066532e-01 2.205907362405222852e-02
6.840000000000000000e+03 8.346152129568584765e-01 2.177182073796307335e-02
6.875000000000000000e+03 8.742119622056581107e-01 2.186509251761763889e-02
6.910000000000000000e+03 8.701304068711838147e-01 2.179223232435613736e-02
6.945000000000000000e+03 8.625836160369461103e-01 2.195735898130054056e-02
6.980000000000000000e+03 8.401134597866682929e-01 2.206364885609284412e-02
7.025000000000000000e+03 9.026133676092610303e-01 2.194272820314335445e-02
7.060000000000000000e+03 8.923816719597172931e-01 2.210935306078693277e-02
7.095000000000000000e+03 8.490343943051673614e-01 2.167640378761426234e-02
7.130000000000000000e+03 8.842805546412773054e-01 2.189412774008023949e-02
7.165000000000000000e+03 8.870794395832901635e-01 2.191828825971154152e-02
7.200000000000000000e+03 8.532666585783547086e-01 2.189438307203330283e-02
7.235000000000000000e+03 8.642362121660627228e-01 2.181049451776198578e-02
7.270000000000000000e+03 8.089682420650050609e-01 2.194585221375111930e-02
7.304000000000000000e+03 8.746729630652957388e-01 2.211494209043648670e-02
7.339000000000000000e+03 8.621405940188874295e-01 2.194812151440223361e-02
7.374000000000000000e+03 8.881258152641078318e-01 2.197811058786536612e-02
7.409000000000000000e+03 8.592554328780555029e-01 2.198499098932114176e-02
7.444000000000000000e+03 9.210727407159200464e-01 2.219444010504961415e-02
7.479000000000000000e+03 8.773403808052837594e-01 2.216970778945806173e-02
7.514000000000000000e+03 8.732598581378181457e-01 2.207055623383299622e-02
7.549000000000000000e+03 9.262162990848550326e-01 2.212560335745336268e-02
7.583000000000000000e+03 9.019140420481638332e-01 2.230386329182440855e-02
7.618000000000000000e+03 8.411848148211755749e-01 2.217019085162110978e-02
7.653000000000000000e+03 8.649171962666982738e-01 2.196038207249753627e-02
7.688000000000000000e+03 9.225846099725694138e-01 2.196940525758056192e-02
7.723000000000000000e+03 8.698042555977317791e-01 2.209589294420900851e-02
7.758000000000000000e+03 8.859555907358379612e-01 2.208819939554910322e-02
7.793000000000000000e+03 8.515621047784046604e-01 2.204982253309816648e-02
7.827000000000000000e+03 9.067883596651039602e-01 2.192977489144043793e-02
7.862000000000000000e+03 8.993277660356514547e-01 2.223628673527785690e-02
7.897000000000000000e+03 8.976970249969051796e-01 2.204255431122234543e-02
7.932000000000000000e+03 8.928568183306576644e-01 2.203852091838767735e-02
7.967000000000000000e+03 8.559308887057833770e-01 2.211828693744914351e-02
8.002000000000000000e+03 9.105619802320840117e-01 2.217886265940470156e-02
8.037000000000000000e+03 8.993457378470828267e-01 2.229260723852062240e-02
8.072000000000000000e+03 9.198456538264716542e-01 2.223886202960955946e-02
8.107000000000000000e+03 8.958160025507320157e-01 2.225240205335975163e-02
8.142000000000000000e+03 9.291086181931491605e-01 2.229202604785515685e-02
8.177000000000000000e+03 8.855045663109527565e-01 2.216903957486373450e-02
8.211000000000000000e+03 8.987052686039443961e-01 2.208869536852240203e-02
8.246000000000000000e+03 9.335897778101437394e-01 2.210428159485403055e-02
8.281000000000000000e+03 9.141394359181637119e-01 2.214694467017527812e-02
8.316000000000000000e+03 9.271942063906419840e-01 2.227526926983507127e-02
8.351000000000000000e+03 8.993504335466065980e-01 2.205850004616677004e-02
8.386000000000000000e+03 9.649654494839994268e-01 2.228127604258570496e-02
8.421000000000000000e+03 9.176873642095612071e-01 2.211298210498971115e-02
8.455000000000000000e+03 1.009295321289475744e+00 2.203824056877422277e-02
8.490000000000000000e+03 9.359607235922287050e-01 2.211063977679002951e-02
8.525000000000000000e+03 1.002587561644024960e+00 2.205189877737661480e-02
8.560000000000000000e+03 9.726882328054149429e-01 2.192689863541753478e-02
8.595000000000000000e+03 9.657446492669984339e-01 2.174324922292706838e-02
8.630000000000000000e+03 9.362687313474964412e-01 2.199431957631855020e-02
8.665000000000000000e+03 9.841667102382012366e-01 2.179328578975424716e-02
8.700000000000000000e+03 1.075769527674057313e+00 2.181188090588060541e-02
8.735000000000000000e+03 1.036272148171283991e+00 2.168561995193601238e-02
8.777000000000000000e+03 9.816715311039999614e-01 2.186515040995580528e-02
8.812000000000000000e+03 1.036539021007111927e+00 2.176413661792848259e-02
8.847000000000000000e+03 1.084527689126715266e+00 2.164769461908107318e-02
8.882000000000000000e+03 1.067663341965270574e+00 2.173905264983571131e-02
8.917000000000000000e+03 1.044155810982740906e+00 2.174827164872298810e-02
8.952000000000000000e+03 9.978586484157291325e-01 2.188813177611432029e-02
8.987000000000000000e+03 1.066927666427893939e+00 2.182210281878324207e-02
9.022000000000000000e+03 1.097948719380775984e+00 2.166760308992196973e-02
9.057000000000000000e+03 1.071212575047599147e+00 2.166665836748370502e-02
9.092000000000000000e+03 9.780036152988338394e-01 2.175058066038657381e-02
9.127000000000000000e+03 1.042723040438341853e+00 2.172743327631895816e-02
9.162000000000000000e+03 1.047981558232192745e+00 2.159642380993974375e-02
9.197000000000000000e+03 1.071088288457642923e+00 2.175693451592027039e-02
9.232000000000000000e+03 1.095605279616470806e+00 2.185205386283217005e-02
9.267000000000000000e+03 1.046169379061143045e+00 2.179240207602434198e-02
9.302000000000000000e+03 1.066323474147816697e+00 2.226996875221496502e-02
9.337000000000000000e+03 1.106639904405753771e+00 2.182237671077451660e-02
9.371000000000000000e+03 1.046481094236695553e+00 2.180794079612838679e-02
9.406000000000000000e+03 1.030570338821133358e+00 2.308421338099826692e-02
9.441000000000000000e+03 1.106946434131148127e+00 2.335506058108220706e-02
9.476000000000000000e+03 1.071545505480075988e+00 2.330610569227704182e-02
9.511000000000000000e+03 1.054909024472358903e+00 2.324662538153173669e-02
9.546000000000000000e+03 1.072698561984829047e+00 2.320928846763096673e-02
9.581000000000000000e+03 1.073571118151911863e+00 2.328762734134613363e-02
9.616000000000000000e+03 1.018965553041862426e+00 2.336763132298862525e-02
9.651000000000000000e+03 1.081000503611867947e+00 2.352511816928700220e-02
9.686000000000000000e+03 1.053206708451997820e+00 2.356272332059651531e-02
9.721000000000000000e+03 1.058834621638391038e+00 2.361290189786409768e-02
9.755000000000000000e+03 1.063213336633523243e+00 2.347554626748606446e-02
9.790000000000000000e+03 1.055723269403470388e+00 2.354224038234386390e-02
9.825000000000000000e+03 1.101951672302461827e+00 2.390590512824074254e-02
9.860000000000000000e+03 1.063036236907100696e+00 2.363299339746371963e-02
9.895000000000000000e+03 1.091290960414809996e+00 2.377267936409684437e-02
9.930000000000000000e+03 1.097613661726765999e+00 2.364438964891954140e-02
9.965000000000000000e+03 1.099188762023792787e+00 2.387774910832930059e-02
1.000000000000000000e+04 1.117074858668877901e+00 2.374922689731668105e-02
1.003500000000000000e+04 1.075311104828752029e+00 2.373040151279975571e-02
1.007000000000000000e+04 1.109869881375328937e+00 2.385841681700186581e-02
1.010500000000000000e+04 1.089467969011570503e+00 2.379831901619679918e-02
1.014000000000000000e+04 1.046097837433224154e+00 2.362456068799298828e-02
1.017500000000000000e+04 1.129082007839879997e+00 2.367292301294373832e-02
1.020900000000000000e+04 1.053049168104755795e+00 2.384049149175867729e-02
1.024400000000000000e+04 1.073411763225962545e+00 2.377707746325307889e-02
1.027900000000000000e+04 1.141619873978422239e+00 2.374531164504762801e-02
1.031400000000000000e+04 1.115940994235095518e+00 2.311571260313727283e-02
1.034900000000000000e+04 1.133685298320782131e+00 2.308922862133169773e-02
1.038400000000000000e+04 1.104401932054970725e+00 2.293452164997310250e-02
1.041900000000000000e+04 1.106321347736441751e+00 2.298205536687137479e-02
1.045400000000000000e+04 1.088870203030864792e+00 2.318704531756518583e-02
1.048900000000000000e+04 1.075642720553938503e+00 2.309568929882845414e-02
1.054100000000000000e+04 1.103239383887286706e+00 2.403431403742418981e-02
1.057600000000000000e+04 1.138594793434221986e+00 1.880378063503143279e-02
1.061000000000000000e+04 1.167008118761433844e+00 1.431599144214383036e-02
1.064500000000000000e+04 1.142577400803405308e+00 1.428878078003160967e-02
1.068000000000000000e+04 1.125629760759364162e+00 1.422806782423706451e-02
1.071500000000000000e+04 1.143727545303804050e+00 1.440152033406983528e-02
1.075000000000000000e+04 1.150987561849692975e+00 1.430313072183547751e-02
1.078500000000000000e+04 1.175159216131149043e+00 1.428536038314925580e-02
1.082000000000000000e+04 1.144358068766042402e+00 1.432651752636700769e-02
1.085500000000000000e+04 1.137884515505648064e+00 1.428740544964346958e-02
1.089000000000000000e+04 1.154688876726467361e+00 1.422099835386432358e-02
1.092500000000000000e+04 1.144860258132199604e+00 1.422038149353263212e-02
1.096000000000000000e+04 1.115312101421994884e+00 1.408464185267997888e-02
1.099500000000000000e+04 1.153327373289734670e+00 1.408331747556037031e-02
1.103000000000000000e+04 1.106231531409566982e+00 1.356134739200117768e-02
1.106500000000000000e+04 1.146132926177654943e+00 1.365002829413272147e-02
1.110000000000000000e+04 1.135987544546232630e+00 1.362974351224979265e-02
1.113500000000000000e+04 1.135110363870208694e+00 1.365579072491130905e-02
1.117000000000000000e+04 1.142055458740551144e+00 1.371052747965132747e-02
1.120500000000000000e+04 1.158800273544237758e+00 1.357448054573256319e-02
1.124000000000000000e+04 1.127748592730141830e+00 1.354860236997679039e-02
1.127400000000000000e+04 1.112093599613775297e+00 1.351663561545356045e-02
1.130900000000000000e+04 1.147349890192219446e+00 1.366079001603008082e-02
1.134400000000000000e+04 1.133521206554916283e+00 1.368716657384792638e-02
1.137900000000000000e+04 1.134796529150681632e+00 1.364267003760526870e-02
1.141400000000000000e+04 1.129302503489492793e+00 1.373347933095437137e-02
1.144900000000000000e+04 1.110928270370248772e+00 1.367905491681714429e-02
1.148400000000000000e+04 1.115096112788492633e+00 1.377701213035282743e-02
1.151900000000000000e+04 1.120673730949540703e+00 1.366062135224906798e-02
1.155300000000000000e+04 1.140499250379339635e+00 1.378688969309993517e-02
1.158800000000000000e+04 1.148784350845446500e+00 1.375173098411213400e-02
1.162300000000000000e+04 1.135701208495912828e+00 1.376825878045659368e-02
1.165800000000000000e+04 1.149185115645034561e+00 1.388057056754385225e-02
1.169300000000000000e+04 1.135317220280316564e+00 1.372945758674349107e-02
1.172800000000000000e+04 1.140498665828267644e+00 1.372297667523136172e-02
1.176300000000000000e+04 1.125285354346937661e+00 1.355770233188837923e-02
1.179800000000000000e+04 1.149177126236655022e+00 1.378167048804869975e-02
1.183300000000000000e+04 1.124802971915599192e+00 1.375085748736471110e-02
1.186800000000000000e+04 1.158136901180956357e+00 1.375611996474475872e-02
1.190300000000000000e+04 1.146076368642503507e+00 1.373332405370173738e-02
1.193700000000000000e+04 1.170016572094835672e+00 1.375184542160553559e-02
1.197200000000000000e+04 1.118796172748651063e+00 1.385229478955359722e-02
1.200700000000000000e+04 1.155440857048728454e+00 1.387809179224485170e-02
1.204200000000000000e+04 1.155483069810872232e+00 1.396088959160502255e-02
1.207700000000000000e+04 1.136777841952600010e+00 1.390344235429433369e-02
1.211200000000000000e+04 1.146007864397750264e+00 1.384370719865470750e-02
1.214700000000000000e+04 1.134636666460470789e+00 1.384035689057656546e-02
1.218200000000000000e+04 1.152475599701882070e+00 1.383831322797735193e-02
1.221600000000000000e+04 1.158547014612297366e+00 1.377870225927722500e-02
1.225100000000000000e+04 1.157357746444513280e+00 1.387828989503976131e-02
