0.000000000000000000e+00 1.032406476757786518e+00 3.095625784290732818e-02
3.500000000000000000e+01 1.012593818973299697e+00 3.082741297898297997e-02
6.900000000000000000e+01 1.046667182569571697e+00 3.098018744175673120e-02
1.040000000000000000e+02 9.677553506483552725e-01 3.100182117715192393e-02
1.390000000000000000e+02 9.786530039278574788e-01 3.089357367476187194e-02
1.740000000000000000e+02 1.057146237365990782e+00 3.101800305406589298e-02
2.090000000000000000e+02 1.009796115367715741e+00 3.097617108614282924e-02
2.440000000000000000e+02 9.437836364393417110e-01 3.080400609641823981e-02
2.790000000000000000e+02 1.028428743525451994e+00 3.109711605043981308e-02
3.130000000000000000e+02 1.045830567976412384e+00 3.093855169766191945e-02
3.480000000000000000e+02 9.851939897401825741e-01 3.094798068319267598e-02
3.830000000000000000e+02 1.025998755741979407e+00 3.080390579794710371e-02
4.180000000000000000e+02 1.037856803839118491e+00 3.098917927157796362e-02
4.530000000000000000e+02 1.009432595451080550e+00 3.092905214055400448e-02
4.880000000000000000e+02 1.031869975508697079e+00 3.077547182954430346e-02
5.230000000000000000e+02 1.062755583891273448e+00 3.077937033395189773e-02
5.570000000000000000e+02 1.083479808034429004e+00 3.081367898241781436e-02
5.930000000000000000e+02 1.007236373070715896e+00 3.055932162550348621e-02
6.280000000000000000e+02 1.033784118809392583e+00 3.080859233858236276e-02
6.620000000000000000e+02 1.056731807552846458e+00 3.088720663218051665e-02
6.970000000000000000e+02 1.059802393908829021e+00 3.090333659873218883e-02
7.320000000000000000e+02 1.111022587717955368e+00 3.086812078048633765e-02
7.670000000000000000e+02 1.042694285481497118e+00 3.085683199891814041e-02
8.020000000000000000e+02 9.777774569580220954e-01 3.067576895866962194e-02
8.370000000000000000e+02 1.035637249651027325e+00 3.073809003335046391e-02
8.710000000000000000e+02 1.037134466034921765e+00 3.053637644477438448e-02
9.060000000000000000e+02 1.006077922703943361e+00 3.081149193993507410e-02
9.410000000000000000e+02 1.052891646774873458e+00 3.059845439668418959e-02
9.760000000000000000e+02 1.021657251419234802e+00 3.052048640783492153e-02
1.011000000000000000e+03 1.017024368173053528e+00 3.066376700001211680e-02
1.046000000000000000e+03 1.016792353210775879e+00 3.075978221316727143e-02
1.081000000000000000e+03 1.027673264794108698e+00 3.064613649103061985e-02
1.116000000000000000e+03 1.111362057418090243e+00 3.065526362322697207e-02
1.151000000000000000e+03 1.019921924926278312e+00 3.014419148791894210e-02
1.185000000000000000e+03 1.021393374236444940e+00 3.029990684568529061e-02
1.220000000000000000e+03 1.006769778324989817e+00 3.020160786008958473e-02
1.255000000000000000e+03 1.022583162208799079e+00 3.034506462797013568e-02
1.290000000000000000e+03 1.046808735171538718e+00 3.035632275782026643e-02
1.325000000000000000e+03 1.042636843134289171e+00 3.028865456735426592e-02
1.360000000000000000e+03 1.035853340567837400e+00 3.036650958887427559e-02
1.395000000000000000e+03 1.086917275249704273e+00 3.049089548579942549e-02
1.429000000000000000e+03 1.087815949032100438e+00 3.032551514510434601e-02
1.464000000000000000e+03 1.100406420192165058e+00 3.058847398803812498e-02
1.499000000000000000e+03 1.021529186209069850e+00 3.043368121058175405e-02
1.534000000000000000e+03 1.055122366451729743e+00 3.051397922585570924e-02
1.569000000000000000e+03 1.026716594643983349e+00 3.048887363590215005e-02
1.604000000000000000e+03 1.061333083237713915e+00 3.054879383363264325e-02
1.638000000000000000e+03 1.062560304294229097e+00 3.044280027426069651e-02
1.673000000000000000e+03 1.021188393420709550e+00 3.060087252394473600e-02
1.708000000000000000e+03 1.042336949341885033e+00 3.028913895109866874e-02
1.817000000000000000e+03 1.000178740953882706e+00 3.028959721348114045e-02
1.852000000000000000e+03 1.027709798173489508e+00 3.050155531304474602e-02
1.887000000000000000e+03 1.037097970937034486e+00 3.049180702186722949e-02
1.922000000000000000e+03 1.036791972211884794e+00 3.057214289096008702e-02
1.957000000000000000e+03 1.060706275264742260e+00 3.040470427130389716e-02
1.991000000000000000e+03 1.072472174898981834e+00 3.056154150449412465e-02
2.026000000000000000e+03 1.038252711320955646e+00 3.048831221388270674e-02
2.061000000000000000e+03 1.106422404398289316e+00 3.057448923312280561e-02
2.096000000000000000e+03 1.068509340213742886e+00 3.056373439351345658e-02
2.131000000000000000e+03 1.035141778708329463e+00 3.038073729748814664e-02
2.166000000000000000e+03 1.062799076475417825e+00 3.059956442163825827e-02
2.201000000000000000e+03 1.107825042786667602e+00 3.075299927217932730e-02
2.235000000000000000e+03 1.051735108062304302e+00 3.051674899714696548e-02
2.270000000000000000e+03 1.029425507759787806e+00 3.053065755146004701e-02
2.305000000000000000e+03 1.077581781543249573e+00 3.064161945618613936e-02
2.340000000000000000e+03 1.040044824274256596e+00 3.057306526968801494e-02
2.375000000000000000e+03 1.060846023061410293e+00 3.077258868987513274e-02
2.410000000000000000e+03 1.034775134360464977e+00 3.069851276923053762e-02
2.445000000000000000e+03 1.073017368294091556e+00 3.054453264752480385e-02
2.480000000000000000e+03 1.012347183974001030e+00 3.045832323481504483e-02
2.514000000000000000e+03 1.027990727989348541e+00 3.064866484676396705e-02
2.549000000000000000e+03 1.045716806769806606e+00 3.058162491792461649e-02
2.584000000000000000e+03 1.010053630101272137e+00 3.054069492428027055e-02
2.619000000000000000e+03 1.066069491675110559e+00 3.071585661653989524e-02
2.654000000000000000e+03 1.076821107472832662e+00 3.092631888644630650e-02
2.689000000000000000e+03 1.010054798066507775e+00 3.061119460331217582e-02
2.723000000000000000e+03 1.008193001020800450e+00 3.044473543102766203e-02
2.758000000000000000e+03 1.082038374877748010e+00 3.072315750809594473e-02
2.793000000000000000e+03 1.000877036638081252e+00 3.057069112106488434e-02
2.828000000000000000e+03 1.042432306567798506e+00 3.043231307834828175e-02
2.863000000000000000e+03 1.050433833695968211e+00 3.055976802884350849e-02
2.898000000000000000e+03 1.098134083362526603e+00 3.068717769766754824e-02
2.933000000000000000e+03 1.097457148529078719e+00 3.070660256556908760e-02
2.967000000000000000e+03 1.072113649191724694e+00 3.066070437615121130e-02
3.002000000000000000e+03 9.441983705130937432e-01 3.065120761571774044e-02
3.037000000000000000e+03 1.075326328282783184e+00 3.089913998326061090e-02
3.072000000000000000e+03 1.045425394495522964e+00 3.093392648851571794e-02
3.107000000000000000e+03 1.029695565803282475e+00 3.125504408805821616e-02
3.142000000000000000e+03 1.035668742600060810e+00 3.112694480839615224e-02
3.177000000000000000e+03 1.090596857468206338e+00 3.091617209632759392e-02
3.212000000000000000e+03 1.018484263312105398e+00 3.107006407430366185e-02
3.247000000000000000e+03 1.030647216991063653e+00 3.108755138686549943e-02
3.281000000000000000e+03 1.052851309116004108e+00 3.112365213875390932e-02
3.316000000000000000e+03 1.090030431459032778e+00 3.113214902810365961e-02
3.351000000000000000e+03 1.049738493262211581e+00 3.099633640193041537e-02
3.386000000000000000e+03 1.052529880372394810e+00 3.107242907389868095e-02
3.421000000000000000e+03 1.033959502822195065e+00 3.124309703868690877e-02
3.456000000000000000e+03 1.052585191893841143e+00 3.132032947234358183e-02
3.491000000000000000e+03 1.071940467349892012e+00 3.136179880298226030e-02
3.525000000000000000e+03 1.059979710208262871e+00 3.151988522831034728e-02
3.615000000000000000e+03 1.052417271180962954e+00 3.160616147734016806e-02
3.649000000000000000e+03 1.114410886719668037e+00 3.141547190486264352e-02
3.684000000000000000e+03 1.050244323714531136e+00 3.122467554622167241e-02
3.719000000000000000e+03 1.141583618260266331e+00 3.135955084590313913e-02
3.754000000000000000e+03 1.055707263370395665e+00 3.145358813238873646e-02
3.789000000000000000e+03 1.023708463808793878e+00 3.149523723795199376e-02
3.824000000000000000e+03 1.079212554004453040e+00 3.153661293383822062e-02
3.859000000000000000e+03 1.100561647830645917e+00 3.179053035898370128e-02
3.893000000000000000e+03 1.068612025459409365e+00 3.161177876589892077e-02
3.928000000000000000e+03 1.127136049681729091e+00 3.159850786269732120e-02
3.963000000000000000e+03 1.088985853301542184e+00 3.157179235018758162e-02
3.998000000000000000e+03 1.069139153332868686e+00 3.159390699016808440e-02
4.033000000000000000e+03 1.098784523175647232e+00 3.148644349894581806e-02
4.068000000000000000e+03 1.037651119213871542e+00 3.160587105952410159e-02
4.103000000000000000e+03 1.150529054421953079e+00 3.181052321848038683e-02
4.138000000000000000e+03 1.021549237099728114e+00 3.159450232418343357e-02
4.173000000000000000e+03 1.037570863380993469e+00 3.141638120092216796e-02
4.207000000000000000e+03 1.076614749024866757e+00 3.160164810371053623e-02
4.242000000000000000e+03 1.037392115882600940e+00 3.158286420126747707e-02
4.277000000000000000e+03 1.041316137326209201e+00 3.157101598050592040e-02
4.312000000000000000e+03 1.048011643358046863e+00 3.155219246969404034e-02
4.347000000000000000e+03 1.066842218881523641e+00 3.157745765197040450e-02
4.382000000000000000e+03 1.063646274311677242e+00 3.161605012203399373e-02
4.417000000000000000e+03 1.067709130393761585e+00 3.156771725262984968e-02
4.451000000000000000e+03 1.080235991968668818e+00 3.171555967757836575e-02
4.486000000000000000e+03 1.084844529974387628e+00 3.166705597096269864e-02
4.521000000000000000e+03 9.845559644084183049e-01 3.184999231291322369e-02
4.556000000000000000e+03 9.584954790127913071e-01 3.186458104161338234e-02
4.591000000000000000e+03 1.050240568077263514e+00 3.184763679971128192e-02
4.626000000000000000e+03 9.786316365300242737e-01 3.184340556034078590e-02
4.661000000000000000e+03 1.136114756236412449e+00 3.187251650547069659e-02
4.696000000000000000e+03 1.056711187991250966e+00 3.191765913157300349e-02
4.731000000000000000e+03 1.090811672865829696e+00 3.187205596433312360e-02
4.766000000000000000e+03 1.081178180348294049e+00 3.206228695108824522e-02
4.800000000000000000e+03 1.077267365851400038e+00 3.183858348342442218e-02
4.835000000000000000e+03 1.055223053998306515e+00 3.197420727611139518e-02
4.870000000000000000e+03 1.054382706177280138e+00 3.213556402624481029e-02
4.905000000000000000e+03 1.034490425685290704e+00 3.236948901060263811e-02
4.940000000000000000e+03 1.079513179710552828e+00 3.216723932274952874e-02
4.975000000000000000e+03 1.018668969936453950e+00 3.212519800075112203e-02
5.009000000000000000e+03 1.069166992281215034e+00 3.220227740050728843e-02
5.044000000000000000e+03 1.070494689267637023e+00 3.243250115051177912e-02
5.079000000000000000e+03 1.009976138752062713e+00 3.211041138035326814e-02
5.114000000000000000e+03 1.034006850811551192e+00 3.226931723577223382e-02
5.149000000000000000e+03 1.014619008508000242e+00 3.248900438616170172e-02
5.184000000000000000e+03 1.021987089779319291e+00 3.256917458357373035e-02
5.219000000000000000e+03 1.065867130927254491e+00 3.248157685202140987e-02
5.254000000000000000e+03 1.096527015133292426e+00 3.255672181369725915e-02
5.289000000000000000e+03 1.071682900347863843e+00 3.280647766063501947e-02
5.323000000000000000e+03 1.044428883234084449e+00 3.273675664579257100e-02
5.400000000000000000e+03 1.068842696236737444e+00 3.264264643486109591e-02
5.435000000000000000e+03 1.041791270546795323e+00 3.269711757186970214e-02
5.470000000000000000e+03 1.038677159549620921e+00 3.305452307293994113e-02
5.505000000000000000e+03 1.067073134956871394e+00 3.302653226632496636e-02
5.540000000000000000e+03 1.022691575847635814e+00 3.284696260401964718e-02
5.574000000000000000e+03 1.007500685148747355e+00 3.233588753375310487e-02
5.609000000000000000e+03 1.007954562594101766e+00 3.263333536081996361e-02
5.644000000000000000e+03 1.019171321412941200e+00 3.272882711873816020e-02
5.679000000000000000e+03 1.017838692211749940e+00 3.280674513358697308e-02
5.714000000000000000e+03 1.007784252364963162e+00 3.287729873579303685e-02
5.749000000000000000e+03 1.057521022232146946e+00 3.286146869664095804e-02
5.784000000000000000e+03 9.967026501144414796e-01 3.280735979129009022e-02
5.819000000000000000e+03 1.026018763575738291e+00 3.299734792531891503e-02
5.853000000000000000e+03 9.652496849659965017e-01 3.298200743561419124e-02
5.888000000000000000e+03 9.131738376213303088e-01 3.299482558640623453e-02
5.923000000000000000e+03 9.693523585719621138e-01 3.295693969064347750e-02
5.958000000000000000e+03 1.016009947568024874e+00 3.279595049038963595e-02
5.993000000000000000e+03 1.045646073474625792e+00 3.310217095337002896e-02
6.028000000000000000e+03 9.569584649616285077e-01 3.296249353765950268e-02
6.063000000000000000e+03 9.068266087432986788e-01 3.310034166283657570e-02
6.098000000000000000e+03 1.029531279825733225e+00 3.325425555082237028e-02
6.132000000000000000e+03 1.002196667557936127e+00 3.309964214988127262e-02
6.167000000000000000e+03 9.829296696016415202e-01 3.319198984697574462e-02
6.202000000000000000e+03 1.009136300040375911e+00 3.338651018884313676e-02
6.237000000000000000e+03 9.777990466395192204e-01 3.326915097250029985e-02
6.272000000000000000e+03 9.513348359176582170e-01 3.323313717025917768e-02
6.307000000000000000e+03 9.951474307228942440e-01 3.329101724707721893e-02
6.342000000000000000e+03 1.074449105533965776e+00 3.301232991315872223e-02
6.377000000000000000e+03 1.011259282278513583e+00 3.327724386370704834e-02
6.412000000000000000e+03 1.021045127640352046e+00 3.326855287627233926e-02
6.446000000000000000e+03 1.063958140033868682e+00 3.326259218738658596e-02
6.481000000000000000e+03 9.842274544659818103e-01 3.307711508978410792e-02
6.516000000000000000e+03 9.998212590461170723e-01 3.281691789827555911e-02
6.551000000000000000e+03 1.006909686126816972e+00 3.267671865659883129e-02
6.586000000000000000e+03 1.027020150679466726e+00 3.271521836423230828e-02
6.621000000000000000e+03 9.958350670505556890e-01 3.276826594245079577e-02
6.655000000000000000e+03 1.039549709425459989e+00 3.296397366299374382e-02
6.690000000000000000e+03 1.010505594638119842e+00 3.274155100789934159e-02
6.725000000000000000e+03 9.718993785066973867e-01 3.291616762246554057e-02
6.760000000000000000e+03 9.892053799342841458e-01 3.273990922305822920e-02
6.795000000000000000e+03 9.645799477193809368e-01 3.274875132672645794e-02
6.830000000000000000e+03 1.014026258998139474e+00 3.306394544125790952e-02
6.865000000000000000e+03 9.460832074690700422e-01 3.307854659385017770e-02
6.899000000000000000e+03 9.830913427762807411e-01 3.310295946948106638e-02
6.934000000000000000e+03 1.032189392928513971e+00 3.317247559509390459e-02
6.969000000000000000e+03 9.630060643449434021e-01 3.300487186115107913e-02
7.004000000000000000e+03 1.010524883701132914e+00 3.308405994128559013e-02
7.039000000000000000e+03 9.646012397309091657e-01 3.302477115235492172e-02
7.074000000000000000e+03 9.238688299042716601e-01 3.293021734232646353e-02
7.109000000000000000e+03 9.963950073382512596e-01 3.306986443213943971e-02
7.179000000000000000e+03 9.234805797107555891e-01 3.311434447585806518e-02
7.214000000000000000e+03 9.733868573747925801e-01 3.334644867183507444e-02
7.249000000000000000e+03 9.727326769787145722e-01 3.324381301844051700e-02
7.284000000000000000e+03 9.594255005077891862e-01 3.336462591464403604e-02
7.319000000000000000e+03 9.735021407271159388e-01 3.328753027191157926e-02
7.354000000000000000e+03 9.670348966664539248e-01 3.330212369188550320e-02
7.389000000000000000e+03 9.578550852246984215e-01 3.304787929548158587e-02
7.424000000000000000e+03 1.020880223619575977e+00 3.290970153910872942e-02
7.459000000000000000e+03 1.017581646259331007e+00 3.297782391698789173e-02
7.493000000000000000e+03 9.427163946974468356e-01 3.278624776538622415e-02
7.528000000000000000e+03 9.393396851362245670e-01 3.288930262570177038e-02
7.563000000000000000e+03 9.712373882658597024e-01 3.279655165996588767e-02
7.598000000000000000e+03 1.021148442165996650e+00 3.266354040680972959e-02
7.633000000000000000e+03 9.570072133353962895e-01 3.264672334217537386e-02
7.668000000000000000e+03 1.014096991782665658e+00 3.292446327537853351e-02
7.703000000000000000e+03 1.034919305218086727e+00 3.305413437374933594e-02
7.738000000000000000e+03 9.568054435602553198e-01 3.297049135584891738e-02
7.773000000000000000e+03 9.319908826904937937e-01 3.295721380992903266e-02
7.808000000000000000e+03 9.946337462507947036e-01 3.329858715126936958e-02
7.843000000000000000e+03 9.430221395537091711e-01 3.292797304021849447e-02
7.878000000000000000e+03 9.334922103814982108e-01 3.315174643286200595e-02
7.913000000000000000e+03 1.016571315411535226e+00 3.315875468556579025e-02
7.947000000000000000e+03 9.579371938181561186e-01 3.331854840820026170e-02
7.982000000000000000e+03 8.811147691757513778e-01 3.317983108883066495e-02
8.017000000000000000e+03 9.359175805158189698e-01 3.310942472024046290e-02
8.052000000000000000e+03 8.503089196498534452e-01 3.327155276277315998e-02
8.087000000000000000e+03 9.684465545490152927e-01 3.347002510876997267e-02
8.122000000000000000e+03 9.590683241188756591e-01 3.322544657114419320e-02
8.157000000000000000e+03 9.509204261567468786e-01 3.338979716405739845e-02
8.192000000000000000e+03 8.986590725796097523e-01 3.341553720078739576e-02
8.227000000000000000e+03 9.351054763209557530e-01 3.365954925964517730e-02
8.261000000000000000e+03 9.150544593297595952e-01 3.360989235952787507e-02
8.296000000000000000e+03 8.898140294530175742e-01 3.410833004566938415e-02
8.331000000000000000e+03 9.182971644751294349e-01 3.403807372373718332e-02
8.366000000000000000e+03 8.882195904879801596e-01 3.400992453393412301e-02
8.401000000000000000e+03 9.828948205028559260e-01 3.418990503476176945e-02
8.436000000000000000e+03 8.716037492879561421e-01 3.401112230769069017e-02
8.471000000000000000e+03 8.710619599539624058e-01 3.415943367801484165e-02
8.506000000000000000e+03 9.249979229917516532e-01 3.422293531400646960e-02
8.541000000000000000e+03 8.625354026528480045e-01 3.183162233332886837e-02
8.576000000000000000e+03 9.051042481762751057e-01 2.188513454784849280e-02
8.610000000000000000e+03 9.338302978812288435e-01 2.199126983923213943e-02
8.645000000000000000e+03 9.193454803184190061e-01 2.181518392279801696e-02
8.680000000000000000e+03 9.612487448706938942e-01 2.193988381876088578e-02
8.715000000000000000e+03 8.935357267052884689e-01 2.195180375414520005e-02
8.750000000000000000e+03 9.462496463197918040e-01 2.198543368221408251e-02
8.785000000000000000e+03 8.842077826492382719e-01 2.203537105592766679e-02
8.820000000000000000e+03 8.774557033355752100e-01 2.182668325286049940e-02
8.855000000000000000e+03 9.200322967917076156e-01 2.191121596265264634e-02
8.890000000000000000e+03 8.855525984405463458e-01 2.182776417522704418e-02
8.965000000000000000e+03 9.027120648246347301e-01 2.064046719196413471e-02
9.000000000000000000e+03 9.009207619600820838e-01 2.068259286713556785e-02
9.035000000000000000e+03 8.867327323316760435e-01 2.071074343622498690e-02
9.069000000000000000e+03 8.543518046585301118e-01 2.059126291533670133e-02
9.104000000000000000e+03 9.000238242170484071e-01 2.061982442637654706e-02
9.139000000000000000e+03 8.661834690140477466e-01 2.068216977829833228e-02
9.174000000000000000e+03 8.600700110232364359e-01 2.064376463033324241e-02
9.209000000000000000e+03 8.971059748455361138e-01 2.079086541953126602e-02
9.244000000000000000e+03 8.850409731128533464e-01 2.061605252411066735e-02
9.278000000000000000e+03 8.762562433174977405e-01 2.066053786338398549e-02
9.313000000000000000e+03 9.090807272843993703e-01 2.079870217282774048e-02
9.348000000000000000e+03 8.726595555770512158e-01 2.059763570694646967e-02
9.383000000000000000e+03 8.828388456473565959e-01 2.082433593633672281e-02
9.418000000000000000e+03 8.892343798812187838e-01 2.068321227768116569e-02
9.453000000000000000e+03 8.217684078797308223e-01 2.069004967046723237e-02
9.488000000000000000e+03 8.134553862078731656e-01 2.073392428702778081e-02
9.522000000000000000e+03 8.706840302195684167e-01 2.067330759749108626e-02
9.557000000000000000e+03 8.727615614454494741e-01 2.075661550135558461e-02
9.592000000000000000e+03 8.367663773444163899e-01 2.073852810365375832e-02
9.627000000000000000e+03 8.362313399638270361e-01 2.083578727192338456e-02
9.662000000000000000e+03 8.818330957313146312e-01 2.073007484808209178e-02
9.697000000000000000e+03 7.808130577858923838e-01 2.094756912384905176e-02
9.732000000000000000e+03 8.365254688936213379e-01 2.071116324274505788e-02
9.767000000000000000e+03 8.617887598334397214e-01 2.072430510401038900e-02
9.801000000000000000e+03 8.257986192884733123e-01 2.071397911321165922e-02
9.836000000000000000e+03 8.292535173775037460e-01 2.088127476026372178e-02
9.871000000000000000e+03 8.046806492782245801e-01 2.074765660108353338e-02
9.906000000000000000e+03 8.094561855020745433e-01 2.068521369896324583e-02
9.941000000000000000e+03 8.676760075849385689e-01 2.088372683302102545e-02
9.976000000000000000e+03 8.230340809149405690e-01 2.076625994709378406e-02
1.001100000000000000e+04 8.074574368818592252e-01 2.077033115659699183e-02
1.004500000000000000e+04 8.215879776034255011e-01 2.071662855701463662e-02
1.008000000000000000e+04 7.915947715755741187e-01 2.064724135653553394e-02
1.011500000000000000e+04 8.292778335464153772e-01 2.073220379614195558e-02
1.015000000000000000e+04 7.990561696322784346e-01 2.064115175189941420e-02
1.018500000000000000e+04 8.145369283746373146e-01 2.072826473959547486e-02
1.022000000000000000e+04 8.125048601883512189e-01 2.080193916824552014e-02
1.025500000000000000e+04 8.395523412806678021e-01 2.095004165551189040e-02
1.028900000000000000e+04 8.241026630654623153e-01 2.098350130339774258e-02
1.032400000000000000e+04 7.834320345062746327e-01 2.080506955073044978e-02
1.035900000000000000e+04 8.090926441394493684e-01 2.099993666959180244e-02
1.039400000000000000e+04 8.053836191571086545e-01 2.092523645368846857e-02
1.042900000000000000e+04 7.808053632310405501e-01 2.093736791767156907e-02
1.046400000000000000e+04 7.981794420727614803e-01 2.097654540743039420e-02
1.049900000000000000e+04 8.169304352313707662e-01 2.083932006640535489e-02
1.053300000000000000e+04 7.796525746174995941e-01 2.090814873196465001e-02
1.056800000000000000e+04 8.535787564641601488e-01 2.099212189479547283e-02
1.060300000000000000e+04 8.138656439022220468e-01 2.078247407235196340e-02
1.063800000000000000e+04 7.906709320153852971e-01 2.079456561084854632e-02
1.067300000000000000e+04 8.430865689348362446e-01 2.093449807962356399e-02
1.075800000000000000e+04 7.809048369650447574e-01 2.079502028171973521e-02
1.079300000000000000e+04 8.300419936766963991e-01 2.089109274462539953e-02
1.082800000000000000e+04 7.968953687180335699e-01 2.090857521572778155e-02
1.086300000000000000e+04 8.129373927603692485e-01 2.105949740595042946e-02
1.089700000000000000e+04 7.733353805513403234e-01 2.094116789284729968e-02
1.093200000000000000e+04 8.105621361857877627e-01 2.109628307774991107e-02
1.096700000000000000e+04 8.028661140887848324e-01 2.109598251396679891e-02
1.100200000000000000e+04 8.034700982333069508e-01 2.102814979901610620e-02
1.103700000000000000e+04 7.586392932372335585e-01 2.098618788681209241e-02
1.107200000000000000e+04 8.122263750182062703e-01 2.096718508572830916e-02
1.110700000000000000e+04 8.176507046274957835e-01 2.096004864395181050e-02
1.114200000000000000e+04 7.987631106208197274e-01 2.127058948795156057e-02
1.117700000000000000e+04 8.385844939177878876e-01 2.113323806059475701e-02
1.121100000000000000e+04 8.370698235262645781e-01 2.122341876888524104e-02
1.124600000000000000e+04 7.820104240799967688e-01 2.103500162041046714e-02
1.128100000000000000e+04 8.204952701557548522e-01 2.120774243690238051e-02
1.131600000000000000e+04 8.292281399319318957e-01 2.111161331669175398e-02
1.135100000000000000e+04 8.349421400433774121e-01 2.125836104299747009e-02
1.138600000000000000e+04 8.150703833434569390e-01 2.189614924137636351e-02
1.142100000000000000e+04 8.535198926286347021e-01 2.239688047574083310e-02
1.145600000000000000e+04 8.017640973255052428e-01 2.221232125706813429e-02
1.149100000000000000e+04 8.666760304428244854e-01 2.326343756481222269e-02
1.152500000000000000e+04 8.528453449127635366e-01 2.320962925954682399e-02
1.156000000000000000e+04 8.315377846333383838e-01 2.307396384686066088e-02
1.159500000000000000e+04 8.770478929983729355e-01 2.274010757876785555e-02
1.163000000000000000e+04 8.333140877254779921e-01 2.235604200693164234e-02
1.166500000000000000e+04 8.956909268178641081e-01 2.207796127308852413e-02
1.170000000000000000e+04 8.526349691657554297e-01 2.163454622173130448e-02
1.173500000000000000e+04 8.590152559637679319e-01 2.146454373969272980e-02
1.177000000000000000e+04 8.402792742917846169e-01 2.150603890483494471e-02
1.180500000000000000e+04 8.233120940254652353e-01 2.134748274553186290e-02
1.184000000000000000e+04 8.928587517396531226e-01 2.130807446505257607e-02
1.187400000000000000e+04 8.819938464134533529e-01 2.139008238788800767e-02
1.190900000000000000e+04 8.649913283801498043e-01 2.141991921853913725e-02
1.194400000000000000e+04 8.668320415790318201e-01 2.136745691688052978e-02
1.197900000000000000e+04 8.704811122152237290e-01 2.142710639368869754e-02
1.201400000000000000e+04 8.664466967115657114e-01 2.129527377400207422e-02
1.204900000000000000e+04 9.030148400872146652e-01 2.151977490665546444e-02
1.208400000000000000e+04 9.215690289769972177e-01 2.179410330791449815e-02
1.211900000000000000e+04 8.949756027454788265e-01 2.159748449271982687e-02
1.215400000000000000e+04 8.782247844061422670e-01 2.148909747767372216e-02
1.218800000000000000e+04 9.192309457313438958e-01 2.159714521088684780e-02
1.222300000000000000e+04 8.862800034599874754e-01 2.156492359430897329e-02
1.225800000000000000e+04 8.837244564243229572e-01 2.155694399056682503e-02
1.229300000000000000e+04 8.652484792165888727e-01 2.150423504691438559e-02
1.232800000000000000e+04 8.834893932309525466e-01 2.146659827441182652e-02
1.236300000000000000e+04 9.099103167559163818e-01 2.166238726444203594e-02
1.239800000000000000e+04 9.255637616095205855e-01 2.181295435474084679e-02
1.243200000000000000e+04 9.354889491058663298e-01 2.166498859716687111e-02
1.246700000000000000e+04 8.911549401097810241e-01 2.156153048133289257e-02
