0.000000000000000000e+00 1.111667800876244616e+00 8.556800823748851939e-03
3.500000000000000000e+01 1.125773956095073691e+00 8.530799148720688910e-03
6.900000000000000000e+01 1.113698177880681817e+00 8.561283026458236037e-03
1.040000000000000000e+02 1.106406160069171918e+00 8.569226010438444480e-03
1.390000000000000000e+02 1.132223340057891381e+00 8.545637463995385541e-03
1.740000000000000000e+02 1.127366986958620698e+00 8.569997380692601779e-03
2.090000000000000000e+02 1.115324651719047822e+00 8.562080969350266413e-03
2.440000000000000000e+02 1.118510539067102627e+00 8.518843314659740873e-03
2.790000000000000000e+02 1.152023734497320540e+00 8.607905441784210673e-03
3.130000000000000000e+02 1.134822759688975724e+00 8.563308749878425358e-03
3.480000000000000000e+02 1.140406711819200503e+00 8.562962431934779961e-03
3.830000000000000000e+02 1.129413955935972824e+00 8.520068626186313304e-03
4.180000000000000000e+02 1.183697254844940039e+00 8.583500388096911363e-03
4.530000000000000000e+02 1.180976665561295880e+00 8.565361046963777120e-03
4.880000000000000000e+02 1.181016185514666361e+00 8.531882169864259124e-03
5.230000000000000000e+02 1.148191726090050713e+00 8.513916017519560300e-03
5.570000000000000000e+02 1.157316592040266601e+00 8.523187625888876962e-03
5.930000000000000000e+02 1.222875024838811608e+00 8.493346460053213115e-03
6.280000000000000000e+02 1.188697214985245276e+00 8.533242514849251684e-03
6.620000000000000000e+02 1.187166407825165138e+00 8.555135893901446090e-03
6.970000000000000000e+02 1.183061504496406569e+00 8.559755603961514969e-03
7.320000000000000000e+02 1.262296101106749946e+00 8.566955662583286210e-03
7.670000000000000000e+02 1.237679156213497889e+00 8.559285846774246018e-03
8.020000000000000000e+02 1.208053233967816276e+00 8.514303352975420569e-03
8.370000000000000000e+02 1.165054059154555066e+00 8.508061448526055628e-03
8.710000000000000000e+02 1.257629706517424450e+00 8.488479435962158898e-03
9.060000000000000000e+02 1.267679471395316781e+00 8.566639549059895664e-03
9.410000000000000000e+02 1.240007511427004605e+00 8.501902454601920761e-03
9.760000000000000000e+02 1.195325510290501381e+00 8.469799099531754444e-03
1.011000000000000000e+03 1.249660707928923919e+00 8.514337264053982099e-03
1.046000000000000000e+03 1.275402545585402780e+00 8.548823046390187363e-03
1.081000000000000000e+03 1.254290962761069217e+00 8.512489351340914515e-03
1.116000000000000000e+03 1.249318658529399828e+00 8.504682351829736739e-03
1.151000000000000000e+03 1.247925332329818948e+00 8.385957165883219794e-03
1.185000000000000000e+03 1.308894111254884640e+00 8.444188713836555879e-03
1.220000000000000000e+03 1.285057468768750821e+00 8.414280722845888724e-03
1.255000000000000000e+03 1.258184124768714884e+00 8.430831141676404725e-03
1.290000000000000000e+03 1.233674597963027031e+00 8.419471993402930649e-03
1.325000000000000000e+03 1.288569898739265085e+00 8.424570708791722512e-03
1.360000000000000000e+03 1.299076433809594588e+00 8.447761363717691194e-03
1.395000000000000000e+03 1.284589816297011300e+00 8.466874203035676047e-03
1.429000000000000000e+03 1.223399377585503212e+00 8.399831957880247307e-03
1.464000000000000000e+03 1.272758514679086961e+00 8.484038685372645092e-03
1.499000000000000000e+03 1.295488953277351474e+00 8.455481723521677401e-03
1.534000000000000000e+03 1.253534687956957105e+00 8.452506395193770325e-03
1.569000000000000000e+03 1.238843958642093401e+00 8.446381591443638190e-03
1.604000000000000000e+03 1.237739140346729050e+00 8.463178012475168488e-03
1.638000000000000000e+03 1.265353423751495177e+00 8.438660011090460752e-03
1.673000000000000000e+03 1.260532435687066855e+00 8.480791702344012487e-03
1.708000000000000000e+03 1.224707511409238725e+00 8.389975764664310207e-03
1.817000000000000000e+03 1.232998943985481155e+00 8.396599414051571925e-03
1.852000000000000000e+03 1.221134043826286986e+00 8.442000065112323370e-03
1.887000000000000000e+03 1.184491656369101475e+00 8.425015716930894100e-03
1.922000000000000000e+03 1.199792546989377318e+00 8.441035351737923020e-03
1.957000000000000000e+03 1.159975306294074748e+00 8.374755285218141859e-03
1.991000000000000000e+03 1.147582789183791974e+00 8.404764586275740093e-03
2.026000000000000000e+03 1.165688399968031641e+00 8.403124699609996334e-03
2.061000000000000000e+03 1.126334845636344895e+00 8.405607404339651006e-03
2.096000000000000000e+03 1.104698265415819280e+00 8.387453218921391007e-03
2.131000000000000000e+03 1.118207649653910396e+00 8.351602699755201337e-03
2.166000000000000000e+03 1.092507517893148483e+00 8.396595371825618659e-03
2.201000000000000000e+03 1.067872992240148200e+00 8.420904177472420329e-03
2.235000000000000000e+03 1.032077078145599680e+00 8.335959742815767654e-03
2.270000000000000000e+03 1.026858577213400459e+00 8.343754288737997155e-03
2.305000000000000000e+03 1.032796478737567858e+00 8.366831144672719905e-03
2.340000000000000000e+03 1.021297153560296156e+00 8.352661082204882598e-03
2.375000000000000000e+03 1.001622302422320532e+00 8.385339864137593413e-03
2.410000000000000000e+03 9.789175167279869916e-01 8.354782131377290824e-03
2.445000000000000000e+03 9.792055858989725525e-01 8.317779387406741207e-03
2.480000000000000000e+03 1.029060065217724862e+00 8.327160392354196125e-03
2.514000000000000000e+03 9.596946018428614833e-01 8.328048752808224833e-03
2.549000000000000000e+03 9.418936970970455125e-01 8.314555031214740377e-03
2.584000000000000000e+03 9.538593043598767585e-01 8.306157476142987661e-03
2.619000000000000000e+03 9.657803300735005037e-01 8.351095008435312564e-03
2.654000000000000000e+03 9.409397430675979779e-01 8.394255681398931843e-03
2.689000000000000000e+03 9.177038169889812913e-01 8.311676314456607068e-03
2.723000000000000000e+03 8.944170988823862967e-01 8.252792974736546799e-03
2.758000000000000000e+03 9.274995405120188829e-01 8.336822437524106164e-03
2.793000000000000000e+03 9.059399079439811597e-01 8.294602620603813009e-03
2.828000000000000000e+03 8.871417773377279214e-01 8.239811340242932450e-03
2.863000000000000000e+03 8.894754358678187423e-01 8.267501175964022883e-03
2.898000000000000000e+03 9.022389277204496683e-01 8.302800284040998124e-03
2.933000000000000000e+03 9.049645688051258796e-01 8.310337739986168801e-03
2.967000000000000000e+03 8.745869128894183664e-01 8.276632757787484584e-03
3.002000000000000000e+03 8.784169106399962734e-01 8.290095419826389728e-03
3.037000000000000000e+03 8.797040088576608685e-01 8.336898665908396705e-03
3.072000000000000000e+03 8.815107814435003686e-01 8.362219063638631419e-03
3.107000000000000000e+03 8.893101273377552740e-01 8.435015366412090473e-03
3.142000000000000000e+03 9.015448074388265898e-01 8.402011736523429947e-03
3.177000000000000000e+03 8.841281225688459866e-01 8.338061523092915248e-03
3.212000000000000000e+03 8.972408810559480141e-01 8.389355320751461231e-03
3.247000000000000000e+03 8.898097288065136556e-01 8.387867325556941020e-03
3.281000000000000000e+03 9.281376830328066374e-01 8.396069792830623130e-03
3.316000000000000000e+03 9.275957611150297266e-01 8.398385407925765614e-03
3.351000000000000000e+03 8.991287305096148375e-01 8.354919362816095457e-03
3.386000000000000000e+03 8.919958045044570349e-01 8.386359742361595287e-03
3.421000000000000000e+03 9.325573155737471032e-01 8.420096034262877435e-03
3.456000000000000000e+03 9.388890179236178968e-01 8.451502596894240257e-03
3.491000000000000000e+03 9.179611991706705387e-01 8.444524057181832313e-03
3.525000000000000000e+03 8.802096949259944347e-01 8.488295051700981905e-03
3.615000000000000000e+03 9.436626448393858890e-01 8.522486110499881071e-03
3.649000000000000000e+03 9.164631552254992597e-01 8.464050340069605161e-03
3.684000000000000000e+03 9.045185954560647223e-01 8.418610218710877516e-03
3.719000000000000000e+03 9.683805953931280408e-01 8.452392735106808302e-03
3.754000000000000000e+03 9.770360224035294916e-01 8.495653402035433302e-03
3.789000000000000000e+03 9.756706674412071179e-01 8.497812009082696821e-03
3.824000000000000000e+03 9.028785500283301735e-01 8.495937088892588016e-03
3.859000000000000000e+03 9.326873256327087303e-01 8.551781910169442905e-03
3.893000000000000000e+03 1.013616294760441017e+00 8.530087008080562694e-03
3.928000000000000000e+03 9.886405122775806520e-01 8.518832314442507242e-03
3.963000000000000000e+03 9.156145261024531967e-01 8.493453097196715720e-03
3.998000000000000000e+03 9.579706018004416901e-01 8.519977290917095727e-03
4.033000000000000000e+03 1.027597460449949596e+00 8.505408588166599518e-03
4.068000000000000000e+03 9.984983068628342506e-01 8.535838786346075513e-03
4.103000000000000000e+03 9.565433266204347307e-01 8.560172015962151312e-03
4.138000000000000000e+03 9.086708929527748113e-01 8.513627266366714449e-03
4.173000000000000000e+03 1.077862884971642954e+00 8.501392935839194309e-03
4.207000000000000000e+03 1.061761177141122170e+00 8.545382105869855222e-03
4.242000000000000000e+03 1.006255159897091467e+00 8.526153766993333286e-03
4.277000000000000000e+03 9.315030719306576223e-01 8.507561412357134839e-03
4.312000000000000000e+03 1.010416459051574511e+00 8.508070415083076807e-03
4.347000000000000000e+03 1.068501555411932369e+00 8.535187200623113243e-03
4.382000000000000000e+03 1.053002203767014366e+00 8.534919573154036571e-03
4.417000000000000000e+03 9.340109371302705021e-01 8.497709458902552235e-03
4.451000000000000000e+03 9.718105056825663279e-01 8.542324844597101036e-03
4.486000000000000000e+03 1.061810684030463969e+00 8.539330915183955886e-03
4.521000000000000000e+03 1.023167188438229847e+00 8.600802644651661319e-03
4.556000000000000000e+03 9.499850076931473097e-01 8.583331281153133360e-03
4.591000000000000000e+03 9.311755574789742917e-01 8.557602344500451694e-03
4.626000000000000000e+03 1.077161957470689435e+00 8.596770347487984673e-03
4.661000000000000000e+03 1.069483552551288241e+00 8.593250313748355615e-03
4.696000000000000000e+03 1.039845179780327866e+00 8.605495304352296301e-03
4.731000000000000000e+03 9.191286803327217703e-01 8.567126041644161638e-03
4.766000000000000000e+03 1.049328423964491330e+00 8.642419250709338849e-03
4.800000000000000000e+03 1.037864900035235793e+00 8.561791274367507032e-03
4.835000000000000000e+03 1.030074435016669288e+00 8.606183157598675318e-03
4.870000000000000000e+03 9.253398532275033395e-01 8.635857492261178256e-03
4.905000000000000000e+03 9.863129905585970025e-01 8.700534862347125351e-03
4.940000000000000000e+03 1.061465839064660077e+00 8.660811826482513534e-03
4.975000000000000000e+03 1.035873039005998697e+00 8.655025374588643308e-03
5.009000000000000000e+03 9.618927911378323259e-01 8.648819326830141374e-03
5.044000000000000000e+03 9.591963867209534200e-01 8.716236398928923351e-03
5.079000000000000000e+03 1.048596572723470954e+00 8.643197650526976070e-03
5.114000000000000000e+03 1.014985465526329733e+00 8.677444202985511515e-03
5.149000000000000000e+03 9.913090763954570672e-01 8.735681698542562684e-03
5.184000000000000000e+03 9.038884878237325449e-01 8.744703124205983544e-03
5.219000000000000000e+03 9.738966698558603197e-01 8.718167721322047856e-03
5.254000000000000000e+03 1.001967353828680407e+00 8.748046964161893327e-03
5.289000000000000000e+03 9.488701268672669054e-01 8.790842044511561204e-03
5.323000000000000000e+03 9.057682598255619721e-01 8.779868915009789859e-03
5.400000000000000000e+03 9.724514877396785995e-01 8.750796501902958352e-03
5.435000000000000000e+03 9.420190284743572562e-01 8.765601370257568997e-03
5.470000000000000000e+03 8.958922256696332242e-01 8.857913679341744562e-03
5.505000000000000000e+03 9.216908043301362818e-01 8.851218630943145926e-03
5.540000000000000000e+03 9.130775574601563971e-01 8.793071429860618848e-03
5.574000000000000000e+03 9.176233976617711452e-01 8.667420450327988773e-03
5.609000000000000000e+03 9.087950335191675721e-01 8.756394405344172099e-03
5.644000000000000000e+03 9.013092725263488481e-01 8.770495974569169836e-03
5.679000000000000000e+03 9.074317504373240473e-01 8.779635984082776248e-03
5.714000000000000000e+03 8.915229475342055787e-01 8.793266199646168624e-03
5.749000000000000000e+03 8.876557262980311336e-01 8.794769475720977392e-03
5.784000000000000000e+03 8.936612927383407179e-01 8.806763610544610099e-03
5.819000000000000000e+03 8.907327884684120844e-01 8.827137828902369143e-03
5.853000000000000000e+03 8.840011150547770757e-01 8.830414351251118441e-03
5.888000000000000000e+03 8.789517499797000477e-01 8.838549216737321898e-03
5.923000000000000000e+03 8.924819695199209812e-01 8.840876829938618814e-03
5.958000000000000000e+03 8.873694236526862289e-01 8.779733883425884164e-03
5.993000000000000000e+03 8.549046724833672117e-01 8.843420895022787928e-03
6.028000000000000000e+03 8.523987974874452922e-01 8.815356990805730750e-03
6.063000000000000000e+03 8.522537905260744173e-01 8.866944602848394336e-03
6.098000000000000000e+03 8.685669641828501764e-01 8.905420114500385564e-03
6.132000000000000000e+03 8.435649420267006260e-01 8.837924959273171788e-03
6.167000000000000000e+03 8.451627630013598402e-01 8.876462159843074434e-03
6.202000000000000000e+03 8.518509827365328135e-01 8.926874646852768838e-03
6.237000000000000000e+03 8.789742450693566189e-01 8.921336697377281119e-03
6.272000000000000000e+03 8.344047838346172474e-01 8.881660032700022800e-03
6.307000000000000000e+03 8.382350113051297846e-01 8.893282551116842016e-03
6.342000000000000000e+03 8.350071230045174042e-01 8.819253971973962242e-03
6.377000000000000000e+03 9.121557859534569213e-01 8.935346474090803334e-03
6.412000000000000000e+03 8.683329542526982969e-01 8.902950530081542649e-03
6.446000000000000000e+03 8.479542395107793062e-01 8.882294548200527287e-03
6.481000000000000000e+03 8.389516092062827557e-01 8.846669182102350273e-03
6.516000000000000000e+03 8.736065422020465876e-01 8.801122814521566279e-03
6.551000000000000000e+03 8.582788634685146745e-01 8.752669088979118592e-03
6.586000000000000000e+03 8.301782830491918341e-01 8.744577571341068112e-03
6.621000000000000000e+03 8.236950731807646253e-01 8.760457128276215311e-03
6.655000000000000000e+03 8.556134102928527607e-01 8.836398144436012278e-03
6.690000000000000000e+03 8.739299013677537253e-01 8.787514235759333672e-03
6.725000000000000000e+03 8.291611541400777385e-01 8.806187263017501918e-03
6.760000000000000000e+03 8.255014405861802462e-01 8.758745507445445111e-03
6.795000000000000000e+03 8.303597707774974523e-01 8.770000404129302957e-03
6.830000000000000000e+03 8.943913197826668382e-01 8.880415200698685979e-03
6.865000000000000000e+03 8.500975261506628078e-01 8.863473571416239163e-03
6.899000000000000000e+03 8.186653300939146227e-01 8.852003811624205992e-03
6.934000000000000000e+03 8.246632801168674032e-01 8.866204392360393233e-03
6.969000000000000000e+03 9.263553973708885669e-01 8.888640547108396517e-03
7.004000000000000000e+03 8.582341546656863107e-01 8.856486910994098086e-03
7.039000000000000000e+03 8.469341816763453767e-01 8.842445752826387159e-03
7.074000000000000000e+03 8.467321771791149754e-01 8.833545419674649138e-03
7.109000000000000000e+03 8.822755712116091553e-01 8.874736172307559970e-03
7.179000000000000000e+03 8.694364696045369101e-01 8.886761733786817732e-03
7.214000000000000000e+03 8.620363438470638462e-01 8.939177201955604557e-03
7.249000000000000000e+03 9.003615488015237478e-01 8.939353292803087908e-03
7.284000000000000000e+03 9.603311067914425125e-01 8.996371545976534351e-03
7.319000000000000000e+03 8.755838686801962201e-01 8.925807017843883501e-03
7.354000000000000000e+03 8.968108540879569102e-01 8.942557922709816823e-03
7.389000000000000000e+03 8.445694909621480617e-01 8.856694018111935587e-03
7.424000000000000000e+03 9.566324742245958523e-01 8.864884416618862631e-03
7.459000000000000000e+03 9.021303123313365591e-01 8.859544141601539968e-03
7.493000000000000000e+03 8.742557103962433906e-01 8.812038238968181517e-03
7.528000000000000000e+03 8.896167815207315366e-01 8.839902458206212732e-03
7.563000000000000000e+03 9.634830818920603335e-01 8.848978125506640202e-03
7.598000000000000000e+03 9.115393940525458039e-01 8.785367993216372517e-03
7.633000000000000000e+03 8.928391453278305967e-01 8.777393891972245718e-03
7.668000000000000000e+03 8.826202378839907992e-01 8.835839605326138019e-03
7.703000000000000000e+03 9.195075775228913617e-01 8.884634963295541185e-03
7.738000000000000000e+03 9.585877605413272162e-01 8.901030667693203557e-03
7.773000000000000000e+03 8.943144744081805708e-01 8.863983699139042424e-03
7.808000000000000000e+03 8.930795244324258864e-01 8.943196924779850399e-03
7.843000000000000000e+03 9.368412395544974958e-01 8.871054236382571248e-03
7.878000000000000000e+03 1.003007350479413695e+00 8.961126364074343403e-03
7.913000000000000000e+03 9.185175971026078301e-01 8.912438699662799876e-03
7.947000000000000000e+03 9.316011656762666071e-01 8.967383730367791198e-03
7.982000000000000000e+03 9.287531591018446386e-01 8.953641063621011267e-03
8.017000000000000000e+03 9.931375143305627429e-01 8.952552883173144765e-03
8.052000000000000000e+03 9.353603488906796493e-01 8.971147126656796658e-03
8.087000000000000000e+03 9.078234846775481426e-01 8.991239409723954246e-03
8.122000000000000000e+03 8.976965806029243433e-01 8.929380383049077483e-03
8.157000000000000000e+03 9.755813862686448790e-01 9.011502038870853812e-03
8.192000000000000000e+03 9.556684382133371347e-01 9.008246450549504958e-03
8.227000000000000000e+03 9.176204142214891002e-01 9.051170930950572582e-03
8.261000000000000000e+03 9.285055100608256007e-01 9.050635108279228916e-03
8.296000000000000000e+03 9.304289517399573217e-01 9.173997251442215714e-03
8.331000000000000000e+03 9.858791250042311383e-01 9.184536110705616638e-03
8.366000000000000000e+03 9.333490078147913538e-01 9.148533870329088671e-03
8.401000000000000000e+03 9.345350725743297726e-01 9.185898263600047672e-03
8.436000000000000000e+03 8.959586053017080109e-01 9.136017166266146433e-03
8.471000000000000000e+03 1.011543130548489433e+00 9.235847194076182362e-03
8.506000000000000000e+03 9.253276897831180792e-01 9.203887296535441173e-03
8.541000000000000000e+03 9.890870706833565507e-01 8.668922895994994257e-03
8.576000000000000000e+03 1.047389161785570177e+00 6.371248554391626719e-03
8.610000000000000000e+03 1.068085368558889803e+00 6.411635015661032964e-03
8.645000000000000000e+03 1.077955122939356913e+00 6.372027506195887016e-03
8.680000000000000000e+03 1.042909939378266149e+00 6.377099919872591949e-03
8.715000000000000000e+03 1.054635629130139751e+00 6.385523488757855956e-03
8.750000000000000000e+03 1.054853466901081172e+00 6.395823961511487750e-03
8.785000000000000000e+03 1.077842477189590031e+00 6.423908137169647044e-03
8.820000000000000000e+03 1.040293558739157520e+00 6.359399582160702412e-03
8.855000000000000000e+03 1.045003552716543327e+00 6.379337505041207321e-03
8.890000000000000000e+03 1.055493789516461112e+00 6.361608913519576324e-03
8.965000000000000000e+03 1.055860124740784611e+00 6.089317078861672741e-03
9.000000000000000000e+03 1.045282017033545507e+00 6.108889148365751268e-03
9.035000000000000000e+03 1.044544481335867303e+00 6.109917668420120768e-03
9.069000000000000000e+03 1.078993867125663364e+00 6.108571262442856649e-03
9.104000000000000000e+03 1.056467206793236135e+00 6.092248428426079963e-03
9.139000000000000000e+03 1.056346768811540437e+00 6.114547974264063213e-03
9.174000000000000000e+03 1.050740593625006269e+00 6.097969495807042083e-03
9.209000000000000000e+03 1.074665365385764293e+00 6.149090824259506420e-03
9.244000000000000000e+03 1.073433146389112913e+00 6.101884110056214269e-03
9.278000000000000000e+03 1.051641681118590466e+00 6.103682324631577727e-03
9.313000000000000000e+03 1.034559563593330678e+00 6.124541482058522279e-03
9.348000000000000000e+03 1.054860896417770588e+00 6.088497046534002352e-03
9.383000000000000000e+03 1.080234389681055340e+00 6.164434000302341371e-03
9.418000000000000000e+03 1.059838979273518111e+00 6.114915346142401481e-03
9.453000000000000000e+03 1.043337121832251357e+00 6.111472157969637976e-03
9.488000000000000000e+03 1.036797428548017042e+00 6.133677606846400961e-03
9.522000000000000000e+03 1.074625833698700683e+00 6.129416072300109854e-03
9.557000000000000000e+03 1.065551886976685347e+00 6.140598106787683447e-03
9.592000000000000000e+03 1.060981741643588050e+00 6.134330038597708701e-03
9.627000000000000000e+03 1.039293260238265626e+00 6.146971922465486148e-03
9.662000000000000000e+03 1.085747043212787588e+00 6.148676650015414379e-03
9.697000000000000000e+03 1.054798255169934196e+00 6.203345927999272778e-03
9.732000000000000000e+03 1.055448809799838017e+00 6.127563949843025347e-03
9.767000000000000000e+03 1.054702480220211624e+00 6.134649939924055953e-03
9.801000000000000000e+03 1.081863265409847452e+00 6.139975814884599675e-03
9.836000000000000000e+03 1.088689152164861174e+00 6.201973514207377580e-03
9.871000000000000000e+03 1.055303035473113660e+00 6.142552704783253367e-03
9.906000000000000000e+03 1.039267577264058273e+00 6.116295120161479616e-03
9.941000000000000000e+03 1.039839575651769987e+00 6.156845509980521554e-03
9.976000000000000000e+03 1.077239065861503642e+00 6.168111540767883157e-03
1.001100000000000000e+04 1.037420045869386076e+00 6.148002078053125229e-03
1.004500000000000000e+04 1.028036216631396327e+00 6.126651903191878377e-03
1.008000000000000000e+04 1.037303663998489389e+00 6.112148323397645876e-03
1.011500000000000000e+04 1.080675425070770856e+00 6.160117563099979515e-03
1.015000000000000000e+04 1.024241378347118703e+00 6.105359335614872138e-03
1.018500000000000000e+04 1.039369276829252842e+00 6.130427159104413597e-03
1.022000000000000000e+04 1.031026435027312838e+00 6.130276581822241035e-03
1.025500000000000000e+04 1.076023936816022042e+00 6.211530488188089609e-03
1.028900000000000000e+04 1.053321636590709209e+00 6.190100135917871171e-03
1.032400000000000000e+04 1.038650877925230587e+00 6.154034668567195596e-03
1.035900000000000000e+04 1.037218678572457975e+00 6.192157859746606589e-03
1.039400000000000000e+04 1.049181549107695455e+00 6.193052876974692623e-03
1.042900000000000000e+04 1.070375217351947628e+00 6.205360324879571204e-03
1.046400000000000000e+04 1.025597366586858294e+00 6.179022929049354101e-03
1.049900000000000000e+04 1.033162817904705877e+00 6.153978781440207733e-03
1.053300000000000000e+04 1.048188547006375426e+00 6.194662734857028612e-03
1.056800000000000000e+04 1.085710642661610992e+00 6.224872269738937133e-03
1.060300000000000000e+04 1.042037033904232635e+00 6.148760194338398315e-03
1.063800000000000000e+04 1.022686122582896040e+00 6.146010920574107757e-03
1.067300000000000000e+04 9.990805779779768914e-01 6.162055173943560560e-03
1.075800000000000000e+04 1.045468762524203399e+00 6.166837754548093811e-03
1.079300000000000000e+04 1.024132588893889917e+00 6.168407307231161402e-03
1.082800000000000000e+04 1.025185257794483995e+00 6.172354299771063563e-03
1.086300000000000000e+04 1.050518335343101350e+00 6.222892234985207341e-03
1.089700000000000000e+04 1.048471629580675746e+00 6.203992684983614288e-03
1.093200000000000000e+04 1.008276362917158941e+00 6.213991401411757438e-03
1.096700000000000000e+04 1.020062303981769780e+00 6.215577441423677900e-03
1.100200000000000000e+04 1.048052272843964072e+00 6.216100925621168699e-03
1.103700000000000000e+04 1.037798223080714122e+00 6.208976808243442391e-03
1.107200000000000000e+04 1.027530622291552120e+00 6.190178232362975388e-03
1.110700000000000000e+04 1.032945162369697911e+00 6.193183245007220783e-03
1.114200000000000000e+04 1.025543674436881103e+00 6.269051944665363606e-03
1.117700000000000000e+04 1.057043158972716057e+00 6.250288416948244705e-03
1.121100000000000000e+04 1.023069434708565373e+00 6.251217038984126576e-03
1.124600000000000000e+04 1.006057303264914271e+00 6.192017114390050564e-03
1.128100000000000000e+04 1.017340302732238966e+00 6.238828134425109147e-03
1.131600000000000000e+04 1.053437572131439959e+00 6.234164922718816657e-03
1.135100000000000000e+04 1.024178739647525482e+00 6.253002676283454277e-03
1.138600000000000000e+04 1.018815957242114267e+00 6.412701387856813325e-03
1.142100000000000000e+04 1.009619037708183731e+00 6.541986394491462568e-03
1.145600000000000000e+04 1.016685789228812364e+00 6.506876135726048435e-03
1.149100000000000000e+04 1.012160356630896985e+00 6.744234233974596635e-03
1.152500000000000000e+04 9.964081040161738567e-01 6.723717982692207704e-03
1.156000000000000000e+04 9.839291745580783788e-01 6.685878477169696250e-03
1.159500000000000000e+04 9.786391599904654681e-01 6.591327648012393001e-03
1.163000000000000000e+04 9.810404153503600178e-01 6.501407257745422941e-03
1.166500000000000000e+04 9.702749283795498725e-01 6.419458402182615618e-03
1.170000000000000000e+04 9.931125350159015763e-01 6.317545700247356559e-03
1.173500000000000000e+04 9.857877691703254008e-01 6.273036358464283493e-03
1.177000000000000000e+04 1.024681956354992485e+00 6.321421332193863374e-03
1.180500000000000000e+04 9.788655774333381299e-01 6.253661362942044243e-03
1.184000000000000000e+04 9.935698706919574574e-01 6.234126570395642601e-03
1.187400000000000000e+04 9.778522858759686187e-01 6.248112323946579741e-03
1.190900000000000000e+04 1.010096969133201350e+00 6.286032870083230716e-03
1.194400000000000000e+04 9.744512894238607226e-01 6.246219799097719322e-03
1.197900000000000000e+04 9.632326174903318439e-01 6.245130238418503468e-03
1.201400000000000000e+04 9.609564967891052190e-01 6.213680249647956892e-03
1.204900000000000000e+04 9.955668223343139278e-01 6.290225659504135314e-03
1.208400000000000000e+04 9.594827445173242930e-01 6.332781392081394262e-03
1.211900000000000000e+04 9.501281817671533014e-01 6.284455154800965872e-03
1.215400000000000000e+04 9.424723914969971306e-01 6.252978338037668352e-03
1.218800000000000000e+04 9.526555567724179774e-01 6.275193188296251078e-03
1.222300000000000000e+04 1.000919422022023220e+00 6.309984182204931950e-03
1.225800000000000000e+04 9.405670662061571541e-01 6.270562065215873858e-03
1.229300000000000000e+04 9.358870554351980120e-01 6.251322347536135415e-03
1.232800000000000000e+04 9.593090021542379775e-01 6.252531922503967721e-03
1.236300000000000000e+04 9.599258211840763222e-01 6.293719177493370398e-03
1.239800000000000000e+04 9.351105514900822646e-01 6.302114184811158717e-03
1.243200000000000000e+04 9.267123195587687601e-01 6.266739826599443744e-03
1.246700000000000000e+04 9.325482445785282515e-01 6.246510744556009985e-03
