0.000000000000000000e+00 9.889896591937794579e-01 4.074132256219461720e-03
3.500000000000000000e+01 9.898113171575945168e-01 4.057367789101960949e-03
6.900000000000000000e+01 9.822937338086014103e-01 4.069540138687912680e-03
1.040000000000000000e+02 9.968898524982233722e-01 4.083812389434732758e-03
1.390000000000000000e+02 9.877566692474885057e-01 4.063240901824792008e-03
1.740000000000000000e+02 9.923936737164653632e-01 4.076968442799803159e-03
2.090000000000000000e+02 9.886085615084171385e-01 4.073218575262516419e-03
2.440000000000000000e+02 9.968664918142545739e-01 4.059698279842443094e-03
2.790000000000000000e+02 9.946352325134290018e-01 4.087408183394379384e-03
3.130000000000000000e+02 9.839980043548525179e-01 4.066009242685695094e-03
3.480000000000000000e+02 1.001323358539618846e+00 4.075909283263038849e-03
3.830000000000000000e+02 9.829982058812110068e-01 4.048682963710172056e-03
4.180000000000000000e+02 9.833390524131170318e-01 4.071626190191613391e-03
4.530000000000000000e+02 9.920236798593878857e-01 4.069406718287539061e-03
4.880000000000000000e+02 9.889321103675599023e-01 4.051694816018622247e-03
5.230000000000000000e+02 9.931004371854357249e-01 4.052263431897930139e-03
5.570000000000000000e+02 9.945094969460199774e-01 4.051232008778857946e-03
5.930000000000000000e+02 9.889842540979244534e-01 4.029689921452373098e-03
6.280000000000000000e+02 9.883990557684624312e-01 4.052449660312583760e-03
6.620000000000000000e+02 9.847559887530390466e-01 4.062487208172224293e-03
6.970000000000000000e+02 9.894242783175400957e-01 4.064372609873797421e-03
7.320000000000000000e+02 9.891030075341178396e-01 4.058383083775199927e-03
7.670000000000000000e+02 9.871556538671875103e-01 4.056412475087219256e-03
8.020000000000000000e+02 9.883201499732925388e-01 4.041944493747496453e-03
8.370000000000000000e+02 9.921097656631649997e-01 4.049312977132103752e-03
8.710000000000000000e+02 9.866005106324342577e-01 4.025555725673137138e-03
9.060000000000000000e+02 9.897416632052574714e-01 4.057408667552353868e-03
9.410000000000000000e+02 9.938570869448369871e-01 4.036010895875656243e-03
9.760000000000000000e+02 9.919514857758178206e-01 4.029502338125556110e-03
1.011000000000000000e+03 9.934240893561809838e-01 4.044837944541098892e-03
1.046000000000000000e+03 9.891166232091883614e-01 4.053650226657569237e-03
1.081000000000000000e+03 9.885510266640729071e-01 4.043070838995443603e-03
1.116000000000000000e+03 1.002549616822181244e+00 4.046991942231098482e-03
1.151000000000000000e+03 9.924884381894936158e-01 3.991809463630583386e-03
1.185000000000000000e+03 9.885405784475141955e-01 4.005435445395640406e-03
1.220000000000000000e+03 9.907775272481887940e-01 3.998485600361552546e-03
1.255000000000000000e+03 9.901732655296174856e-01 4.008256745154974154e-03
1.290000000000000000e+03 1.000907072593937297e+00 4.015570824386567247e-03
1.325000000000000000e+03 9.983070991527395188e-01 4.008180217487561023e-03
1.360000000000000000e+03 9.949572412034666247e-01 4.016384592470988515e-03
1.395000000000000000e+03 1.003503030484579339e+00 4.033408234416878749e-03
1.429000000000000000e+03 9.880175472344427945e-01 4.002490841698004738e-03
1.464000000000000000e+03 9.934823409766184721e-01 4.034460793261851301e-03
1.499000000000000000e+03 9.893707929723436489e-01 4.018814078841509603e-03
1.534000000000000000e+03 1.009270945611490111e+00 4.032109156543626019e-03
1.569000000000000000e+03 9.948652914593841823e-01 4.025441353602545944e-03
1.604000000000000000e+03 9.974576922753748409e-01 4.034822670758562817e-03
1.638000000000000000e+03 1.004583723003146023e+00 4.026815871850549650e-03
1.673000000000000000e+03 9.993247080225146073e-01 4.044226260401240225e-03
1.708000000000000000e+03 9.964939050345992255e-01 4.004863744716803849e-03
1.817000000000000000e+03 1.002468565833122494e+00 4.009746869254482426e-03
1.852000000000000000e+03 9.946818011978471041e-01 4.030483967613550551e-03
1.887000000000000000e+03 9.976040827111785081e-01 4.031359990878297800e-03
1.922000000000000000e+03 9.967595457089666322e-01 4.040311349185684263e-03
1.957000000000000000e+03 9.960386493135265917e-01 4.016917708478051456e-03
1.991000000000000000e+03 9.992429961169017050e-01 4.038194366976499694e-03
2.026000000000000000e+03 9.969759049326708533e-01 4.031380079070704184e-03
2.061000000000000000e+03 9.900350533926337571e-01 4.036900805893930966e-03
2.096000000000000000e+03 1.003326991408203694e+00 4.040569796435904137e-03
2.131000000000000000e+03 1.003764229777351691e+00 4.020850920931811137e-03
2.166000000000000000e+03 9.951729829520558068e-01 4.043174758002432596e-03
2.201000000000000000e+03 9.932005955419104248e-01 4.057351047007804606e-03
2.235000000000000000e+03 9.904750565817066477e-01 4.031001015029417149e-03
2.270000000000000000e+03 9.901105489047400399e-01 4.034499400467164189e-03
2.305000000000000000e+03 9.861579741803057075e-01 4.041341307688953687e-03
2.340000000000000000e+03 9.913027688605861032e-01 4.035502928876287358e-03
2.375000000000000000e+03 1.002918760282820010e+00 4.063085227115562602e-03
2.410000000000000000e+03 9.935745582933311892e-01 4.052605551696529529e-03
2.445000000000000000e+03 1.000573331321937376e+00 4.035739842757128833e-03
2.480000000000000000e+03 9.931775603790905516e-01 4.025165470122122474e-03
2.514000000000000000e+03 9.927351171300549115e-01 4.044797609172440071e-03
2.549000000000000000e+03 9.928155838127916688e-01 4.039988973813623055e-03
2.584000000000000000e+03 9.868447398865647369e-01 4.030983701052657034e-03
2.619000000000000000e+03 9.877330085099315093e-01 4.048580265818864724e-03
2.654000000000000000e+03 9.941402957034780608e-01 4.077351767582504394e-03
2.689000000000000000e+03 9.853029028419082458e-01 4.044062393333850043e-03
2.723000000000000000e+03 9.894358811221409811e-01 4.022552311427631498e-03
2.758000000000000000e+03 9.980607784678091621e-01 4.053642200634388106e-03
2.793000000000000000e+03 9.928676008067736092e-01 4.043031035294695000e-03
2.828000000000000000e+03 9.886902213596631128e-01 4.021846527972421786e-03
2.863000000000000000e+03 9.854699535117505960e-01 4.028000697300205754e-03
2.898000000000000000e+03 9.923049753288663011e-01 4.046808574582512474e-03
2.933000000000000000e+03 9.933527709910565662e-01 4.050315356371680942e-03
2.967000000000000000e+03 9.900709225286796755e-01 4.042486162926062047e-03
3.002000000000000000e+03 9.906364497383713941e-01 4.044908989627602793e-03
3.037000000000000000e+03 9.946287544173543216e-01 4.070225096555113095e-03
3.072000000000000000e+03 9.937858891040580733e-01 4.074750373115369577e-03
3.107000000000000000e+03 9.989188073879283758e-01 4.115079490003900956e-03
3.142000000000000000e+03 9.771296723325899602e-01 4.090886373226992022e-03
3.177000000000000000e+03 9.815517999460702248e-01 4.064729447792546531e-03
3.212000000000000000e+03 9.882005536868088136e-01 4.089713890200124581e-03
3.247000000000000000e+03 9.882931523861614442e-01 4.087646736051749399e-03
3.281000000000000000e+03 9.828072293775199642e-01 4.088498654819822803e-03
3.316000000000000000e+03 9.833617029598218373e-01 4.085738307579459515e-03
3.351000000000000000e+03 9.854688093280693506e-01 4.074706222967546324e-03
3.386000000000000000e+03 9.878275933456284186e-01 4.086206285528797867e-03
3.421000000000000000e+03 9.838576436397242775e-01 4.103087281021173399e-03
3.456000000000000000e+03 9.872873183308537026e-01 4.113526829705431258e-03
3.491000000000000000e+03 9.776297523606198858e-01 4.110040214251927532e-03
3.525000000000000000e+03 9.845817304609988385e-01 4.132900740110237968e-03
3.615000000000000000e+03 9.874809252065502863e-01 4.147089957289408838e-03
3.649000000000000000e+03 9.755264621700854288e-01 4.115363141777858905e-03
3.684000000000000000e+03 9.785294406279611001e-01 4.097781043086173511e-03
3.719000000000000000e+03 9.848066501354657554e-01 4.115729356608080133e-03
3.754000000000000000e+03 9.882107078416522139e-01 4.132849725045335473e-03
3.789000000000000000e+03 9.834172263088388766e-01 4.132862507875248101e-03
3.824000000000000000e+03 9.824969367245695029e-01 4.137298412181544295e-03
3.859000000000000000e+03 9.866439961172484008e-01 4.168525975714364520e-03
3.893000000000000000e+03 9.885335952961062933e-01 4.148289925080405824e-03
3.928000000000000000e+03 9.968092164725105286e-01 4.143109295213760410e-03
3.963000000000000000e+03 9.891308156389179151e-01 4.138271295190697197e-03
3.998000000000000000e+03 9.875519695315638780e-01 4.144224467926904860e-03
4.033000000000000000e+03 9.883859342770821010e-01 4.130995684731754956e-03
4.068000000000000000e+03 9.824695100481166676e-01 4.146256059412004036e-03
4.103000000000000000e+03 9.838531023651961860e-01 4.166063018166599533e-03
4.138000000000000000e+03 9.863711446980978348e-01 4.147813105203913484e-03
4.173000000000000000e+03 9.820359032757375317e-01 4.121518246731160039e-03
4.207000000000000000e+03 9.985403403132688815e-01 4.150468574007867319e-03
4.242000000000000000e+03 9.925878878729945676e-01 4.146860246374368432e-03
4.277000000000000000e+03 1.004736375780278967e+00 4.149057479715501096e-03
4.312000000000000000e+03 9.865687228950693610e-01 4.136458552167654457e-03
4.347000000000000000e+03 9.879444157058668852e-01 4.140286741372477264e-03
4.382000000000000000e+03 9.922895435437016909e-01 4.145946074200406416e-03
4.417000000000000000e+03 9.811249702280634422e-01 4.136481118158605308e-03
4.451000000000000000e+03 9.724129151478280164e-01 4.151803220907146659e-03
4.486000000000000000e+03 9.837671896725707077e-01 4.143791603363019237e-03
4.521000000000000000e+03 9.835637217278369038e-01 4.173509284210273097e-03
4.556000000000000000e+03 9.853006066899654414e-01 4.176474371822889650e-03
4.591000000000000000e+03 9.939334078291469643e-01 4.170086007938599362e-03
4.626000000000000000e+03 9.759458599966377434e-01 4.164556819722580426e-03
4.661000000000000000e+03 9.775307303946868531e-01 4.169892969785375832e-03
4.696000000000000000e+03 9.860213891194259395e-01 4.177340834426007329e-03
4.731000000000000000e+03 9.865266731960343760e-01 4.172503244130970797e-03
4.766000000000000000e+03 9.833509610234356657e-01 4.194086651247931966e-03
4.800000000000000000e+03 9.850209799389838539e-01 4.164672304611033785e-03
4.835000000000000000e+03 9.911535361817352952e-01 4.184093110527135895e-03
4.870000000000000000e+03 9.858324784504477467e-01 4.202541404947094696e-03
4.905000000000000000e+03 9.867299665306474843e-01 4.230905073623216980e-03
4.940000000000000000e+03 9.887254371844875767e-01 4.204537858456807754e-03
4.975000000000000000e+03 9.911539823941241112e-01 4.203616850737385349e-03
5.009000000000000000e+03 9.821495355107173753e-01 4.202242801693690730e-03
5.044000000000000000e+03 9.886171409176934821e-01 4.231783629967517633e-03
5.079000000000000000e+03 9.787073542425016592e-01 4.191171891361825975e-03
5.114000000000000000e+03 9.853815568190427143e-01 4.215350443326701391e-03
5.149000000000000000e+03 9.955375227471198185e-01 4.247642014246545174e-03
5.184000000000000000e+03 1.001603954699104237e+00 4.261415900479618990e-03
5.219000000000000000e+03 9.989277714540306663e-01 4.245010789375331176e-03
5.254000000000000000e+03 9.953490850120256805e-01 4.251239801142248434e-03
5.289000000000000000e+03 1.000535549367926436e+00 4.281425940527787757e-03
5.323000000000000000e+03 1.000546463751807336e+00 4.274799402388728374e-03
5.400000000000000000e+03 1.004161419238035480e+00 4.262579565284089350e-03
5.435000000000000000e+03 9.950341441715159219e-01 4.266859648696583011e-03
5.470000000000000000e+03 1.000276737899154833e+00 4.311203020106518444e-03
5.505000000000000000e+03 1.007255368851021071e+00 4.311044685766827859e-03
5.540000000000000000e+03 9.970497634311775714e-01 4.287666632130745191e-03
5.574000000000000000e+03 9.919183806793161473e-01 4.227161978910769398e-03
5.609000000000000000e+03 9.926102631950740607e-01 4.263903362022137405e-03
5.644000000000000000e+03 9.975778788350136983e-01 4.275135382074443484e-03
5.679000000000000000e+03 1.004933079492758230e+00 4.285246477214596332e-03
5.714000000000000000e+03 1.009515232292135245e+00 4.295136998496517852e-03
5.749000000000000000e+03 1.007124656774218252e+00 4.288766412937208145e-03
5.784000000000000000e+03 1.011868958744380764e+00 4.289938499914495301e-03
5.819000000000000000e+03 1.001472485584756766e+00 4.303029814639749637e-03
5.853000000000000000e+03 1.009619490182109169e+00 4.307234853249588234e-03
5.888000000000000000e+03 9.978838675690421267e-01 4.306721354672954534e-03
5.923000000000000000e+03 1.007050856823741958e+00 4.303691641927089723e-03
5.958000000000000000e+03 9.994114159411613407e-01 4.280150871904976964e-03
5.993000000000000000e+03 1.013588184545276105e+00 4.318795481829226096e-03
6.028000000000000000e+03 1.007590635407227486e+00 4.304016607150151254e-03
6.063000000000000000e+03 1.004734303164517506e+00 4.321219088147307437e-03
6.098000000000000000e+03 1.006658251411021610e+00 4.334255506648460564e-03
6.132000000000000000e+03 9.969026163152171494e-01 4.313644620212804884e-03
6.167000000000000000e+03 1.004256590389658532e+00 4.328669905553454537e-03
6.202000000000000000e+03 1.008056843344199649e+00 4.349136305043652638e-03
6.237000000000000000e+03 1.005346351593807697e+00 4.336998962259765687e-03
6.272000000000000000e+03 1.013093019654353943e+00 4.336378799127245387e-03
6.307000000000000000e+03 1.007502749695513122e+00 4.338274812772322138e-03
6.342000000000000000e+03 1.012429646708652875e+00 4.304385666481378749e-03
6.377000000000000000e+03 1.005739307782024694e+00 4.337572327840866042e-03
6.412000000000000000e+03 1.009415101293182904e+00 4.335420493687368315e-03
6.446000000000000000e+03 1.013458103134821542e+00 4.335652989789293664e-03
6.481000000000000000e+03 1.007954691925467383e+00 4.319493844263761970e-03
6.516000000000000000e+03 1.001394659830572742e+00 4.284480270750679921e-03
6.551000000000000000e+03 9.900105924639209798e-01 4.264855029519940000e-03
6.586000000000000000e+03 1.005289150119467623e+00 4.271566027630973109e-03
6.621000000000000000e+03 1.003976605098210406e+00 4.280780755992858247e-03
6.655000000000000000e+03 1.003734371462970509e+00 4.302940977302260710e-03
6.690000000000000000e+03 9.959109630531114421e-01 4.273331823592958593e-03
6.725000000000000000e+03 1.007118448273463862e+00 4.303458392860086933e-03
6.760000000000000000e+03 9.960122805760489584e-01 4.277173177852645371e-03
6.795000000000000000e+03 9.958515602540316536e-01 4.277577655517025498e-03
6.830000000000000000e+03 9.930720412571020228e-01 4.308691190469224504e-03
6.865000000000000000e+03 1.005231157816393939e+00 4.317973609713530656e-03
6.899000000000000000e+03 1.011036626079313772e+00 4.318511424693816277e-03
6.934000000000000000e+03 1.004240845134126037e+00 4.327392479565974823e-03
6.969000000000000000e+03 1.003051257712829436e+00 4.306805091468068718e-03
7.004000000000000000e+03 1.008905774004943190e+00 4.312392423895835929e-03
7.039000000000000000e+03 9.917171858498760040e-01 4.305393874465849799e-03
7.074000000000000000e+03 1.001854453672301970e+00 4.298764412240245469e-03
7.109000000000000000e+03 9.919673931999279937e-01 4.306510239850806256e-03
7.179000000000000000e+03 1.002082058284424537e+00 4.320366080881946069e-03
7.214000000000000000e+03 1.005177265664443542e+00 4.350968915936265398e-03
7.249000000000000000e+03 9.950389037625977373e-01 4.333425867832196854e-03
7.284000000000000000e+03 1.010956007583079685e+00 4.351440995527949829e-03
7.319000000000000000e+03 1.005763132565108187e+00 4.335348940992187101e-03
7.354000000000000000e+03 1.001934395776584052e+00 4.339920350625861394e-03
7.389000000000000000e+03 9.994399676775537200e-01 4.312471120154278033e-03
7.424000000000000000e+03 1.002387902272834364e+00 4.297524185403226241e-03
7.459000000000000000e+03 9.965791443214715439e-01 4.304798674318550088e-03
7.493000000000000000e+03 9.988236754383350569e-01 4.284505984097281180e-03
7.528000000000000000e+03 9.955972487659265902e-01 4.295156481926180880e-03
7.563000000000000000e+03 9.983236761236433665e-01 4.279144936349977071e-03
7.598000000000000000e+03 9.921167440699897311e-01 4.263308330351874703e-03
7.633000000000000000e+03 9.924644136808542516e-01 4.263849168494920384e-03
7.668000000000000000e+03 9.997232621008452780e-01 4.295213121489264811e-03
7.703000000000000000e+03 9.870816607506234241e-01 4.303924734919670030e-03
7.738000000000000000e+03 9.994930514886176676e-01 4.306145292045181379e-03
7.773000000000000000e+03 9.958650629333124504e-01 4.300907156625273162e-03
7.808000000000000000e+03 1.012393836304324335e+00 4.344059242990608478e-03
7.843000000000000000e+03 9.966146559607721445e-01 4.296748417335387142e-03
7.878000000000000000e+03 9.976296050602824206e-01 4.322997700858297043e-03
7.913000000000000000e+03 1.008575682798576567e+00 4.323786887056379341e-03
7.947000000000000000e+03 9.980681740999327589e-01 4.341125046537643029e-03
7.982000000000000000e+03 9.996066102364759010e-01 4.332213802194223064e-03
8.017000000000000000e+03 1.002732851685128157e+00 4.319386698004689350e-03
8.052000000000000000e+03 9.988178767846618289e-01 4.341942261063049327e-03
8.087000000000000000e+03 1.007240854616524794e+00 4.360828114122143780e-03
8.122000000000000000e+03 9.911222435232360795e-01 4.326538102701957614e-03
8.157000000000000000e+03 9.982736762738304570e-01 4.350617110148185043e-03
8.192000000000000000e+03 9.995739392366334020e-01 4.355493259682863098e-03
8.227000000000000000e+03 1.004392931107364717e+00 4.384743091258271747e-03
8.261000000000000000e+03 1.007036316728663783e+00 4.380770571300655197e-03
8.296000000000000000e+03 1.002541994853864971e+00 4.435991666968203129e-03
8.331000000000000000e+03 1.011365536845978186e+00 4.430766085864122281e-03
8.366000000000000000e+03 1.005023335842188281e+00 4.421571707740535456e-03
8.401000000000000000e+03 1.018045997806220848e+00 4.444675195471935875e-03
8.436000000000000000e+03 1.005355415288494481e+00 4.425947001845080032e-03
8.471000000000000000e+03 1.006003552610188256e+00 4.442327628612834783e-03
8.506000000000000000e+03 1.005928226278774096e+00 4.449308263495657494e-03
8.541000000000000000e+03 1.030210599473514010e+00 4.228971968747869889e-03
8.576000000000000000e+03 1.017553743657400256e+00 3.278195108601369024e-03
8.610000000000000000e+03 1.022229467621224241e+00 3.293275501429578870e-03
8.645000000000000000e+03 1.011799141045099937e+00 3.267653403923029276e-03
8.680000000000000000e+03 1.018593437635983534e+00 3.283079890273047502e-03
8.715000000000000000e+03 1.020371869255308983e+00 3.286263366702624634e-03
8.750000000000000000e+03 1.015779356957978274e+00 3.289881323165437261e-03
8.785000000000000000e+03 1.015483548543209436e+00 3.299646385304502542e-03
8.820000000000000000e+03 1.013275797952384316e+00 3.273876213158262091e-03
8.855000000000000000e+03 1.014188637387082537e+00 3.282195217377824412e-03
8.890000000000000000e+03 1.020020239382574578e+00 3.274181246782204187e-03
8.965000000000000000e+03 1.018356319225021789e+00 3.163414781587263903e-03
9.000000000000000000e+03 1.018660287530700481e+00 3.177092577291627546e-03
9.035000000000000000e+03 1.018594080119978429e+00 3.176203606300044731e-03
9.069000000000000000e+03 1.013514534595407746e+00 3.160192926857517855e-03
9.104000000000000000e+03 1.015978150515546741e+00 3.161218016940288943e-03
9.139000000000000000e+03 1.007468872629107670e+00 3.170737809172171403e-03
9.174000000000000000e+03 1.014573452211176452e+00 3.167654532264878222e-03
9.209000000000000000e+03 1.011453661600172582e+00 3.179820337715089703e-03
9.244000000000000000e+03 1.016473069197689760e+00 3.165435321933993216e-03
9.278000000000000000e+03 1.020226445122624170e+00 3.171135678078040605e-03
9.313000000000000000e+03 1.019345338907985621e+00 3.186721617042467033e-03
9.348000000000000000e+03 1.012255088907074940e+00 3.159942248096542228e-03
9.383000000000000000e+03 1.007677502409338510e+00 3.184900170657495137e-03
9.418000000000000000e+03 1.016999921475480573e+00 3.171185376639989572e-03
9.453000000000000000e+03 1.017132264695111532e+00 3.174718835244140763e-03
9.488000000000000000e+03 1.017882623327448721e+00 3.185510414541294858e-03
9.522000000000000000e+03 1.018421836938892655e+00 3.171012250838860930e-03
9.557000000000000000e+03 1.016791076233544588e+00 3.180957218674782157e-03
9.592000000000000000e+03 1.015932056846483356e+00 3.177773176920529064e-03
9.627000000000000000e+03 1.010038584113252202e+00 3.187884821384917751e-03
9.662000000000000000e+03 1.016334793039246343e+00 3.174740978797526217e-03
9.697000000000000000e+03 1.017004118115462763e+00 3.216627207706100264e-03
9.732000000000000000e+03 1.015211648077185558e+00 3.174341030705503906e-03
9.767000000000000000e+03 1.005666901201825558e+00 3.171786919478567293e-03
9.801000000000000000e+03 1.014346452449769842e+00 3.174193073644282145e-03
9.836000000000000000e+03 1.020361805941443212e+00 3.206938918265864278e-03
9.871000000000000000e+03 1.018495796983342583e+00 3.188208133805689719e-03
9.906000000000000000e+03 1.018800504678681662e+00 3.177368461948411674e-03
9.941000000000000000e+03 1.014201734688005674e+00 3.197349994335356611e-03
9.976000000000000000e+03 1.015243535630780514e+00 3.189618004748458972e-03
1.001100000000000000e+04 1.021434393571756472e+00 3.198305671815017924e-03
1.004500000000000000e+04 1.016178919961299609e+00 3.189735366844647074e-03
1.008000000000000000e+04 1.024423461328237028e+00 3.185149693940072038e-03
1.011500000000000000e+04 1.017476925761383821e+00 3.188423946297601601e-03
1.015000000000000000e+04 1.020703566264384854e+00 3.182736938259363678e-03
1.018500000000000000e+04 1.014377852712635919e+00 3.188165740601756320e-03
1.022000000000000000e+04 1.007872300205402638e+00 3.183678732525768024e-03
1.025500000000000000e+04 1.018705620695235847e+00 3.210796465247354667e-03
1.028900000000000000e+04 1.015529177192882715e+00 3.209882548322630629e-03
1.032400000000000000e+04 1.005955938282491413e+00 3.185403089627504916e-03
1.035900000000000000e+04 1.008972307613949404e+00 3.208836704631518131e-03
1.039400000000000000e+04 1.014372195012671174e+00 3.207681413685373704e-03
1.042900000000000000e+04 1.015678989714726699e+00 3.208178599589274829e-03
1.046400000000000000e+04 9.981626400995814441e-01 3.198276899109239214e-03
1.049900000000000000e+04 1.004610004628004205e+00 3.188857829397455032e-03
1.053300000000000000e+04 1.012732779899754965e+00 3.207180034576586833e-03
1.056800000000000000e+04 1.014741418085879587e+00 3.215164970329106517e-03
1.060300000000000000e+04 1.016103360945133538e+00 3.190076571799074692e-03
1.063800000000000000e+04 1.009176488875323852e+00 3.192914395982166583e-03
1.067300000000000000e+04 1.005586027702028540e+00 3.206739388329810699e-03
1.075800000000000000e+04 1.010666138268557335e+00 3.195891898631824952e-03
1.079300000000000000e+04 9.933459912557659477e-01 3.194782588393742326e-03
1.082800000000000000e+04 1.014226876856915371e+00 3.208033438630986025e-03
1.086300000000000000e+04 1.020859674578789011e+00 3.229545754418688009e-03
1.089700000000000000e+04 1.007950614459466321e+00 3.210316208385916113e-03
1.093200000000000000e+04 1.006419642961169147e+00 3.227821896876272110e-03
1.096700000000000000e+04 1.006656230795478280e+00 3.228092239822837484e-03
1.100200000000000000e+04 1.022129147488569423e+00 3.228551828489273356e-03
1.103700000000000000e+04 1.019698525409179046e+00 3.228072237391780945e-03
1.107200000000000000e+04 1.013915627051923840e+00 3.216618191850516891e-03
1.110700000000000000e+04 1.017018658517616858e+00 3.218238021470327254e-03
1.114200000000000000e+04 1.003728959087110795e+00 3.250173026493571524e-03
1.117700000000000000e+04 1.016144521700252046e+00 3.233956987813450899e-03
1.121100000000000000e+04 1.008880174852891054e+00 3.242872596941776767e-03
1.124600000000000000e+04 1.009227216503636670e+00 3.221966877396698851e-03
1.128100000000000000e+04 1.007384479259582744e+00 3.241764903666595823e-03
1.131600000000000000e+04 1.026096347649851248e+00 3.233435448264557633e-03
1.135100000000000000e+04 1.005946712792544773e+00 3.240722117382904745e-03
1.138600000000000000e+04 1.004754909381877281e+00 3.314892888777496750e-03
1.142100000000000000e+04 1.001089067873564442e+00 3.369638686658869842e-03
1.145600000000000000e+04 1.004709249997554954e+00 3.354116779441390639e-03
1.149100000000000000e+04 9.982258133361431307e-01 3.461147484518322087e-03
1.152500000000000000e+04 1.013123877561966424e+00 3.467300533873543880e-03
1.156000000000000000e+04 9.969039550688039153e-01 3.443966287776697565e-03
1.159500000000000000e+04 9.981839907088215780e-01 3.402858924187261800e-03
1.163000000000000000e+04 1.006531063785846003e+00 3.366769109433179457e-03
1.166500000000000000e+04 1.014953794250094576e+00 3.339642655075540124e-03
1.170000000000000000e+04 1.006928291173070145e+00 3.285947253341279812e-03
1.173500000000000000e+04 1.012317815491702966e+00 3.270675523455846608e-03
1.177000000000000000e+04 1.015391934288264020e+00 3.279257959457097370e-03
1.180500000000000000e+04 1.015244605933391275e+00 3.262992652394223862e-03
1.184000000000000000e+04 1.006308632835253958e+00 3.247089662535158558e-03
1.187400000000000000e+04 1.014302597532861228e+00 3.264083888832685926e-03
1.190900000000000000e+04 1.015418677769039046e+00 3.272457603469851230e-03
1.194400000000000000e+04 1.013274558659429614e+00 3.259584333143747230e-03
1.197900000000000000e+04 1.019447918756264393e+00 3.268505306479262650e-03
1.201400000000000000e+04 1.003983641361814394e+00 3.246017160472781243e-03
1.204900000000000000e+04 1.012871450740796542e+00 3.271035404918362123e-03
1.208400000000000000e+04 1.010597580935165718e+00 3.305030810937012020e-03
1.211900000000000000e+04 1.012318180408561252e+00 3.284204346787421899e-03
1.215400000000000000e+04 1.008686389069311629e+00 3.270217221675174053e-03
1.218800000000000000e+04 1.006101313433852562e+00 3.276395609990948466e-03
1.222300000000000000e+04 1.010520333087136180e+00 3.276999743231185855e-03
1.225800000000000000e+04 1.012649258392619434e+00 3.280185096602939322e-03
1.229300000000000000e+04 1.007403098708607780e+00 3.272249692600510441e-03
1.232800000000000000e+04 1.007281876864979386e+00 3.266044225447960712e-03
1.236300000000000000e+04 1.011737324135532523e+00 3.280602648903405919e-03
1.239800000000000000e+04 1.013475386886647733e+00 3.301918781827886760e-03
1.243200000000000000e+04 1.005980357811931292e+00 3.280570115112634282e-03
1.246700000000000000e+04 1.003663982098545127e+00 3.266167653748445077e-03
