0.000000000000000000e+00 9.449193593759158682e-01 2.504654110362010584e-03
3.500000000000000000e+01 9.439918378055938142e-01 2.491410192278467779e-03
7.000000000000000000e+01 9.378202062979259512e-01 2.491941434105820856e-03
1.040000000000000000e+02 9.264897007785333205e-01 2.486735131800433315e-03
1.390000000000000000e+02 9.290422856204069157e-01 2.484942359350945668e-03
1.740000000000000000e+02 9.261287459421939650e-01 2.472333578425746272e-03
2.090000000000000000e+02 9.203031836151687184e-01 2.461437434652644519e-03
2.440000000000000000e+02 9.270769498512491102e-01 2.466561074037950177e-03
2.790000000000000000e+02 9.115263354693945441e-01 2.462813708068419764e-03
3.140000000000000000e+02 9.190616413675251062e-01 2.473977565497128325e-03
3.490000000000000000e+02 9.173761022795885456e-01 2.474930228531916666e-03
3.840000000000000000e+02 9.145228555186736275e-01 2.456440555066295717e-03
4.190000000000000000e+02 9.011897586660050363e-01 2.453866578747844213e-03
4.530000000000000000e+02 9.074895529359389146e-01 2.439461424648049770e-03
4.880000000000000000e+02 9.041037185646543239e-01 2.444441008050728809e-03
5.230000000000000000e+02 8.961383218809102491e-01 2.437914650964853863e-03
5.580000000000000000e+02 8.962224403518299631e-01 2.440778070888383056e-03
5.930000000000000000e+02 8.877554842494764786e-01 2.420206110190378356e-03
6.270000000000000000e+02 8.936519164793977898e-01 2.437166188345715918e-03
6.620000000000000000e+02 8.865307706032390378e-01 2.416585977960224695e-03
6.970000000000000000e+02 8.840389050986068309e-01 2.414348979087000899e-03
7.320000000000000000e+02 8.821719765664605140e-01 2.420848833849671786e-03
7.670000000000000000e+02 8.860764097712696685e-01 2.422060236065214870e-03
8.020000000000000000e+02 8.808016348690540509e-01 2.397091468674463453e-03
8.360000000000000000e+02 8.684842182286062195e-01 2.352996168036511349e-03
8.710000000000000000e+02 8.695017177699928546e-01 2.390265764723481078e-03
9.060000000000000000e+02 8.669469963806423207e-01 2.380692500026207296e-03
9.410000000000000000e+02 8.590221822264062501e-01 2.346251552260124502e-03
9.760000000000000000e+02 8.571447431299276110e-01 2.343986203296127922e-03
1.011000000000000000e+03 8.612524490687429868e-01 2.363716545760947800e-03
1.046000000000000000e+03 8.549953640330155702e-01 2.338726381378978484e-03
1.080000000000000000e+03 8.560931497493113884e-01 2.341855786855224098e-03
1.115000000000000000e+03 8.419485120466849715e-01 2.333555461999180410e-03
1.150000000000000000e+03 8.496205405056569404e-01 2.343781772548990134e-03
1.185000000000000000e+03 8.464598228084407872e-01 2.349305316961587502e-03
1.220000000000000000e+03 8.417932802348684351e-01 2.352873197379681727e-03
1.255000000000000000e+03 8.421277573673835448e-01 2.344708525303715926e-03
1.289000000000000000e+03 8.434535079037012162e-01 2.348039310052514594e-03
1.324000000000000000e+03 8.362094576139482704e-01 2.383910669343824226e-03
1.358000000000000000e+03 8.459275375716633905e-01 2.371840121994243759e-03
1.393000000000000000e+03 8.349352725218912585e-01 2.328865835045201230e-03
1.428000000000000000e+03 8.418742446945218783e-01 2.345503843256130806e-03
1.463000000000000000e+03 8.392500987839793813e-01 2.360043110715731324e-03
1.498000000000000000e+03 8.317188493399766402e-01 2.344783779344416716e-03
1.533000000000000000e+03 8.334430717273879630e-01 2.340307196471199357e-03
1.567000000000000000e+03 8.321521051144595837e-01 2.341307181637895633e-03
1.602000000000000000e+03 8.261777703486801183e-01 2.337044674014095765e-03
1.637000000000000000e+03 8.257824909056260543e-01 2.340517809940218484e-03
1.672000000000000000e+03 8.272148392275480155e-01 2.328055832562126760e-03
1.707000000000000000e+03 8.212863358615239973e-01 2.332714879729851087e-03
1.750000000000000000e+03 8.286345573520664809e-01 2.325744418349942610e-03
1.785000000000000000e+03 8.226509519616216348e-01 2.333476650191991953e-03
1.820000000000000000e+03 8.248855684794835774e-01 2.337344672459379293e-03
1.855000000000000000e+03 8.189498165480521008e-01 2.332808198602236236e-03
1.890000000000000000e+03 8.170970598856905909e-01 2.339212024485453831e-03
1.925000000000000000e+03 8.126381651691854113e-01 2.330081720671671550e-03
1.960000000000000000e+03 8.237203758890407901e-01 2.347301488258094534e-03
1.995000000000000000e+03 8.136827686659041659e-01 2.362007318055016954e-03
2.030000000000000000e+03 8.151048158407887545e-01 2.362775740654169624e-03
2.064000000000000000e+03 8.200118065994572714e-01 2.364806249934370188e-03
2.099000000000000000e+03 8.120869106709794893e-01 2.343014986508755795e-03
2.134000000000000000e+03 8.057835514298961055e-01 2.346448546641084071e-03
2.169000000000000000e+03 8.088850726509025924e-01 2.341650596755886268e-03
2.204000000000000000e+03 8.041659848753720530e-01 2.339265097786617006e-03
2.239000000000000000e+03 8.079696328262283567e-01 2.359154407228369974e-03
2.274000000000000000e+03 8.033826819647261752e-01 2.323337602027652528e-03
2.309000000000000000e+03 8.094100179527239369e-01 2.332341059929582926e-03
2.344000000000000000e+03 8.112114817924112042e-01 2.328054962325607630e-03
2.378000000000000000e+03 8.146330183105783274e-01 2.328592553928448671e-03
2.413000000000000000e+03 8.131601834822591579e-01 2.304904406120780215e-03
2.448000000000000000e+03 8.120411457012526313e-01 2.319001816566313920e-03
2.483000000000000000e+03 8.088843558084283236e-01 2.311007439933976306e-03
2.518000000000000000e+03 8.099978883339180591e-01 2.304393674455149348e-03
2.553000000000000000e+03 8.125809286007573684e-01 2.320901525774419008e-03
2.587000000000000000e+03 8.103483740428695237e-01 2.338100772445155223e-03
2.622000000000000000e+03 8.078330533541127068e-01 2.323474065027928640e-03
2.657000000000000000e+03 8.067582151481009767e-01 2.337382952493068187e-03
2.692000000000000000e+03 8.181168500983628800e-01 2.346789636381214385e-03
2.727000000000000000e+03 8.119374641536060144e-01 2.341046691317881685e-03
2.762000000000000000e+03 8.174508861767152412e-01 2.348206632904360682e-03
2.797000000000000000e+03 8.206087456437650696e-01 2.354461753472572062e-03
2.832000000000000000e+03 8.158961967533131521e-01 2.353930655039061359e-03
2.867000000000000000e+03 8.144877945171994371e-01 2.352690311855845130e-03
2.901000000000000000e+03 8.059362693295476499e-01 2.327096483166794620e-03
2.936000000000000000e+03 8.138321912366390798e-01 2.344614086087529106e-03
2.971000000000000000e+03 8.134969589331190187e-01 2.323660102037324298e-03
3.006000000000000000e+03 8.186055138933928665e-01 2.352233138908046105e-03
3.041000000000000000e+03 8.172227329701882148e-01 2.341448582553662307e-03
3.076000000000000000e+03 8.180755771485964667e-01 2.351429811099966204e-03
3.111000000000000000e+03 8.230169200701666909e-01 2.373571099185968567e-03
3.146000000000000000e+03 8.185119824657952625e-01 2.351587801948630801e-03
3.181000000000000000e+03 8.237040070459414887e-01 2.366573522185596700e-03
3.216000000000000000e+03 8.210218922588555790e-01 2.416330139482013133e-03
3.250000000000000000e+03 8.276624968366599333e-01 2.492586836576144490e-03
3.285000000000000000e+03 8.274900023453325426e-01 2.372050089826793252e-03
3.320000000000000000e+03 8.335309234065401141e-01 2.390128997380287779e-03
3.355000000000000000e+03 8.223771793236095418e-01 3.056480791713990248e-03
3.390000000000000000e+03 8.255444111077163694e-01 2.469277061218095887e-03
3.425000000000000000e+03 8.324093338569327205e-01 2.356001559098305775e-03
3.459000000000000000e+03 8.287748984971895494e-01 2.369736246602619292e-03
3.508000000000000000e+03 8.348123907934688059e-01 2.356344037269208352e-03
3.543000000000000000e+03 8.358221937255158052e-01 2.360193723986312754e-03
3.578000000000000000e+03 8.378894072409176497e-01 2.365737788508098360e-03
3.613000000000000000e+03 8.416625503464982838e-01 2.371069404977256111e-03
3.648000000000000000e+03 8.466278377017942836e-01 2.378630248179271905e-03
3.683000000000000000e+03 8.449221637750670144e-01 2.380311180872753379e-03
3.717000000000000000e+03 8.408911194579370418e-01 2.388496122425870592e-03
3.752000000000000000e+03 8.398394174835568382e-01 2.374431601009354895e-03
3.787000000000000000e+03 8.483008101729100359e-01 2.379885070764478465e-03
3.822000000000000000e+03 8.560639641672418421e-01 2.389261388212698262e-03
3.857000000000000000e+03 8.523641713587735147e-01 2.408099568396184203e-03
3.892000000000000000e+03 8.519789225793297227e-01 2.405767072553697920e-03
3.927000000000000000e+03 8.527926784147016326e-01 2.386864116408890166e-03
3.962000000000000000e+03 8.513126601424400031e-01 2.389054905461706312e-03
3.997000000000000000e+03 8.524948592394895330e-01 2.406048368145893585e-03
4.031000000000000000e+03 8.641165205953280637e-01 2.408123903016801820e-03
4.066000000000000000e+03 8.668126458359939335e-01 2.430734560711973746e-03
4.101000000000000000e+03 8.562444024125748232e-01 2.410222708448523862e-03
4.136000000000000000e+03 8.709052048041094896e-01 2.412114296044225083e-03
4.171000000000000000e+03 8.663735099185029265e-01 2.401986642291566772e-03
4.206000000000000000e+03 8.704325413610475293e-01 2.421755778032913097e-03
4.240000000000000000e+03 8.823050099031743976e-01 2.464479703032938611e-03
4.275000000000000000e+03 8.791173267920681100e-01 2.425815782620146643e-03
4.310000000000000000e+03 8.812172836918863439e-01 2.472800658064680697e-03
4.345000000000000000e+03 8.843766764603977482e-01 2.479529422739400191e-03
4.380000000000000000e+03 8.823900176570694809e-01 2.512269570587167926e-03
4.415000000000000000e+03 8.855912650367154804e-01 2.486956706454563053e-03
4.450000000000000000e+03 8.974910226438618244e-01 2.606405320227821263e-03
4.483000000000000000e+03 8.858777098917522963e-01 2.574090652571301915e-03
4.518000000000000000e+03 8.868273327955407126e-01 2.600284098816547408e-03
4.553000000000000000e+03 8.936604160600667424e-01 2.532067509761214835e-03
4.588000000000000000e+03 8.936183569435187657e-01 2.464360119087182031e-03
4.623000000000000000e+03 8.991445096441458285e-01 2.503727359916404268e-03
4.658000000000000000e+03 9.015772244053751328e-01 2.500911799899977611e-03
4.692000000000000000e+03 9.043441791435791188e-01 2.486003425216121512e-03
4.727000000000000000e+03 9.109329628939549783e-01 2.463123755716716858e-03
4.762000000000000000e+03 9.043631457263462403e-01 2.452225394306976544e-03
4.797000000000000000e+03 9.128743059841962770e-01 2.463403588738898638e-03
4.832000000000000000e+03 9.072542543965408379e-01 2.429626447893304311e-03
4.867000000000000000e+03 9.109107941435516942e-01 2.428963054820585266e-03
4.902000000000000000e+03 9.072399494742763304e-01 2.441388817018306807e-03
4.937000000000000000e+03 9.187236557002018689e-01 2.425145910367036174e-03
4.971000000000000000e+03 9.227385293548473477e-01 2.453643692331169968e-03
5.006000000000000000e+03 9.276454499059171299e-01 2.446004666520883945e-03
5.041000000000000000e+03 9.182165014721429541e-01 2.436223637415455869e-03
5.076000000000000000e+03 9.271085170453319257e-01 2.439469143093742250e-03
5.111000000000000000e+03 9.327061180743698721e-01 2.443687480673957177e-03
5.146000000000000000e+03 9.401070402266116233e-01 2.468113331075136134e-03
5.181000000000000000e+03 9.371835258623411047e-01 2.454718596259397589e-03
5.215000000000000000e+03 9.347269485346898499e-01 2.453360513348658636e-03
5.267000000000000000e+03 9.409918890581401296e-01 2.457115467793399670e-03
5.302000000000000000e+03 9.396217507410402625e-01 2.462176741081002502e-03
5.337000000000000000e+03 9.384549297619335650e-01 2.451718611745275396e-03
5.371000000000000000e+03 9.507312613840452897e-01 2.464090791779631386e-03
5.406000000000000000e+03 9.536110245290220222e-01 2.456697776198574039e-03
5.441000000000000000e+03 9.520707447152286784e-01 2.461141694305909230e-03
5.476000000000000000e+03 9.539492410213532558e-01 2.465920983263781945e-03
5.511000000000000000e+03 9.551061193190827359e-01 2.464930602582585985e-03
5.546000000000000000e+03 9.549564486674069208e-01 2.545003721667119401e-03
5.581000000000000000e+03 9.423210868245712746e-01 2.529382343149807772e-03
5.615000000000000000e+03 9.685564877429652109e-01 2.475849334475656392e-03
5.650000000000000000e+03 9.782763020876940052e-01 2.485751961957096898e-03
5.685000000000000000e+03 9.689580384298543958e-01 2.461259070569637736e-03
5.720000000000000000e+03 9.696627660595579234e-01 2.468456409263509749e-03
5.755000000000000000e+03 9.850196187438022832e-01 2.479877348996364916e-03
5.790000000000000000e+03 9.877347108008055487e-01 2.504462695389690543e-03
5.825000000000000000e+03 9.892282966596900318e-01 2.486194323415433921e-03
5.859000000000000000e+03 9.879684759564464347e-01 2.480873582651785085e-03
5.894000000000000000e+03 9.868468145029851701e-01 2.465852059227949949e-03
5.929000000000000000e+03 9.995771422035807374e-01 2.501461747371908680e-03
5.964000000000000000e+03 9.866866291022348134e-01 2.509616739685215092e-03
5.999000000000000000e+03 9.934463585176107614e-01 2.541719219928550641e-03
6.034000000000000000e+03 1.003497925726914319e+00 2.865579762282393500e-03
6.068000000000000000e+03 9.856382872489301006e-01 2.636333911284873769e-03
6.103000000000000000e+03 9.913092325240718816e-01 2.515055045179151200e-03
6.138000000000000000e+03 9.964865050168242311e-01 2.584317301623779376e-03
6.173000000000000000e+03 1.000422857796419152e+00 2.522288566357326189e-03
6.208000000000000000e+03 1.004275451736323710e+00 2.502083230621975941e-03
6.243000000000000000e+03 1.007202535986526870e+00 2.506804689717929101e-03
6.278000000000000000e+03 1.005963877720545741e+00 2.496348190974289564e-03
6.313000000000000000e+03 1.007353910674490871e+00 2.490699478971825608e-03
6.348000000000000000e+03 1.017660981236737427e+00 2.500139566062625340e-03
6.382000000000000000e+03 1.007188028659263601e+00 2.490725586816904154e-03
6.417000000000000000e+03 1.016159851797971303e+00 2.496289709667074731e-03
6.452000000000000000e+03 1.016076389911733324e+00 2.488412102358708057e-03
6.487000000000000000e+03 1.019372104857183547e+00 2.504301297967232928e-03
6.522000000000000000e+03 1.022496980063677841e+00 2.512285034043264254e-03
6.557000000000000000e+03 1.022757988566822318e+00 2.501153198453029500e-03
6.591000000000000000e+03 1.011771108339015957e+00 2.485079624402990964e-03
6.626000000000000000e+03 1.024414223513891553e+00 2.833654266277130674e-03
6.661000000000000000e+03 1.019181072537914012e+00 2.542928083471640045e-03
6.696000000000000000e+03 1.022445907419439859e+00 2.484977713178823915e-03
6.731000000000000000e+03 1.029293107342489799e+00 2.498063458312273569e-03
6.766000000000000000e+03 1.031620142195241341e+00 2.504106847824207841e-03
6.801000000000000000e+03 1.032618651198640158e+00 2.514712255681944043e-03
6.836000000000000000e+03 1.043926445508301937e+00 2.525191216565576650e-03
6.871000000000000000e+03 1.031345424456211024e+00 2.509108695489405995e-03
6.905000000000000000e+03 1.034385861709651966e+00 2.493902726080687859e-03
6.940000000000000000e+03 1.045652725838996933e+00 2.515405123226677631e-03
6.975000000000000000e+03 1.037832128244384977e+00 2.530821784004188332e-03
7.022000000000000000e+03 1.040568780491768264e+00 2.525866848523510011e-03
7.057000000000000000e+03 1.035368384490027660e+00 2.515471005325431962e-03
7.092000000000000000e+03 1.038142416432338067e+00 2.524523602684996398e-03
7.127000000000000000e+03 1.039267586455597803e+00 2.520714136900997770e-03
7.162000000000000000e+03 1.042385573558551659e+00 2.502032470995921905e-03
7.197000000000000000e+03 1.042989889302860629e+00 2.503087769658907547e-03
7.232000000000000000e+03 1.038452809325927539e+00 2.502129652316442254e-03
7.266000000000000000e+03 1.053525281165272220e+00 2.516026458406152647e-03
7.301000000000000000e+03 1.048655173282356357e+00 2.513506324641306446e-03
7.336000000000000000e+03 1.053347589618673474e+00 2.530566711611105697e-03
7.371000000000000000e+03 1.069408202710263600e+00 2.550671834599756507e-03
7.406000000000000000e+03 1.055559927758152661e+00 2.537161518008392274e-03
7.441000000000000000e+03 1.058761407262665877e+00 2.548830958312335495e-03
7.476000000000000000e+03 1.059781442442500055e+00 2.550127344831109536e-03
7.511000000000000000e+03 1.063935312405277500e+00 2.571758285386197690e-03
7.545000000000000000e+03 1.063111122705847178e+00 2.551628665278826615e-03
7.580000000000000000e+03 1.062393233916516300e+00 2.567914212643716138e-03
7.615000000000000000e+03 1.059470661301324945e+00 2.543970591176072937e-03
7.650000000000000000e+03 1.059834111199229545e+00 2.548944793069290397e-03
7.685000000000000000e+03 1.063095964366589596e+00 2.542595104531864859e-03
7.720000000000000000e+03 1.066077142407007683e+00 2.543886517279032953e-03
7.755000000000000000e+03 1.063023670406478605e+00 2.533440514239505663e-03
7.789000000000000000e+03 1.066569179553831903e+00 2.541614374165843907e-03
7.824000000000000000e+03 1.076614970271562832e+00 2.546793120782089945e-03
7.859000000000000000e+03 1.068819186834693014e+00 2.534055254393664022e-03
7.894000000000000000e+03 1.070892744240663275e+00 2.541678111937371171e-03
7.929000000000000000e+03 1.066255762503273141e+00 2.545021345197360889e-03
7.964000000000000000e+03 1.074877795216876430e+00 2.549111162897719791e-03
7.999000000000000000e+03 1.078529151177876511e+00 2.549894601783915266e-03
8.034000000000000000e+03 1.081440994712362214e+00 2.549354448209186549e-03
8.069000000000000000e+03 1.082587100055360851e+00 2.544273324362544310e-03
8.104000000000000000e+03 1.087682433146155203e+00 2.566339401075785377e-03
8.138000000000000000e+03 1.087735749472079627e+00 2.558167540385382788e-03
8.173000000000000000e+03 1.087286264771932354e+00 2.567368529001490610e-03
8.208000000000000000e+03 1.082651585976576181e+00 2.552778818989694110e-03
8.243000000000000000e+03 1.083900294863054947e+00 2.547742054702624350e-03
8.278000000000000000e+03 1.092695948404464712e+00 2.566524678444317802e-03
8.313000000000000000e+03 1.099057257481377059e+00 2.572933695965331710e-03
8.348000000000000000e+03 1.089166426310868907e+00 2.551568039810497932e-03
8.383000000000000000e+03 1.088993136272271345e+00 2.564164606620450773e-03
8.418000000000000000e+03 1.095307377104350000e+00 2.567946710430830254e-03
8.453000000000000000e+03 1.096843317261842810e+00 2.565684603179977253e-03
8.487000000000000000e+03 1.093175953382649279e+00 2.562479570074036039e-03
8.522000000000000000e+03 1.098337726105928835e+00 2.576992236298765882e-03
8.557000000000000000e+03 1.102322067134505090e+00 2.566915715646816889e-03
8.592000000000000000e+03 1.099849488622114180e+00 2.572561155845565738e-03
8.627000000000000000e+03 1.094009838522220779e+00 2.563910638209525566e-03
8.662000000000000000e+03 1.102828644405695391e+00 2.572191918669793163e-03
8.697000000000000000e+03 1.101835213017903881e+00 2.577265467347539165e-03
8.731000000000000000e+03 1.104149283025455119e+00 2.595613252917826092e-03
8.777000000000000000e+03 1.100215572911159123e+00 2.579681881093952474e-03
8.812000000000000000e+03 1.108830361680209320e+00 2.594505901262027670e-03
8.847000000000000000e+03 1.104723489894710697e+00 2.605600847577962259e-03
8.882000000000000000e+03 1.115963192709875207e+00 2.608617790769460036e-03
8.917000000000000000e+03 1.104117599517560500e+00 2.597603568153711989e-03
8.952000000000000000e+03 1.098351558398361849e+00 2.575956096542113185e-03
8.986000000000000000e+03 1.108836313723312816e+00 2.582797669202666763e-03
9.021000000000000000e+03 1.111366343074547292e+00 2.603456654462989964e-03
9.056000000000000000e+03 1.107760876709915632e+00 2.592438702808498325e-03
9.091000000000000000e+03 1.112085881574175206e+00 2.594513711308621060e-03
9.126000000000000000e+03 1.112865494258701293e+00 2.607006417755929496e-03
9.161000000000000000e+03 1.118745869491865275e+00 2.609643489586035373e-03
9.196000000000000000e+03 1.108373142477576900e+00 2.594296264465208255e-03
9.231000000000000000e+03 1.114512555189014709e+00 2.623787633456658042e-03
9.265000000000000000e+03 1.114703740327988024e+00 2.612017814624397784e-03
9.300000000000000000e+03 1.134506506767418488e+00 2.122301680798079852e-03
9.335000000000000000e+03 1.136405733794108697e+00 2.126891389357943134e-03
9.370000000000000000e+03 1.135541988658475221e+00 2.124626801108687752e-03
9.405000000000000000e+03 1.141288303620297429e+00 2.128411862806485304e-03
9.440000000000000000e+03 1.144861263429039822e+00 2.136209316427520495e-03
9.475000000000000000e+03 1.145712969553447813e+00 2.136656275431365014e-03
9.510000000000000000e+03 1.147333193993925970e+00 2.137453193158652797e-03
9.545000000000000000e+03 1.146306470576947234e+00 2.151902211608276282e-03
9.580000000000000000e+03 1.142268003107821617e+00 2.133375323954178008e-03
9.615000000000000000e+03 1.140475906011562790e+00 2.133401341526035798e-03
9.649000000000000000e+03 1.147089234244554667e+00 2.142941240257183709e-03
9.684000000000000000e+03 1.140950198186524656e+00 2.127372367215469174e-03
9.719000000000000000e+03 1.144685560080192843e+00 2.140458507177277637e-03
9.754000000000000000e+03 1.146529523372373793e+00 2.137039310565479883e-03
9.789000000000000000e+03 1.144373473976727507e+00 2.141197640531413132e-03
9.824000000000000000e+03 1.147719276923459208e+00 2.137153602036570479e-03
9.859000000000000000e+03 1.151028116485525388e+00 2.140345502508406508e-03
9.893000000000000000e+03 1.148350239102788217e+00 2.144072159988165849e-03
9.928000000000000000e+03 1.156484477245418585e+00 2.152003844300529652e-03
9.963000000000000000e+03 1.148275540032844821e+00 2.145990207929652626e-03
9.998000000000000000e+03 1.143862183941437349e+00 2.129131065141611542e-03
1.003300000000000000e+04 1.143514424287799924e+00 2.129767220098050754e-03
1.006800000000000000e+04 1.152826925726835094e+00 2.136964658459805655e-03
1.010300000000000000e+04 1.153775660896972255e+00 2.154467567507902838e-03
1.013800000000000000e+04 1.148384934295204163e+00 2.148260264424896402e-03
1.017200000000000000e+04 1.147251292938348488e+00 2.144904276275587038e-03
1.020700000000000000e+04 1.146650747549915694e+00 2.139179263746934616e-03
1.024200000000000000e+04 1.145484061385573460e+00 2.141920865235410077e-03
1.027700000000000000e+04 1.151237594971248113e+00 2.144728084474664936e-03
1.031200000000000000e+04 1.147328661536749950e+00 2.138430686530736532e-03
1.034700000000000000e+04 1.147247429385425566e+00 2.147071966816077246e-03
1.038100000000000000e+04 1.153005344803879728e+00 2.143858934388246686e-03
1.041600000000000000e+04 1.152988002570413562e+00 2.160191791499024849e-03
1.045100000000000000e+04 1.153831480229543072e+00 2.167702521327707649e-03
1.048600000000000000e+04 1.154024821693798719e+00 2.159041575734166069e-03
1.052800000000000000e+04 1.153085285801758397e+00 2.155094436661073379e-03
1.056300000000000000e+04 1.154001259769084298e+00 2.156336069677529822e-03
1.059800000000000000e+04 1.146904563947622746e+00 2.155981168842420036e-03
1.063300000000000000e+04 1.149915129012972770e+00 2.142286038302037079e-03
1.066800000000000000e+04 1.149154936074925804e+00 2.153566857305114473e-03
1.070300000000000000e+04 1.154102067889510197e+00 2.162049935945948870e-03
1.073800000000000000e+04 1.153633715894715639e+00 2.161412855707407852e-03
1.077200000000000000e+04 1.155417785291398047e+00 2.146518359901507505e-03
1.080700000000000000e+04 1.153371288074015677e+00 2.151238187100074344e-03
1.084200000000000000e+04 1.153614670021477551e+00 2.157439496585784357e-03
1.087700000000000000e+04 1.148700839379180438e+00 2.158089347082904272e-03
1.091200000000000000e+04 1.152394965523388048e+00 2.163632192484381267e-03
1.094700000000000000e+04 1.150900603019979984e+00 2.159891068433595317e-03
1.098200000000000000e+04 1.155935485568484022e+00 2.155124600381745636e-03
1.101700000000000000e+04 1.155348736263186904e+00 2.155694785835715176e-03
1.105100000000000000e+04 1.149226816532444184e+00 2.149506207108230118e-03
1.108600000000000000e+04 1.145206770735715640e+00 2.146454186134764183e-03
1.112100000000000000e+04 1.145017181814701690e+00 2.148138272140360117e-03
1.115600000000000000e+04 1.149947901644778447e+00 2.166664749102514397e-03
1.119100000000000000e+04 1.150322350535638583e+00 2.170702264198361153e-03
1.122600000000000000e+04 1.155719065424114289e+00 2.183883754483235181e-03
1.126100000000000000e+04 1.151144014434737350e+00 2.191405772503450533e-03
1.129600000000000000e+04 1.153824844264220717e+00 2.199912251877535804e-03
1.133000000000000000e+04 1.167449088916429734e+00 2.243889177743481605e-03
1.136500000000000000e+04 1.148209676541352753e+00 2.209807518934168470e-03
1.140000000000000000e+04 1.145744247235598534e+00 2.211044783244699684e-03
1.143500000000000000e+04 1.139676641557518133e+00 2.192597259700801784e-03
1.147000000000000000e+04 1.144921181209953120e+00 2.207256379791894436e-03
1.150500000000000000e+04 1.140702927794924548e+00 2.205505420196875090e-03
1.153900000000000000e+04 1.140585961001757020e+00 2.201856097030978603e-03
1.157400000000000000e+04 1.150571507316297648e+00 2.223207610128692408e-03
1.160900000000000000e+04 1.144615397232897624e+00 2.220631241367387269e-03
1.164400000000000000e+04 1.148190182108979274e+00 2.229121332408112461e-03
1.167900000000000000e+04 1.143843326689857332e+00 2.227562620418177108e-03
1.171400000000000000e+04 1.138162124129508346e+00 2.229141331917418485e-03
1.174900000000000000e+04 1.134808539273072459e+00 2.239065564058442901e-03
1.178400000000000000e+04 1.141482091569845592e+00 2.234187651033371202e-03
1.181800000000000000e+04 1.142324676711998777e+00 2.232079666557384903e-03
1.185300000000000000e+04 1.140842239738542485e+00 2.240228950650733838e-03
1.188800000000000000e+04 1.139881364591136093e+00 2.239342915676553747e-03
1.192300000000000000e+04 1.145814850469086377e+00 2.245507827219027971e-03
1.195800000000000000e+04 1.133899983363355624e+00 2.238188666777960432e-03
1.199300000000000000e+04 1.143613629795100284e+00 2.242959031588823669e-03
1.202800000000000000e+04 1.140277995864665384e+00 2.241263467868203664e-03
1.206200000000000000e+04 1.132262584022716290e+00 2.230349178637533111e-03
1.209700000000000000e+04 1.133721337579988386e+00 2.236217813247234291e-03
1.213200000000000000e+04 1.128302351768505796e+00 2.239824525412874301e-03
1.216700000000000000e+04 1.134290692963740854e+00 2.248712196099767868e-03
1.220200000000000000e+04 1.135584683977122644e+00 2.252774572978427647e-03
1.223700000000000000e+04 1.131992112069391876e+00 2.251619230061046879e-03
