0.000000000000000000e+00 8.911158323291623606e-01 1.585792025550038509e-01
3.500000000000000000e+01 1.047897653632839265e+00 1.575744298146924405e-01
7.000000000000000000e+01 1.361047002122618421e+00 1.580125557252177459e-01
1.040000000000000000e+02 9.808114292380240018e-01 1.578999410986453300e-01
1.390000000000000000e+02 1.188174705429833944e+00 1.577407925214699413e-01
1.740000000000000000e+02 1.213558713877546991e+00 1.568689809927501511e-01
2.090000000000000000e+02 1.171154646025892587e+00 1.560523436612377135e-01
2.440000000000000000e+02 1.765972388221628941e+00 1.566224529869620630e-01
2.790000000000000000e+02 1.048599290392313810e+00 1.564115849803131841e-01
3.140000000000000000e+02 1.239183527915182825e+00 1.568957011529630297e-01
3.490000000000000000e+02 1.196992052251691252e+00 1.572981697746330398e-01
3.840000000000000000e+02 1.514829081678422895e+00 1.559027810338686482e-01
4.190000000000000000e+02 1.174883193521556679e+00 1.558638318507386544e-01
4.530000000000000000e+02 1.193791394738161538e+00 1.545625393453601004e-01
4.880000000000000000e+02 1.109626102756849919e+00 1.551370103142270251e-01
5.230000000000000000e+02 1.478909112248390390e+00 1.549865286478979143e-01
5.580000000000000000e+02 1.492943582570717798e+00 1.551923110177150789e-01
5.930000000000000000e+02 1.520999198523986129e+00 1.540979080614374164e-01
6.270000000000000000e+02 1.321496657513483219e+00 1.550004117956517158e-01
6.620000000000000000e+02 1.256723269547491917e+00 1.535502055254645559e-01
6.970000000000000000e+02 1.555499074922843228e+00 1.536613409860699275e-01
7.320000000000000000e+02 1.548029947844038023e+00 1.543356904288073761e-01
7.670000000000000000e+02 1.540612849647529536e+00 1.540994153667170907e-01
8.020000000000000000e+02 1.518435352436026786e+00 1.522575364565068312e-01
8.360000000000000000e+02 1.485825779901095434e+00 1.492587551700943760e-01
8.710000000000000000e+02 1.325270686595771075e+00 1.519325259529444860e-01
9.060000000000000000e+02 1.271436316710105263e+00 1.512997531464156109e-01
9.410000000000000000e+02 1.267447583771282638e+00 1.487396864024681797e-01
9.760000000000000000e+02 1.344429895010916587e+00 1.484398073201185775e-01
1.011000000000000000e+03 1.573800448807472163e+00 1.498551988479546182e-01
1.046000000000000000e+03 1.248227372377739508e+00 1.483691107775764184e-01
1.080000000000000000e+03 1.574389197692065423e+00 1.486246510034949786e-01
1.115000000000000000e+03 1.309135492936825518e+00 1.482426848348830650e-01
1.150000000000000000e+03 1.324602691034612478e+00 1.488116221738538247e-01
1.185000000000000000e+03 1.730786643803136737e+00 1.494194590720110127e-01
1.220000000000000000e+03 1.460628016141324315e+00 1.498136995963760543e-01
1.255000000000000000e+03 1.284093881531723325e+00 1.491639786390746292e-01
1.289000000000000000e+03 1.274226169780363183e+00 1.493620655457372770e-01
1.324000000000000000e+03 1.127596354966411418e+00 1.517607037877863052e-01
1.358000000000000000e+03 1.394061404584397090e+00 1.510015267731110167e-01
1.393000000000000000e+03 1.310719746814500208e+00 1.481764765136610595e-01
1.428000000000000000e+03 1.293582004496325100e+00 1.491073361150592747e-01
1.463000000000000000e+03 1.355075082749363391e+00 1.503704369164825527e-01
1.498000000000000000e+03 1.496231542502872935e+00 1.494338232622415275e-01
1.533000000000000000e+03 1.019206102406855718e+00 1.489016596767331058e-01
1.567000000000000000e+03 1.088237638910474869e+00 1.489563356089905477e-01
1.602000000000000000e+03 1.203143102699440581e+00 1.487823972030233588e-01
1.637000000000000000e+03 1.241494821416182504e+00 1.490557327288166145e-01
1.672000000000000000e+03 1.386439544248384559e+00 1.481308332790922389e-01
1.707000000000000000e+03 9.562489691000571890e-01 1.485314666576714460e-01
1.750000000000000000e+03 1.208414918045607189e+00 1.479341892195166486e-01
1.785000000000000000e+03 1.430359845913547368e+00 1.485545048323352046e-01
1.820000000000000000e+03 1.168297503568044293e+00 1.487052604861903715e-01
1.855000000000000000e+03 1.308596809580128362e+00 1.486619774022760465e-01
1.890000000000000000e+03 1.095001037155469703e+00 1.490343889418002388e-01
1.925000000000000000e+03 9.794271251151538404e-01 1.485026965267052801e-01
1.960000000000000000e+03 1.121934569694183148e+00 1.495606262436471878e-01
1.995000000000000000e+03 1.074473572584787151e+00 1.509829761485001476e-01
2.030000000000000000e+03 6.127932280165679924e-01 1.504742569058138968e-01
2.064000000000000000e+03 1.132130258934703315e+00 1.507972532008155231e-01
2.099000000000000000e+03 7.391141990762756242e-01 1.493034877138974259e-01
2.134000000000000000e+03 9.030456635371796326e-01 1.496159900191554593e-01
2.169000000000000000e+03 5.800291383639177845e-01 1.492386956214348526e-01
2.204000000000000000e+03 7.482503400097394453e-01 1.491987444230248316e-01
2.239000000000000000e+03 7.750033186978511068e-01 1.503998527300930976e-01
2.274000000000000000e+03 1.530531240901087109e-01 1.474121973548343789e-01
2.309000000000000000e+03 5.014206776747613947e-01 1.480333439274998386e-01
2.344000000000000000e+03 5.973654793348848191e-01 1.472217666093763588e-01
2.378000000000000000e+03 7.332906628548231387e-01 1.471547023974836554e-01
2.413000000000000000e+03 8.651060974225400768e-01 1.456194407771100041e-01
2.448000000000000000e+03 5.434999485193747759e-01 1.464221354136493736e-01
2.483000000000000000e+03 6.585546966278313930e-01 1.459106947722290104e-01
2.518000000000000000e+03 2.058449537300402199e-01 1.452641344082418740e-01
2.553000000000000000e+03 2.657718443448381374e-01 1.464376143477962300e-01
2.587000000000000000e+03 4.489163600609560323e-01 1.479461535100929925e-01
2.622000000000000000e+03 3.557656285912506045e-01 1.467962493617780417e-01
2.657000000000000000e+03 5.820744100149213285e-01 1.480501673623882686e-01
2.692000000000000000e+03 6.318976177343044176e-01 1.484909927731953017e-01
2.727000000000000000e+03 6.721806828263072742e-01 1.481850264739361656e-01
2.762000000000000000e+03 4.537920462745840822e-01 1.482955685822212877e-01
2.797000000000000000e+03 4.476287800277990447e-01 1.487503833829240396e-01
2.832000000000000000e+03 6.065852494064745137e-01 1.488778580454257483e-01
2.867000000000000000e+03 5.177064662209954760e-01 1.487751395503849328e-01
2.901000000000000000e+03 1.798540537033679609e-01 1.471687562692275963e-01
2.936000000000000000e+03 6.183918192071492514e-01 1.482923470266467314e-01
2.971000000000000000e+03 3.122139214562415499e-01 1.469064408604524863e-01
3.006000000000000000e+03 6.392913827401514038e-01 1.487471829542525992e-01
3.041000000000000000e+03 5.086545904631614157e-01 1.479754727054662378e-01
3.076000000000000000e+03 1.436202617235744217e-01 1.485417133349880847e-01
3.111000000000000000e+03 1.986921033272839310e-01 1.498859072370587742e-01
3.146000000000000000e+03 5.059850684741048488e-01 1.487843475621334621e-01
3.181000000000000000e+03 5.421299029715078710e-01 1.496646000592791459e-01
3.216000000000000000e+03 4.825988889147351246e-01 1.532566687901157354e-01
3.250000000000000000e+03 2.496663726959677254e-01 1.589429271572085078e-01
3.285000000000000000e+03 6.561015153536431388e-01 1.498673510906798345e-01
3.320000000000000000e+03 3.965106425586779060e-01 1.507724980994033792e-01
3.355000000000000000e+03 8.379584951622018885e-01 2.040379345783084608e-01
3.390000000000000000e+03 7.309650993579730471e-01 1.573643877627589061e-01
3.425000000000000000e+03 6.777194076703867420e-01 1.482615325536754958e-01
3.459000000000000000e+03 4.969505687521182380e-01 1.492382349002000508e-01
3.508000000000000000e+03 5.336559678431405107e-01 1.480960398868249039e-01
3.543000000000000000e+03 4.409437629434187489e-01 1.483397534064941903e-01
3.578000000000000000e+03 2.870052310756588954e-01 1.485354933709785996e-01
3.613000000000000000e+03 4.013987889221451444e-01 1.488229719207645185e-01
3.648000000000000000e+03 5.025296756882084992e-01 1.493353835436267985e-01
3.683000000000000000e+03 4.713983474477193569e-01 1.496550134097876794e-01
3.717000000000000000e+03 1.889332504151501058e-01 1.503146356410521023e-01
3.752000000000000000e+03 5.566202709689457295e-01 1.493348971261665159e-01
3.787000000000000000e+03 3.796543158599086643e-01 1.494237295217051009e-01
3.822000000000000000e+03 5.272393797843771823e-01 1.499787023052710777e-01
3.857000000000000000e+03 5.846076419865483542e-01 1.512913724871503551e-01
3.892000000000000000e+03 4.620279218886740868e-01 1.513527083685292929e-01
3.927000000000000000e+03 4.638424350433820176e-01 1.499106494536986689e-01
3.962000000000000000e+03 3.056407406640396229e-01 1.499155995059314461e-01
3.997000000000000000e+03 2.748313579114356475e-01 1.512659781024807415e-01
4.031000000000000000e+03 4.628355628328083005e-01 1.511559871405755984e-01
4.066000000000000000e+03 1.218051635391457360e-01 1.526016847402843490e-01
4.101000000000000000e+03 5.672704462711115614e-01 1.516200244096516103e-01
4.136000000000000000e+03 5.338659935210302576e-01 1.505841466834295650e-01
4.171000000000000000e+03 8.986728371072131294e-01 1.503051235825206278e-01
4.206000000000000000e+03 1.085992785626456320e-01 1.511035726564188830e-01
4.240000000000000000e+03 3.759879276308364937e-01 1.540093580545792706e-01
4.275000000000000000e+03 3.415005958661972985e-01 1.512050623291825435e-01
4.310000000000000000e+03 3.200486308799863067e-01 1.546871819112730917e-01
4.345000000000000000e+03 5.439290636951932267e-01 1.553294901214442580e-01
4.380000000000000000e+03 5.062461223215604100e-01 1.580584803973861807e-01
4.415000000000000000e+03 4.030861638755980358e-01 1.559782532800565447e-01
4.450000000000000000e+03 1.292475147394103741e-01 1.639044201012733182e-01
4.483000000000000000e+03 5.841159046455601800e-01 1.627820237171557494e-01
4.518000000000000000e+03 1.970450739822093011e-01 1.644743601915807096e-01
4.553000000000000000e+03 5.692015288296492503e-01 1.590205750108070470e-01
4.588000000000000000e+03 3.623816908805862491e-01 1.536745189163760961e-01
4.623000000000000000e+03 4.925592765721469868e-01 1.566933593366194311e-01
4.658000000000000000e+03 5.151903017910126614e-01 1.563545656703023978e-01
4.692000000000000000e+03 5.445303712243263483e-01 1.550072803660302589e-01
4.727000000000000000e+03 -1.906126859335812807e-04 1.906126859335812915e+05
4.762000000000000000e+03 3.612424045410119189e-01 1.522960868884643826e-01
4.797000000000000000e+03 4.224127041964287343e-01 1.528875285988045285e-01
4.832000000000000000e+03 2.944221007453222683e-01 1.504952017069156600e-01
4.867000000000000000e+03 7.236954823641910117e-01 1.503725228250961943e-01
4.902000000000000000e+03 2.553399377420537686e-01 1.512715088715501366e-01
4.937000000000000000e+03 9.306913213088182646e-01 1.501825432865116217e-01
4.971000000000000000e+03 2.509753276016566947e-01 1.515368827439170785e-01
5.006000000000000000e+03 3.179359396424625284e-01 1.507415475015710382e-01
5.041000000000000000e+03 4.802442607254630569e-01 1.504115371649316635e-01
5.076000000000000000e+03 8.433291353128333778e-01 1.505959643576049167e-01
5.111000000000000000e+03 5.944689635282901508e-01 1.505039272568522712e-01
5.146000000000000000e+03 6.082641426724080258e-01 1.522364305446773647e-01
5.181000000000000000e+03 2.775282500141710296e-01 1.511724800361412824e-01
5.215000000000000000e+03 7.506905970754071955e-01 1.513180321610171908e-01
5.267000000000000000e+03 7.421890150382239870e-01 1.515421034444092152e-01
5.302000000000000000e+03 5.008272814584919796e-01 1.518261220961097113e-01
5.337000000000000000e+03 5.255438900223566856e-01 1.509119859628306193e-01
5.371000000000000000e+03 1.680027866289110772e-01 1.512351946212830145e-01
5.406000000000000000e+03 6.616366129128421480e-01 1.509862238612206808e-01
5.441000000000000000e+03 5.338184700303685304e-01 1.512272672144928110e-01
5.476000000000000000e+03 7.545621963085121786e-01 1.516901980723577847e-01
5.511000000000000000e+03 9.719011743147056848e-01 1.517450920761496402e-01
5.546000000000000000e+03 5.099432188374378727e-01 1.578430084897486929e-01
5.581000000000000000e+03 7.079095823852312730e-01 1.569862304894811822e-01
5.615000000000000000e+03 6.628521405899839847e-01 1.517260983263892804e-01
5.650000000000000000e+03 2.067142132482040762e-01 1.518778186942388031e-01
5.685000000000000000e+03 7.224860203057783536e-01 1.506250921924263686e-01
5.720000000000000000e+03 9.197355317263224972e-01 1.512771790211390743e-01
5.755000000000000000e+03 7.836971411643751662e-01 1.509412438453770766e-01
5.790000000000000000e+03 9.166600693743467421e-01 1.526852763281798531e-01
5.825000000000000000e+03 5.840087825728950133e-01 1.511784600092105357e-01
5.859000000000000000e+03 6.616249760363288601e-01 1.507894378016609305e-01
5.894000000000000000e+03 4.984925983353185042e-01 1.497899341326485723e-01
5.929000000000000000e+03 7.260800861781384619e-01 1.521606432705342737e-01
5.964000000000000000e+03 6.427402180468756443e-01 1.532895437066887634e-01
5.999000000000000000e+03 8.954577481375149972e-01 1.558021975207640186e-01
6.034000000000000000e+03 7.722853043822417440e-01 1.804266071551405282e-01
6.068000000000000000e+03 6.091987622476330300e-01 1.631724845716572558e-01
6.103000000000000000e+03 6.227241632000677374e-01 1.536904331871319640e-01
6.138000000000000000e+03 6.632224114225565570e-01 1.591889200130400805e-01
6.173000000000000000e+03 8.471299570950406865e-01 1.539828850746498834e-01
6.208000000000000000e+03 1.150397519853828987e+00 1.524108989488813237e-01
6.243000000000000000e+03 3.854458727622607217e-01 1.523259973003753265e-01
6.278000000000000000e+03 6.455215748556432098e-01 1.517127618405248179e-01
6.313000000000000000e+03 1.009849688335474616e+00 1.514625680638539973e-01
6.348000000000000000e+03 9.300880118726726486e-01 1.517834994334681942e-01
6.382000000000000000e+03 9.708585243494938233e-01 1.513660019951875990e-01
6.417000000000000000e+03 6.359056806427568764e-01 1.512932793589912839e-01
6.452000000000000000e+03 6.764711938858851692e-01 1.509233172184779592e-01
6.487000000000000000e+03 8.894136253023475769e-01 1.518690047905422447e-01
6.522000000000000000e+03 9.294690644087296727e-01 1.523836133580448171e-01
6.557000000000000000e+03 4.644219268004724510e-01 1.515813868004355913e-01
6.591000000000000000e+03 6.255364236923577348e-01 1.507105316744850598e-01
6.626000000000000000e+03 3.639362736150416056e-01 1.774254732458152295e-01
6.661000000000000000e+03 7.580383554904926990e-01 1.552090102419168838e-01
6.696000000000000000e+03 6.376707531070210377e-01 1.506076193925101891e-01
6.731000000000000000e+03 9.849669952205936108e-01 1.513035076814283342e-01
6.766000000000000000e+03 1.048106978470561002e+00 1.518910786355620046e-01
6.801000000000000000e+03 7.316528104717794356e-01 1.524314491554384920e-01
6.836000000000000000e+03 5.397364385661306274e-01 1.527750567160025275e-01
6.871000000000000000e+03 7.464891590884810135e-01 1.521606855893525567e-01
6.905000000000000000e+03 8.475914368504652296e-01 1.510548641030650951e-01
6.940000000000000000e+03 9.882438068110106499e-01 1.522851647180525625e-01
6.975000000000000000e+03 7.809543845193769318e-01 1.536365753646547205e-01
7.022000000000000000e+03 1.108759972516871084e+00 1.534452977791468109e-01
7.057000000000000000e+03 7.798500140554118776e-01 1.533102466538812936e-01
7.092000000000000000e+03 1.131527410286778279e+00 1.538317469034223839e-01
7.127000000000000000e+03 7.742085246834095047e-01 1.532236171867062402e-01
7.162000000000000000e+03 1.016495045375646500e+00 1.518768006084307842e-01
7.197000000000000000e+03 9.227760068579925479e-01 1.517956715515759447e-01
7.232000000000000000e+03 8.837285708541604556e-01 1.516422708979250911e-01
7.266000000000000000e+03 1.031577816751786170e+00 1.524029534056632884e-01
7.301000000000000000e+03 6.882198514363268016e-01 1.522925637732596149e-01
7.336000000000000000e+03 8.652837106683961554e-01 1.535667881667081014e-01
7.371000000000000000e+03 1.029528795257179441e+00 1.548032748371725997e-01
7.406000000000000000e+03 7.551185354196982003e-01 1.541382803301022952e-01
7.441000000000000000e+03 9.103437651714645362e-01 1.548360398391055714e-01
7.476000000000000000e+03 5.957552674733231912e-01 1.548816326061094040e-01
7.511000000000000000e+03 8.435055513198770338e-01 1.564321521895842559e-01
7.545000000000000000e+03 8.162073652176337069e-01 1.548835139533368821e-01
7.580000000000000000e+03 7.422692556076968540e-01 1.560031671498850470e-01
7.615000000000000000e+03 1.000371116300242225e+00 1.546488313611412146e-01
7.650000000000000000e+03 9.197171268339557892e-01 1.548011436216278069e-01
7.685000000000000000e+03 1.417700100100495852e+00 1.546899253694749843e-01
7.720000000000000000e+03 1.006102232610938119e+00 1.545450472480562332e-01
7.755000000000000000e+03 1.135659063626432763e+00 1.538789586016255928e-01
7.789000000000000000e+03 9.392374854916177851e-01 1.542694826461303570e-01
7.824000000000000000e+03 9.249889629550593906e-01 1.545385652833736190e-01
7.859000000000000000e+03 1.237209421375785823e+00 1.538189876297320624e-01
7.894000000000000000e+03 1.244105197062563839e+00 1.544177042516211573e-01
7.929000000000000000e+03 8.394206230701403149e-01 1.546049216945689364e-01
7.964000000000000000e+03 9.309973595825867809e-01 1.546887460728158248e-01
7.999000000000000000e+03 1.105901780208796703e+00 1.546702638455885181e-01
8.034000000000000000e+03 8.698270460767515422e-01 1.543319447754916418e-01
8.069000000000000000e+03 8.836012976701225208e-01 1.539659141191225822e-01
8.104000000000000000e+03 1.420624540668580238e+00 1.556751760012780317e-01
8.138000000000000000e+03 9.896451761485418608e-01 1.550319715696209522e-01
8.173000000000000000e+03 5.360568594439465429e-01 1.553366529989602118e-01
8.208000000000000000e+03 9.072311554468157624e-01 1.544818584261002936e-01
8.243000000000000000e+03 7.558215347211054702e-01 1.541025462478936570e-01
8.278000000000000000e+03 1.032700755441090079e+00 1.552642771138865174e-01
8.313000000000000000e+03 9.954540188837500692e-01 1.556139381118852305e-01
8.348000000000000000e+03 1.205844473596703548e+00 1.542857832176727784e-01
8.383000000000000000e+03 8.600417722969482259e-01 1.551381941783074869e-01
8.418000000000000000e+03 1.346409755409787135e+00 1.554652928853570704e-01
8.453000000000000000e+03 8.702996886023239842e-01 1.550640177090220617e-01
8.487000000000000000e+03 1.101757363781111998e+00 1.551241080818528684e-01
8.522000000000000000e+03 6.184654617697292744e-01 1.556355965123392138e-01
8.557000000000000000e+03 1.173162525740773399e+00 1.550758549060071989e-01
8.592000000000000000e+03 9.996288836997576643e-01 1.556831052528292736e-01
8.627000000000000000e+03 9.829390481262755275e-01 1.552370972969094043e-01
8.662000000000000000e+03 9.476544154468381498e-01 1.555175829609797000e-01
8.697000000000000000e+03 1.094354297251236341e+00 1.560288331197253187e-01
8.731000000000000000e+03 7.313222126333300821e-01 1.571817968792709186e-01
8.777000000000000000e+03 1.363916078285845934e+00 1.565650803346567699e-01
8.812000000000000000e+03 8.696749626401188982e-01 1.572039435214415137e-01
8.847000000000000000e+03 1.073266832085083777e+00 1.582512899559974928e-01
8.882000000000000000e+03 1.051091384650560512e+00 1.581670808059976729e-01
8.917000000000000000e+03 1.361709077576925608e+00 1.578586044050588055e-01
8.952000000000000000e+03 1.151540642292617767e+00 1.564960443587511685e-01
8.986000000000000000e+03 1.064235511811227441e+00 1.563943767223656967e-01
9.021000000000000000e+03 1.306596628245540570e+00 1.578944115934724779e-01
9.056000000000000000e+03 1.338531056605934078e+00 1.574521001919381158e-01
9.091000000000000000e+03 1.221720143886049437e+00 1.574675953292082597e-01
9.126000000000000000e+03 7.856407821499018507e-01 1.580482764212512992e-01
9.161000000000000000e+03 1.074061054181476571e+00 1.583634049165508206e-01
9.196000000000000000e+03 1.792255846874440950e+00 1.578695956954634383e-01
9.231000000000000000e+03 1.379772554812280561e+00 1.597192503610720404e-01
9.265000000000000000e+03 1.005492373035941744e+00 1.588913892121624760e-01
9.300000000000000000e+03 1.195278641826793553e+00 9.998930197088125305e-02
9.335000000000000000e+03 1.471033627173801817e+00 1.001551190343625969e-01
9.370000000000000000e+03 1.358002554384848182e+00 9.999647309283515861e-02
9.405000000000000000e+03 1.313697414611740610e+00 9.987968879527653332e-02
9.440000000000000000e+03 1.419763397678049932e+00 1.004568336347463064e-01
9.475000000000000000e+03 1.450071346731105937e+00 1.004391955549603088e-01
9.510000000000000000e+03 1.503261733033986580e+00 1.005388163643984589e-01
9.545000000000000000e+03 1.430517290443012124e+00 1.013594362174134733e-01
9.580000000000000000e+03 1.298159214778513260e+00 1.003070144015674459e-01
9.615000000000000000e+03 1.116585166453847089e+00 1.001010179996382199e-01
9.649000000000000000e+03 1.155524809769924666e+00 1.004816220289440204e-01
9.684000000000000000e+03 1.261036137547562275e+00 9.974565193376216943e-02
9.719000000000000000e+03 1.435910327934952102e+00 1.006878417811976067e-01
9.754000000000000000e+03 1.436364652721644930e+00 1.002988598445297003e-01
9.789000000000000000e+03 1.445770454541166705e+00 1.007858411033705076e-01
9.824000000000000000e+03 1.436566687713628721e+00 1.006458506125192109e-01
9.859000000000000000e+03 1.286924238718567981e+00 1.004618048182680801e-01
9.893000000000000000e+03 1.188762950395492179e+00 1.006905884031118470e-01
9.928000000000000000e+03 1.778136791146802453e+00 1.011761210036357661e-01
9.963000000000000000e+03 1.249181290954994861e+00 1.009584051464859633e-01
9.998000000000000000e+03 1.567035188766395803e+00 1.000351656719940530e-01
1.003300000000000000e+04 1.563218637715497294e+00 1.003756990194774878e-01
1.006800000000000000e+04 1.589007765159285990e+00 1.005622125991704335e-01
1.010300000000000000e+04 1.435000315508335289e+00 1.012509277735561819e-01
1.013800000000000000e+04 1.361967231978367554e+00 1.010914990124445884e-01
1.017200000000000000e+04 1.444313678580199767e+00 1.010114731142998518e-01
1.020700000000000000e+04 1.576421577317789646e+00 1.006314492228659457e-01
1.024200000000000000e+04 1.595713836522132834e+00 1.011368556442904382e-01
1.027700000000000000e+04 1.426315490464872049e+00 1.010144046094055281e-01
1.031200000000000000e+04 1.505744765340323754e+00 1.008045503610482119e-01
1.034700000000000000e+04 1.339605942591353349e+00 1.011676642853946428e-01
1.038100000000000000e+04 1.467162660325178614e+00 1.009401621817745814e-01
1.041600000000000000e+04 1.379057205738757119e+00 1.019644421852605315e-01
1.045100000000000000e+04 1.562324204724183652e+00 1.025492795443892630e-01
1.048600000000000000e+04 1.358832977776159190e+00 1.015818686461836678e-01
1.052800000000000000e+04 1.493143349773336626e+00 1.013792739376095653e-01
1.056300000000000000e+04 1.512459128252408025e+00 1.012893373640379457e-01
1.059800000000000000e+04 1.473328242989953019e+00 1.012972467401349747e-01
1.063300000000000000e+04 1.643198108147908787e+00 1.006966759242273884e-01
1.066800000000000000e+04 1.599047108259791017e+00 1.011091991369114651e-01
1.070300000000000000e+04 1.675985938676967102e+00 1.014997600613690293e-01
1.073800000000000000e+04 1.596563375141275332e+00 1.012898277704223221e-01
1.077200000000000000e+04 1.563680895740284127e+00 1.002060178076010638e-01
1.080700000000000000e+04 1.533232862023429011e+00 1.006600068394928049e-01
1.084200000000000000e+04 1.335705888203336578e+00 1.011033220819553408e-01
1.087700000000000000e+04 1.578534633594258274e+00 1.013352738512863227e-01
1.091200000000000000e+04 1.349925617702496305e+00 1.013434308780469806e-01
1.094700000000000000e+04 1.603568177524766991e+00 1.012732336086228924e-01
1.098200000000000000e+04 1.566902713222970256e+00 1.010992497006399371e-01
1.101700000000000000e+04 1.583541478054243834e+00 1.009666797224114260e-01
1.105100000000000000e+04 1.717311615417026260e+00 1.008028626871742411e-01
1.108600000000000000e+04 1.508849059733051279e+00 1.006222058907468853e-01
1.112100000000000000e+04 1.376368569898789085e+00 1.006833788240716759e-01
1.115600000000000000e+04 1.347721094030868594e+00 1.018509423737496283e-01
1.119100000000000000e+04 1.686512915209385399e+00 1.021442601251622284e-01
1.122600000000000000e+04 1.569058045310529392e+00 1.027354362254152692e-01
1.126100000000000000e+04 1.786520563565594077e+00 1.033148657352210426e-01
1.129600000000000000e+04 1.673372072166932290e+00 1.037013477182145149e-01
1.133000000000000000e+04 1.585141459498269789e+00 1.065552364657182394e-01
1.136500000000000000e+04 1.544641901226930569e+00 1.047842199253014167e-01
1.140000000000000000e+04 1.596215916362067944e+00 1.051050357639915916e-01
1.143500000000000000e+04 1.750777146296369713e+00 1.041947773711192349e-01
1.147000000000000000e+04 1.512717329528926902e+00 1.047508232147405655e-01
1.150500000000000000e+04 1.611501328630267516e+00 1.050809586305574833e-01
1.153900000000000000e+04 1.961138291867443817e+00 1.051211112127266867e-01
1.157400000000000000e+04 1.531114918661051538e+00 1.058314298216541799e-01
1.160900000000000000e+04 1.538270031418063732e+00 1.059013744187589923e-01
1.164400000000000000e+04 1.740329660777470089e+00 1.062178990675782392e-01
1.167900000000000000e+04 1.576004500211541259e+00 1.060244446266325608e-01
1.171400000000000000e+04 1.952644441090710226e+00 1.062874504296092565e-01
1.174900000000000000e+04 1.718092041007827975e+00 1.068122229438566301e-01
1.178400000000000000e+04 1.648648246532993245e+00 1.064491477349290838e-01
1.181800000000000000e+04 1.817506842194176464e+00 1.063839934848483937e-01
1.185300000000000000e+04 1.803122693195211124e+00 1.070786605423357518e-01
1.188800000000000000e+04 1.678880634758957324e+00 1.068378058201674141e-01
1.192300000000000000e+04 1.654630923896349914e+00 1.069854570567148333e-01
1.195800000000000000e+04 1.927492095455427545e+00 1.070134199457987295e-01
1.199300000000000000e+04 1.586501791376849990e+00 1.066656179606676746e-01
1.202800000000000000e+04 1.685126869175436415e+00 1.067584748417744478e-01
1.206200000000000000e+04 1.876466001941299089e+00 1.065779500322504708e-01
1.209700000000000000e+04 1.758178536029661787e+00 1.068899815902636385e-01
1.213200000000000000e+04 2.095057958243423890e+00 1.076124904612101307e-01
1.216700000000000000e+04 1.872453986822021799e+00 1.078410045822687235e-01
1.220200000000000000e+04 1.718480669519917292e+00 1.078221250941297366e-01
1.223700000000000000e+04 1.788743261510462812e+00 1.083060228608673792e-01
