0.000000000000000000e+00 1.183705205519878234e+00 4.348473206147464298e-02
3.500000000000000000e+01 1.180625671207053307e+00 4.320385408222316564e-02
7.000000000000000000e+01 1.110675172147373990e+00 4.325588075681291444e-02
1.040000000000000000e+02 1.149920107279283954e+00 4.326449890898283190e-02
1.390000000000000000e+02 1.157544406154990435e+00 4.320259061113652932e-02
1.740000000000000000e+02 1.199976012574504258e+00 4.296556017420958412e-02
2.090000000000000000e+02 1.190999643121139151e+00 4.280513272070834291e-02
2.440000000000000000e+02 1.152427051656411239e+00 4.283554714046598766e-02
2.790000000000000000e+02 1.092770238118076387e+00 4.283185225710027522e-02
3.140000000000000000e+02 1.178540196980227384e+00 4.300219318522438550e-02
3.490000000000000000e+02 1.137205494694392138e+00 4.308493421367169673e-02
3.840000000000000000e+02 1.217440885756487567e+00 4.269237407814783364e-02
4.190000000000000000e+02 1.241290120629334526e+00 4.273791804538241285e-02
4.530000000000000000e+02 1.084084471626524548e+00 4.235967728104300667e-02
4.880000000000000000e+02 1.149532132777677296e+00 4.251613663996636761e-02
5.230000000000000000e+02 1.205527944883519220e+00 4.246569226591403318e-02
5.580000000000000000e+02 1.188832245306877367e+00 4.250994914634195071e-02
5.930000000000000000e+02 1.143379760373397724e+00 4.215339573442893062e-02
6.270000000000000000e+02 1.065242477458751669e+00 4.242703348997615281e-02
6.620000000000000000e+02 1.216728283298660562e+00 4.210284427232624527e-02
6.970000000000000000e+02 1.161712870465516856e+00 4.207818518926504520e-02
7.320000000000000000e+02 1.123962793322976772e+00 4.223025291124116870e-02
7.670000000000000000e+02 1.132736773364352079e+00 4.220486878324396923e-02
8.020000000000000000e+02 1.214811009999127167e+00 4.175710054601588367e-02
8.360000000000000000e+02 1.261974101366431400e+00 4.095905124048217216e-02
8.710000000000000000e+02 1.201125455704914247e+00 4.164862607392127297e-02
9.060000000000000000e+02 1.211904069139424278e+00 4.148415251328407133e-02
9.410000000000000000e+02 1.079854680342566375e+00 4.078371427108539587e-02
9.760000000000000000e+02 1.126768743292235531e+00 4.068864927144266036e-02
1.011000000000000000e+03 1.102899511007583655e+00 4.105621503335261241e-02
1.046000000000000000e+03 1.159444340061457135e+00 4.066420132954905176e-02
1.080000000000000000e+03 1.161416048467212692e+00 4.071342895560744329e-02
1.115000000000000000e+03 1.205517763496657624e+00 4.067474182681984213e-02
1.150000000000000000e+03 1.189138848675658000e+00 4.083094936453508100e-02
1.185000000000000000e+03 1.169607251752855293e+00 4.096068492887662560e-02
1.220000000000000000e+03 1.175326204256250451e+00 4.105740230384681555e-02
1.255000000000000000e+03 1.143983790478835028e+00 4.091323952319663587e-02
1.289000000000000000e+03 1.195237897824473761e+00 4.100162185800895753e-02
1.324000000000000000e+03 1.173172628655883010e+00 4.163373414888649204e-02
1.358000000000000000e+03 1.184602013568683887e+00 4.142739951437979240e-02
1.393000000000000000e+03 1.251010029625167830e+00 4.067244593758401194e-02
1.428000000000000000e+03 1.122011375397458099e+00 4.089262220971298656e-02
1.463000000000000000e+03 1.111047461781970336e+00 4.118640583528067334e-02
1.498000000000000000e+03 1.220955214654302345e+00 4.100701861825253869e-02
1.533000000000000000e+03 1.183462132612289608e+00 4.088024463151192917e-02
1.567000000000000000e+03 1.097163620862746436e+00 4.087348093496324247e-02
1.602000000000000000e+03 1.124503388629773504e+00 4.083973758944916405e-02
1.637000000000000000e+03 1.149294124765142477e+00 4.087912974679056011e-02
1.672000000000000000e+03 1.213530776066530592e+00 4.065967470428094588e-02
1.707000000000000000e+03 1.226484146230911509e+00 4.080292694845798901e-02
1.750000000000000000e+03 1.228574964071410314e+00 4.062380507698688109e-02
1.785000000000000000e+03 1.116713166955902947e+00 4.074732520270438196e-02
1.820000000000000000e+03 1.156890719544336976e+00 4.083033796179907221e-02
1.855000000000000000e+03 1.164434457228342712e+00 4.081335154342627392e-02
1.890000000000000000e+03 1.112873102508880718e+00 4.091706741766783229e-02
1.925000000000000000e+03 1.163259986464387552e+00 4.079954658211566026e-02
1.960000000000000000e+03 1.158909297579941988e+00 4.108105639327469527e-02
1.995000000000000000e+03 1.166420273382530848e+00 4.145391903289381841e-02
2.030000000000000000e+03 1.209198246359733719e+00 4.143052811246396294e-02
2.064000000000000000e+03 1.189110901795773279e+00 4.142790446985382402e-02
2.099000000000000000e+03 1.227550465703468374e+00 4.108459870024443877e-02
2.134000000000000000e+03 1.194183243804497696e+00 4.117888678728712226e-02
2.169000000000000000e+03 1.106342971220675153e+00 4.101051240326820946e-02
2.204000000000000000e+03 1.108551006942752659e+00 4.098608924798406716e-02
2.239000000000000000e+03 1.216144832798569997e+00 4.135563118965428220e-02
2.274000000000000000e+03 1.153862245564843514e+00 4.062870268895063530e-02
2.309000000000000000e+03 1.021105885569464578e+00 4.073707034519735704e-02
2.344000000000000000e+03 1.114282006075393072e+00 4.051389767627055355e-02
2.378000000000000000e+03 1.181402711396845495e+00 4.049554793400629571e-02
2.413000000000000000e+03 1.124315902970080439e+00 4.003023817608066665e-02
2.448000000000000000e+03 1.163779280511220149e+00 4.033687383015431560e-02
2.483000000000000000e+03 1.172866473631954731e+00 4.020362704714573049e-02
2.518000000000000000e+03 1.172026763666135230e+00 4.005162970386822591e-02
2.553000000000000000e+03 1.190963869770977679e+00 4.037871442577730535e-02
2.587000000000000000e+03 1.271920037422697547e+00 4.080082257747276453e-02
2.622000000000000000e+03 1.167115370361695437e+00 4.046199898391844574e-02
2.657000000000000000e+03 1.104240684609777867e+00 4.072851908125117715e-02
2.692000000000000000e+03 1.134191106312815611e+00 4.086277188695585511e-02
2.727000000000000000e+03 1.195979500858030953e+00 4.080075875382412065e-02
2.762000000000000000e+03 1.166378668125250817e+00 4.087446562431484159e-02
2.797000000000000000e+03 1.231839440488070592e+00 4.100154510252577988e-02
2.832000000000000000e+03 1.135901478558939415e+00 4.098975715593359409e-02
2.867000000000000000e+03 1.203711444209993875e+00 4.101742155855751110e-02
2.901000000000000000e+03 1.193743893623574026e+00 4.060157220781056980e-02
2.936000000000000000e+03 1.200356322328387515e+00 4.087916854239106307e-02
2.971000000000000000e+03 1.222064044860937893e+00 4.049929072177729100e-02
3.006000000000000000e+03 1.174034005954732951e+00 4.099222219243228021e-02
3.041000000000000000e+03 1.153291212612995276e+00 4.077353923798813368e-02
3.076000000000000000e+03 1.213698446049776170e+00 4.099070096630498539e-02
3.111000000000000000e+03 1.131039417279102510e+00 4.132442763336482972e-02
3.146000000000000000e+03 1.174492198370305163e+00 4.096272282625711830e-02
3.181000000000000000e+03 1.133311878776082082e+00 4.126037287988368329e-02
3.216000000000000000e+03 1.112264533886509366e+00 4.221714460595871882e-02
3.250000000000000000e+03 9.807051471760268591e-01 4.381533058250832585e-02
3.285000000000000000e+03 1.100487635000759967e+00 4.127301707084077287e-02
3.320000000000000000e+03 1.079848758328787017e+00 4.157487194046404627e-02
3.355000000000000000e+03 1.156346177181731383e+00 5.571154147001778495e-02
3.390000000000000000e+03 1.091424886833236574e+00 4.335343973615052998e-02
3.425000000000000000e+03 1.107863413827886223e+00 4.084089183063486367e-02
3.459000000000000000e+03 1.191034497511013202e+00 4.117772102512225196e-02
3.508000000000000000e+03 1.012352628982204461e+00 4.078737535881595683e-02
3.543000000000000000e+03 1.230383066341304454e+00 4.092899933508049176e-02
3.578000000000000000e+03 1.071742270513110551e+00 4.095586065436453843e-02
3.613000000000000000e+03 1.143682584699533544e+00 4.109238045725503025e-02
3.648000000000000000e+03 1.182182735920630279e+00 4.122723000552773465e-02
3.683000000000000000e+03 1.108225306057701420e+00 4.126204201378348702e-02
3.717000000000000000e+03 1.086360525033200464e+00 4.142962299910069729e-02
3.752000000000000000e+03 1.153141119546287952e+00 4.116796988768740839e-02
3.787000000000000000e+03 1.050545093143761211e+00 4.119147384507247656e-02
3.822000000000000000e+03 1.147339424099099947e+00 4.133388716685119230e-02
3.857000000000000000e+03 1.092328512619873182e+00 4.167675926097941241e-02
3.892000000000000000e+03 1.046721519085107133e+00 4.167668375888883975e-02
3.927000000000000000e+03 1.086170172906641973e+00 4.130999890099153887e-02
3.962000000000000000e+03 1.162561059951914277e+00 4.140601545193984406e-02
3.997000000000000000e+03 1.110495217091706177e+00 4.171104064740622369e-02
4.031000000000000000e+03 1.167726417998370403e+00 4.170802749051442243e-02
4.066000000000000000e+03 1.027304768582952166e+00 4.209091742442434836e-02
4.101000000000000000e+03 1.090173998280156376e+00 4.174360731819667936e-02
4.136000000000000000e+03 1.066267781884541410e+00 4.149887727563243006e-02
4.171000000000000000e+03 1.047643095835757432e+00 4.136325377694158312e-02
4.206000000000000000e+03 1.081945644655560868e+00 4.170757756101068497e-02
4.240000000000000000e+03 1.060482416674060069e+00 4.244117284682340230e-02
4.275000000000000000e+03 1.035411565554780200e+00 4.166414882845886902e-02
4.310000000000000000e+03 1.094506533897723566e+00 4.265195421150790034e-02
4.345000000000000000e+03 1.118977065007318084e+00 4.278149288813684614e-02
4.380000000000000000e+03 1.054504797758662349e+00 4.351747430935378608e-02
4.415000000000000000e+03 1.041745572800466313e+00 4.293914218028899860e-02
4.450000000000000000e+03 1.038039226334110277e+00 4.514527242311405092e-02
4.483000000000000000e+03 1.027094038441877188e+00 4.482226751197768838e-02
4.518000000000000000e+03 1.070849180817712964e+00 4.531303821199304804e-02
4.553000000000000000e+03 1.116981901984415160e+00 4.378884811759470308e-02
4.588000000000000000e+03 9.939616765769458961e-01 4.231802217760938928e-02
4.623000000000000000e+03 1.013335267101518777e+00 4.312102324297578670e-02
4.658000000000000000e+03 1.011940845039675407e+00 4.303967261489313051e-02
4.692000000000000000e+03 1.035243417688351819e+00 4.266198885380736300e-02
4.727000000000000000e+03 1.012563217220910916e+00 4.215624850940144497e-02
4.762000000000000000e+03 1.086355315114122977e+00 4.201402203695554088e-02
4.797000000000000000e+03 1.097867403968490585e+00 4.217108233170352438e-02
4.832000000000000000e+03 1.153421547191651575e+00 4.152422790175307188e-02
4.867000000000000000e+03 9.605269560094531478e-01 4.135750985417847858e-02
4.902000000000000000e+03 1.065959195403342719e+00 4.167513727095968623e-02
4.937000000000000000e+03 9.767146107139502709e-01 4.125498888349786453e-02
4.971000000000000000e+03 1.093489983767709672e+00 4.182436321073637608e-02
5.006000000000000000e+03 1.045266501696626715e+00 4.162417628092924399e-02
5.041000000000000000e+03 1.008053051210795470e+00 4.144715525943612477e-02
5.076000000000000000e+03 1.050588312650192258e+00 4.144514064956043853e-02
5.111000000000000000e+03 1.049639202172210073e+00 4.148643974422701330e-02
5.146000000000000000e+03 1.017353603226378578e+00 4.191436222301759412e-02
5.181000000000000000e+03 1.061820618283046969e+00 4.164272231659865015e-02
5.215000000000000000e+03 9.737799095705338415e-01 4.161969254025057324e-02
5.267000000000000000e+03 1.032539663029726107e+00 4.168764786551370366e-02
5.302000000000000000e+03 1.000904605301014216e+00 4.178250663523888631e-02
5.337000000000000000e+03 1.077133755068322651e+00 4.160244853510617485e-02
5.371000000000000000e+03 1.087386923358147017e+00 4.170839730548069751e-02
5.406000000000000000e+03 1.073153215161802621e+00 4.155638597596896661e-02
5.441000000000000000e+03 9.974603854518537815e-01 4.165585998527606554e-02
5.476000000000000000e+03 9.355077694759781348e-01 4.170764853131986999e-02
5.511000000000000000e+03 9.697214801160867204e-01 4.170244798919459095e-02
5.546000000000000000e+03 1.073188325105439711e+00 4.339605792174645177e-02
5.581000000000000000e+03 9.754369193541003735e-01 4.312372644232194407e-02
5.615000000000000000e+03 9.220649531899431928e-01 4.168340770442876403e-02
5.650000000000000000e+03 1.093379463182901468e+00 4.187523330788099629e-02
5.685000000000000000e+03 9.653153105721687943e-01 4.141485290194799745e-02
5.720000000000000000e+03 9.861902756522169522e-01 4.158588071715042800e-02
5.755000000000000000e+03 9.279310704056205061e-01 4.149873725834450633e-02
5.790000000000000000e+03 1.053043311879616084e+00 4.200035526060621333e-02
5.825000000000000000e+03 9.934874745017834297e-01 4.158799024759460283e-02
5.859000000000000000e+03 9.892854658415531910e-01 4.149855531249324603e-02
5.894000000000000000e+03 9.690710177356790522e-01 4.121941501079046805e-02
5.929000000000000000e+03 9.451356448199765836e-01 4.184477922679816220e-02
5.964000000000000000e+03 1.011348872411748978e+00 4.217962436027906936e-02
5.999000000000000000e+03 9.754086731649126429e-01 4.281540088097776642e-02
6.034000000000000000e+03 9.588416083977847615e-01 4.969336341526149614e-02
6.068000000000000000e+03 1.059931484945036528e+00 4.488281375665264389e-02
6.103000000000000000e+03 9.288870890115299428e-01 4.226093917704464020e-02
6.138000000000000000e+03 9.300944815036402691e-01 4.370030555718826953e-02
6.173000000000000000e+03 9.538697137542027082e-01 4.233157689032359533e-02
6.208000000000000000e+03 1.037325420242901863e+00 4.191451451843118681e-02
6.243000000000000000e+03 9.270941212883798688e-01 4.185759820343044196e-02
6.278000000000000000e+03 1.085220588838889055e+00 4.176954754016960758e-02
6.313000000000000000e+03 9.727488454764912085e-01 4.158887301121225177e-02
6.348000000000000000e+03 9.548542433293172316e-01 4.169353870282658386e-02
6.382000000000000000e+03 8.575049606289525395e-01 4.152415432731582784e-02
6.417000000000000000e+03 9.896868955630904185e-01 4.161654625673090468e-02
6.452000000000000000e+03 9.900536708498511862e-01 4.145940755109337600e-02
6.487000000000000000e+03 9.318331364195190369e-01 4.172055975163604935e-02
6.522000000000000000e+03 9.898093440617040661e-01 4.188606882193240261e-02
6.557000000000000000e+03 1.028946617790331475e+00 4.170234432615019943e-02
6.591000000000000000e+03 1.008421849490630073e+00 4.145557206308124465e-02
6.626000000000000000e+03 8.841996823879011425e-01 4.875027674888939011e-02
6.661000000000000000e+03 9.484771120249321230e-01 4.259567191787062140e-02
6.696000000000000000e+03 9.335026568724731355e-01 4.136838608030815601e-02
6.731000000000000000e+03 8.633102523087876623e-01 4.151529249326367521e-02
6.766000000000000000e+03 9.142175293161943772e-01 4.166944340367796651e-02
6.801000000000000000e+03 9.043898747138552352e-01 4.186044368741574651e-02
6.836000000000000000e+03 8.933712126404036447e-01 4.196746732810360814e-02
6.871000000000000000e+03 9.035385561675609578e-01 4.175539688715230319e-02
6.905000000000000000e+03 1.007361379917170563e+00 4.149483587030097093e-02
6.940000000000000000e+03 8.886180581193973138e-01 4.180363795685194256e-02
6.975000000000000000e+03 9.258572769355879473e-01 4.219091366775895580e-02
7.022000000000000000e+03 8.717087743560752999e-01 4.207310340382999780e-02
7.057000000000000000e+03 9.112530357636495770e-01 4.203701460101146037e-02
7.092000000000000000e+03 8.929394169665463288e-01 4.219192801270908039e-02
7.127000000000000000e+03 9.360421382687807990e-01 4.204297399448288231e-02
7.162000000000000000e+03 8.914051622803285113e-01 4.163496805247023785e-02
7.197000000000000000e+03 9.558185620709809260e-01 4.164450954907563535e-02
7.232000000000000000e+03 9.583712102569016400e-01 4.163051680530679977e-02
7.266000000000000000e+03 9.532016813984878212e-01 4.179841929516656118e-02
7.301000000000000000e+03 8.359714162444754626e-01 4.177743934201112730e-02
7.336000000000000000e+03 9.181280847062504025e-01 4.209837437864014098e-02
7.371000000000000000e+03 8.206731672479211648e-01 4.239431710352050547e-02
7.406000000000000000e+03 8.770390449971352531e-01 4.225969183282368702e-02
7.441000000000000000e+03 7.895434243540975228e-01 4.239110778055527051e-02
7.476000000000000000e+03 9.483945119578436334e-01 4.249913316451987139e-02
7.511000000000000000e+03 9.740324616993810691e-01 4.289820079721956558e-02
7.545000000000000000e+03 7.953032160839451636e-01 4.244913527347609489e-02
7.580000000000000000e+03 8.467730398167309103e-01 4.276703516572435276e-02
7.615000000000000000e+03 7.883399719991011079e-01 4.231597499660338241e-02
7.650000000000000000e+03 8.495720882934517659e-01 4.244743529203936355e-02
7.685000000000000000e+03 8.120979842611363297e-01 4.231586964479952528e-02
7.720000000000000000e+03 8.663374504450030988e-01 4.232389747541159819e-02
7.755000000000000000e+03 8.234241806239971373e-01 4.213437466673500276e-02
7.789000000000000000e+03 8.871279644167601175e-01 4.229197908362460762e-02
7.824000000000000000e+03 8.438152938731716679e-01 4.230992139605053992e-02
7.859000000000000000e+03 8.718751108909722491e-01 4.211763574950587452e-02
7.894000000000000000e+03 8.360512807878555108e-01 4.226885670432387054e-02
7.929000000000000000e+03 8.054590806225169208e-01 4.233218845178093187e-02
7.964000000000000000e+03 8.250166380203902694e-01 4.235817516609383104e-02
7.999000000000000000e+03 8.591788669636182263e-01 4.234040283958166728e-02
8.034000000000000000e+03 7.903842635185824861e-01 4.228432117962321879e-02
8.069000000000000000e+03 8.835735199271552709e-01 4.221548156529574686e-02
8.104000000000000000e+03 7.746131025765609079e-01 4.257922334516785201e-02
8.138000000000000000e+03 8.542884008760166514e-01 4.248382060718267766e-02
8.173000000000000000e+03 8.213260508927727743e-01 4.255249685855882341e-02
8.208000000000000000e+03 8.766292156402610836e-01 4.231831411334361498e-02
8.243000000000000000e+03 8.237227067180316054e-01 4.220354860303381778e-02
8.278000000000000000e+03 8.276424984100713145e-01 4.251389137282805819e-02
8.313000000000000000e+03 7.941542682061081271e-01 4.256768375465485449e-02
8.348000000000000000e+03 7.907446776633729746e-01 4.223944557847166686e-02
8.383000000000000000e+03 7.616855713171729603e-01 4.246377124634012623e-02
8.418000000000000000e+03 7.813539250869224739e-01 4.248499104097555601e-02
8.453000000000000000e+03 8.127087755611515085e-01 4.246794421558937327e-02
8.487000000000000000e+03 7.588629445565286957e-01 4.241780867773184416e-02
8.522000000000000000e+03 8.264013948355016792e-01 4.266810322284150803e-02
8.557000000000000000e+03 8.430610619883198709e-01 4.246628515139594384e-02
8.592000000000000000e+03 8.788507407618388889e-01 4.262174664965015514e-02
8.627000000000000000e+03 7.293892379854762797e-01 4.244482062422297308e-02
8.662000000000000000e+03 7.486532301670423273e-01 4.256746468663064747e-02
8.697000000000000000e+03 8.110873837404700692e-01 4.270043886325452370e-02
8.731000000000000000e+03 7.504879150300668433e-01 4.302176998735594143e-02
8.777000000000000000e+03 7.565347574240921524e-01 4.279009011987648659e-02
8.812000000000000000e+03 7.694891959449784435e-01 4.302408820057442018e-02
8.847000000000000000e+03 7.889138662437075178e-01 4.329141400103601184e-02
8.882000000000000000e+03 8.098821560258753216e-01 4.330411548788871967e-02
8.917000000000000000e+03 7.608738066033738923e-01 4.314274040427253792e-02
8.952000000000000000e+03 8.057206250214560272e-01 4.277742023125363086e-02
8.986000000000000000e+03 7.921506452602303794e-01 4.278050555974960423e-02
9.021000000000000000e+03 7.414096022270951769e-01 4.317783172429226490e-02
9.056000000000000000e+03 8.123044401331267483e-01 4.299631918999897301e-02
9.091000000000000000e+03 8.440153465394083510e-01 4.307458693308013203e-02
9.126000000000000000e+03 8.869409214737900005e-01 4.329163130299445300e-02
9.161000000000000000e+03 7.864416392894225671e-01 4.329692940842800458e-02
9.196000000000000000e+03 8.447996762936963444e-01 4.309277536974550488e-02
9.231000000000000000e+03 8.144361225497678269e-01 4.367679109817992206e-02
9.265000000000000000e+03 7.874712776024791472e-01 4.347292170532264521e-02
9.300000000000000000e+03 8.167308393815556622e-01 2.757061750306524436e-02
9.335000000000000000e+03 8.434967505700501356e-01 2.758656715791376127e-02
9.370000000000000000e+03 8.288740241751105797e-01 2.753845184181899150e-02
9.405000000000000000e+03 8.697701126488051049e-01 2.758733213783536031e-02
9.440000000000000000e+03 9.094930215168053333e-01 2.777092309941915985e-02
9.475000000000000000e+03 8.235563762160197365e-01 2.766246755826821599e-02
9.510000000000000000e+03 8.279479085775349745e-01 2.767731574763612409e-02
9.545000000000000000e+03 8.363280610669464599e-01 2.791673424965586750e-02
9.580000000000000000e+03 8.580174083361031823e-01 2.762831576100219927e-02
9.615000000000000000e+03 7.777655350917553889e-01 2.757684824303961724e-02
9.649000000000000000e+03 8.566211783371084909e-01 2.772391245264939699e-02
9.684000000000000000e+03 7.900930798860058557e-01 2.748714868292626359e-02
9.719000000000000000e+03 8.365585535325570365e-01 2.774687231980057026e-02
9.754000000000000000e+03 8.539481372000706783e-01 2.767895965645732204e-02
9.789000000000000000e+03 8.418843347520545972e-01 2.775264761746280145e-02
9.824000000000000000e+03 8.498859646043442906e-01 2.769820385643516000e-02
9.859000000000000000e+03 8.346853236158606748e-01 2.773195862095224895e-02
9.893000000000000000e+03 8.758496578762640095e-01 2.781980458231598716e-02
9.928000000000000000e+03 9.092249909752634363e-01 2.791550375530806732e-02
9.963000000000000000e+03 8.593496288981672393e-01 2.785203418433702255e-02
9.998000000000000000e+03 8.554181358997775542e-01 2.755170531069608270e-02
1.003300000000000000e+04 8.432478012007572632e-01 2.760785781562891811e-02
1.006800000000000000e+04 8.758668250767593921e-01 2.767587827885271620e-02
1.010300000000000000e+04 8.274023900834800438e-01 2.794199303085222533e-02
1.013800000000000000e+04 8.598815636181690314e-01 2.789010159846617293e-02
1.017200000000000000e+04 8.673007247041747414e-01 2.783498144701894439e-02
1.020700000000000000e+04 8.833627612784633598e-01 2.775014541605175244e-02
1.024200000000000000e+04 8.578054985360201723e-01 2.783743372179084408e-02
1.027700000000000000e+04 9.083733674941055769e-01 2.784033113502348833e-02
1.031200000000000000e+04 8.446005931909473796e-01 2.776530283101290644e-02
1.034700000000000000e+04 9.330313379873138580e-01 2.793097826536132880e-02
1.038100000000000000e+04 9.681719486171134204e-01 2.787597109134318935e-02
1.041600000000000000e+04 8.698717051106157339e-01 2.811823300977548540e-02
1.045100000000000000e+04 9.070226627677591136e-01 2.824966431292745203e-02
1.048600000000000000e+04 9.010454583581664068e-01 2.807782357238520349e-02
1.052800000000000000e+04 8.550638257012148635e-01 2.795820509230903181e-02
1.056300000000000000e+04 8.769030571071539937e-01 2.795856032414103381e-02
1.059800000000000000e+04 8.298978760327803128e-01 2.791486194290652631e-02
1.063300000000000000e+04 9.180129359755957452e-01 2.771784687783646409e-02
1.066800000000000000e+04 8.881974263148527671e-01 2.788632577312467886e-02
1.070300000000000000e+04 9.357752044812213121e-01 2.802076789104457344e-02
1.073800000000000000e+04 8.995023859879325290e-01 2.796837050218848458e-02
1.077200000000000000e+04 9.482837972111749503e-01 2.768544710056421859e-02
1.080700000000000000e+04 9.078422548708852124e-01 2.780530052006682795e-02
1.084200000000000000e+04 9.351311678481071255e-01 2.791021627439428318e-02
1.087700000000000000e+04 9.384616579725374441e-01 2.800323367816100195e-02
1.091200000000000000e+04 9.458320412050988946e-01 2.806884693958406132e-02
1.094700000000000000e+04 1.003171802017647218e+00 2.803838683127724690e-02
1.098200000000000000e+04 9.572342040164727450e-01 2.790574847661005803e-02
1.101700000000000000e+04 9.846546364948033370e-01 2.787727746087311984e-02
1.105100000000000000e+04 9.093242053724697183e-01 2.778899569337046904e-02
1.108600000000000000e+04 9.417906107280262784e-01 2.778342681464753341e-02
1.112100000000000000e+04 8.952007234794738810e-01 2.781403799053512940e-02
1.115600000000000000e+04 9.191582861116921466e-01 2.814302964171890714e-02
1.119100000000000000e+04 9.114270005789518736e-01 2.815224824633739964e-02
1.122600000000000000e+04 8.811278640174500243e-01 2.832310693241613456e-02
1.126100000000000000e+04 9.537327529526148373e-01 2.855176771496725774e-02
1.129600000000000000e+04 9.422057470302969140e-01 2.864116812922485808e-02
1.133000000000000000e+04 9.384721317447727307e-01 2.954346331974989567e-02
1.136500000000000000e+04 9.607589769009838854e-01 2.893573419349138726e-02
1.140000000000000000e+04 9.406176411995308406e-01 2.901601309176802743e-02
1.143500000000000000e+04 8.950138695316769422e-01 2.866870552189030794e-02
1.147000000000000000e+04 9.672030910751335808e-01 2.897879410357579941e-02
1.150500000000000000e+04 9.491315187156844635e-01 2.901519702614166821e-02
1.153900000000000000e+04 9.695872826679272638e-01 2.894078703893225232e-02
1.157400000000000000e+04 1.018999691123503526e+00 2.930397055852528715e-02
1.160900000000000000e+04 1.024031322605993610e+00 2.930551169512534207e-02
1.164400000000000000e+04 1.047453086904351682e+00 2.937368290092059325e-02
1.167900000000000000e+04 1.087640671376063795e+00 2.935493198838866682e-02
1.171400000000000000e+04 1.040820317011165619e+00 2.938547795247492198e-02
1.174900000000000000e+04 1.015616694072039250e+00 2.954050763068537602e-02
1.178400000000000000e+04 1.020930009350477174e+00 2.938310077654330763e-02
1.181800000000000000e+04 9.746834289268718754e-01 2.936339903990154571e-02
1.185300000000000000e+04 1.022211314440321761e+00 2.957543922725411334e-02
1.188800000000000000e+04 9.926273743271639693e-01 2.949231785650780618e-02
1.192300000000000000e+04 9.990953946989856727e-01 2.958075006342698876e-02
1.195800000000000000e+04 9.855491877957724967e-01 2.952664869575342271e-02
1.199300000000000000e+04 1.015552262372435788e+00 2.950122377579057764e-02
1.202800000000000000e+04 1.005864443731477209e+00 2.948572322470483301e-02
1.206200000000000000e+04 1.005312641866459522e+00 2.945175999269760911e-02
1.209700000000000000e+04 9.762384185249395330e-01 2.950579537760092061e-02
1.213200000000000000e+04 9.928957462198007011e-01 2.967817955753021888e-02
1.216700000000000000e+04 1.027655710122755028e+00 2.979199741775723567e-02
1.220200000000000000e+04 1.052235252600897564e+00 2.986188606628675801e-02
1.223700000000000000e+04 1.045194330414016104e+00 2.993703243849293177e-02
