0.000000000000000000e+00 1.068237737483824557e+00 6.958458047108900812e-02
3.500000000000000000e+01 1.103166960970991539e+00 6.995844807528597831e-02
6.900000000000000000e+01 1.024849170192318137e+00 7.073805987603960788e-02
1.040000000000000000e+02 9.813290428108599750e-01 7.110894040470031041e-02
1.390000000000000000e+02 1.132932705710805177e+00 7.070792388842446485e-02
1.740000000000000000e+02 9.991948067427235403e-01 7.091524969004600609e-02
2.090000000000000000e+02 9.700578709602684091e-01 7.019876676831264539e-02
2.440000000000000000e+02 1.095227254582129550e+00 7.001207567669245901e-02
2.790000000000000000e+02 1.328124374932848628e+00 7.081820508840509787e-02
3.130000000000000000e+02 1.090706441328081144e+00 7.076002643756078292e-02
3.480000000000000000e+02 9.860845256996951802e-01 7.153084601784477636e-02
3.830000000000000000e+02 1.039517423236146154e+00 7.219387079146839803e-02
4.180000000000000000e+02 1.105240098943792493e+00 7.168918022904489928e-02
4.530000000000000000e+02 9.438379612811099717e-01 7.249781464883001125e-02
4.870000000000000000e+02 9.952731750811527611e-01 7.189689206228305762e-02
5.220000000000000000e+02 9.427252859937668150e-01 7.240605503429553558e-02
5.570000000000000000e+02 1.004317585378542210e+00 7.273130003181317582e-02
5.920000000000000000e+02 9.108857677763089189e-01 7.192549495707557805e-02
6.260000000000000000e+02 1.029691200623349623e+00 7.220743882057886753e-02
6.610000000000000000e+02 9.952587089932948272e-01 7.148494315359835150e-02
6.960000000000000000e+02 1.108246783627617083e+00 7.219303104610667876e-02
7.310000000000000000e+02 9.606627065877334504e-01 7.197088482681773813e-02
7.660000000000000000e+02 9.968373842528525097e-01 7.187986848489337499e-02
8.000000000000000000e+02 9.577041755649823296e-01 7.154078178655286224e-02
8.350000000000000000e+02 1.007988926080221281e+00 7.222105472423397121e-02
8.700000000000000000e+02 1.077269662531213701e+00 7.283069046244500244e-02
9.050000000000000000e+02 1.061770121863166771e+00 7.184863220916756776e-02
9.390000000000000000e+02 1.026648761804077825e+00 7.221860943414674938e-02
9.740000000000000000e+02 8.807186300855985861e-01 7.280025240185673818e-02
1.009000000000000000e+03 8.397726402650174116e-01 7.359888815136193807e-02
1.044000000000000000e+03 1.052373455650438050e+00 7.397468981668089971e-02
1.078000000000000000e+03 9.691844746791800080e-01 7.291406130290946364e-02
1.113000000000000000e+03 9.838782860641199779e-01 7.346236783815612847e-02
1.148000000000000000e+03 8.552847169004181849e-01 7.338716924192600910e-02
1.183000000000000000e+03 1.107864604984696966e+00 7.362189418270803642e-02
1.218000000000000000e+03 9.019699106257502708e-01 7.366999412111956136e-02
1.253000000000000000e+03 1.075974059314244613e+00 7.440480196987801775e-02
1.287000000000000000e+03 9.783472128586633287e-01 7.361137290891588136e-02
1.322000000000000000e+03 9.996125767966270725e-01 7.410409244566890097e-02
1.357000000000000000e+03 9.370995720043180377e-01 7.434931243359030328e-02
1.392000000000000000e+03 9.144879036272178796e-01 7.397622579294527156e-02
1.427000000000000000e+03 9.841939565550018587e-01 7.348089052294536072e-02
1.461000000000000000e+03 9.443493240508652464e-01 7.464775467512291263e-02
1.496000000000000000e+03 9.204775578676629433e-01 7.440241188218514601e-02
1.531000000000000000e+03 8.425228031855354072e-01 7.475228391437742370e-02
1.566000000000000000e+03 9.253070089203080384e-01 7.484253219246662925e-02
1.600000000000000000e+03 7.550721097100134838e-01 7.506657136292996246e-02
1.635000000000000000e+03 7.976276882906958576e-01 7.419673848737512456e-02
1.670000000000000000e+03 9.505636417347035350e-01 7.542389041697976360e-02
1.705000000000000000e+03 8.983613032187073300e-01 7.583838508686420454e-02
1.760000000000000000e+03 1.079079515917482412e+00 7.623283323486024221e-02
1.795000000000000000e+03 8.622735003360416650e-01 7.572226573180149134e-02
1.830000000000000000e+03 9.719453870434101583e-01 7.588703112689285102e-02
1.865000000000000000e+03 9.351669764200459811e-01 7.562591441430477346e-02
1.900000000000000000e+03 9.934262551935794106e-01 7.526613957973350699e-02
1.934000000000000000e+03 8.827862894171057961e-01 7.665344013549207913e-02
1.969000000000000000e+03 8.125224736515012092e-01 7.708404490589447489e-02
2.004000000000000000e+03 9.291364047724745001e-01 7.710086691444612006e-02
2.039000000000000000e+03 8.778403418017833859e-01 7.713692141933371771e-02
2.074000000000000000e+03 1.057393142470249625e+00 7.738653315852919712e-02
2.108000000000000000e+03 1.019168533862270909e+00 7.755800240613938690e-02
2.143000000000000000e+03 9.183084978948240495e-01 7.637162887793530475e-02
2.178000000000000000e+03 7.913978355671286158e-01 7.592723557305824933e-02
2.213000000000000000e+03 9.116357694870697026e-01 7.673402606267841486e-02
2.248000000000000000e+03 9.258357147325703140e-01 7.660474161458047382e-02
2.282000000000000000e+03 9.125277784843850437e-01 7.654244998210543716e-02
2.317000000000000000e+03 9.765893036215711476e-01 7.651483259340692566e-02
2.352000000000000000e+03 8.115600265313747119e-01 7.669264697620742366e-02
2.387000000000000000e+03 9.065488702061239579e-01 7.743228512482518144e-02
2.422000000000000000e+03 8.344927538183392057e-01 7.720848393701468249e-02
2.456000000000000000e+03 1.036154321336147932e+00 7.671145806588035299e-02
2.491000000000000000e+03 8.418448494291217443e-01 7.631736859194174216e-02
2.526000000000000000e+03 8.897817265139235099e-01 7.737338157747260248e-02
2.561000000000000000e+03 1.017820753237325793e+00 7.758308597573820853e-02
2.596000000000000000e+03 9.463102374701598540e-01 7.717888292161198538e-02
2.631000000000000000e+03 9.293726637069158469e-01 7.683507209628109846e-02
2.665000000000000000e+03 1.000387423203372927e+00 7.677506268374875709e-02
2.700000000000000000e+03 8.926703313629866798e-01 7.686044831927803245e-02
2.735000000000000000e+03 8.285997130666512556e-01 7.748535325893618486e-02
2.770000000000000000e+03 8.554527202002615294e-01 7.634740202961864952e-02
2.805000000000000000e+03 8.860217281684745760e-01 7.720206177965258099e-02
2.839000000000000000e+03 1.013584320147143725e+00 7.723870063387372475e-02
2.874000000000000000e+03 1.094720749509416224e+00 7.788170258797183498e-02
2.909000000000000000e+03 1.053309204425888268e+00 7.842807804784664161e-02
2.944000000000000000e+03 9.405620345353867817e-01 7.804015345471787546e-02
2.979000000000000000e+03 1.164900713285528022e+00 7.839294361732035421e-02
3.013000000000000000e+03 1.172685764079538728e+00 7.891042751239578379e-02
3.048000000000000000e+03 1.043050875637330677e+00 7.826505591388661920e-02
3.083000000000000000e+03 1.037655032471999306e+00 7.941291794791649483e-02
3.118000000000000000e+03 1.100695529480759438e+00 7.947003300340176046e-02
3.152000000000000000e+03 1.038063638414804313e+00 7.910797259585504448e-02
3.187000000000000000e+03 1.016511045519674861e+00 7.952432762308116188e-02
3.222000000000000000e+03 1.083838971219195368e+00 8.035113550166922414e-02
3.257000000000000000e+03 1.001453997589617950e+00 7.986519145140064113e-02
3.292000000000000000e+03 9.904434929477549110e-01 7.967937869083727143e-02
3.327000000000000000e+03 8.688225306814550963e-01 7.954697764797011295e-02
3.361000000000000000e+03 9.645131088511096351e-01 8.068313598842322132e-02
3.396000000000000000e+03 1.069015386707148352e+00 8.031399714057622929e-02
3.431000000000000000e+03 8.967810340334746444e-01 8.041730753545744959e-02
3.466000000000000000e+03 9.229730300790411901e-01 7.963888511072156340e-02
3.511000000000000000e+03 1.118214751008416163e+00 8.134011624517790973e-02
3.546000000000000000e+03 9.726840624888983822e-01 8.165548490747021049e-02
3.581000000000000000e+03 1.080906041798124440e+00 8.206134431865591550e-02
3.615000000000000000e+03 1.071842521522917036e+00 8.113731110500402299e-02
3.650000000000000000e+03 1.074609278686622149e+00 8.194599098756923106e-02
3.685000000000000000e+03 8.726218867635728849e-01 8.143809042996534575e-02
3.720000000000000000e+03 9.880989981456271831e-01 8.124979922336822424e-02
3.754000000000000000e+03 8.583606190686619009e-01 8.206409760780804252e-02
3.789000000000000000e+03 8.203749530973812876e-01 8.209849980897122868e-02
3.824000000000000000e+03 8.309428517616672671e-01 8.591610488399308021e-02
3.859000000000000000e+03 1.111636895604299680e+00 8.909309217694989791e-02
3.894000000000000000e+03 8.207133803585365817e-01 8.220690627004426099e-02
3.928000000000000000e+03 8.474439924751759889e-01 8.215320590839650383e-02
3.963000000000000000e+03 7.988837170964042667e-01 8.364800339878045166e-02
3.998000000000000000e+03 1.064456057539980627e+00 8.055798386336635031e-02
4.033000000000000000e+03 8.688560963541545057e-01 8.298329857480797600e-02
4.068000000000000000e+03 7.651112665709435268e-01 8.154772115394601228e-02
4.102000000000000000e+03 9.002858784428728889e-01 8.231290487637048237e-02
4.137000000000000000e+03 7.421295897283004539e-01 8.141007410415497525e-02
4.172000000000000000e+03 9.705916934945302277e-01 8.055427452482967488e-02
4.207000000000000000e+03 8.314278876414551434e-01 8.183510368656475575e-02
4.242000000000000000e+03 8.163620037885046532e-01 8.068702739957013537e-02
4.276000000000000000e+03 9.874881848573857646e-01 8.284583212895860194e-02
4.311000000000000000e+03 8.392922724194397111e-01 8.232176071532236461e-02
4.346000000000000000e+03 8.796454868208651856e-01 8.317222151948878983e-02
4.381000000000000000e+03 1.015388496922751793e+00 8.333766384545962524e-02
4.416000000000000000e+03 9.145406529296686848e-01 8.284652302519285305e-02
4.450000000000000000e+03 7.599420502513076769e-01 8.479403332727132592e-02
4.485000000000000000e+03 8.990713047850860118e-01 8.441590740391964609e-02
4.520000000000000000e+03 8.426680571870498460e-01 8.404169961956403645e-02
4.555000000000000000e+03 8.129538688932080870e-01 8.407722718311301524e-02
4.590000000000000000e+03 9.641124205314434148e-01 8.296417014052508143e-02
4.624000000000000000e+03 7.061559005974558101e-01 8.336160832007299959e-02
4.659000000000000000e+03 9.653670442377165761e-01 8.312527333408185892e-02
4.694000000000000000e+03 8.290899833177958200e-01 8.393801797561664668e-02
4.729000000000000000e+03 6.305483947951499024e-01 8.439230054027636874e-02
4.764000000000000000e+03 7.614799895431252352e-01 8.498591967541276049e-02
4.798000000000000000e+03 6.260775688298712005e-01 8.517811859202258085e-02
4.833000000000000000e+03 9.642145948898491747e-01 8.493814739737592934e-02
4.868000000000000000e+03 7.673422742479538705e-01 8.475613603428040765e-02
4.903000000000000000e+03 7.755382170052794732e-01 8.445035775026554781e-02
4.938000000000000000e+03 8.960070979246399503e-01 8.435530398126556140e-02
4.972000000000000000e+03 9.956592436159202864e-01 8.378946752016062927e-02
5.007000000000000000e+03 8.802314848153028892e-01 8.312775629626560636e-02
5.042000000000000000e+03 8.387596807406264565e-01 8.521094778255201840e-02
5.077000000000000000e+03 8.979563276773460112e-01 8.700569158690218963e-02
5.111000000000000000e+03 7.748135740521869819e-01 8.528126065838009806e-02
5.146000000000000000e+03 7.255115833146801307e-01 8.442361772468320869e-02
5.181000000000000000e+03 8.567138605149436925e-01 8.651822427216536437e-02
5.216000000000000000e+03 9.440265017021299832e-01 8.422589621383903824e-02
5.260000000000000000e+03 1.056186181858485007e+00 8.557826571590954057e-02
5.295000000000000000e+03 9.679111321853346439e-01 8.514887567830568826e-02
5.330000000000000000e+03 7.369384872547954934e-01 8.451311438436659440e-02
5.365000000000000000e+03 7.201541920100824612e-01 8.672894485564366929e-02
5.400000000000000000e+03 9.353220418962621130e-01 8.396130187058048477e-02
5.434000000000000000e+03 8.547195595243144428e-01 8.394682557427542158e-02
5.469000000000000000e+03 9.151919373136430114e-01 8.409599273199559744e-02
5.504000000000000000e+03 6.952320976368508987e-01 8.351554694293587822e-02
5.539000000000000000e+03 9.677366602167658538e-01 8.530953944035112035e-02
5.573000000000000000e+03 9.400906420632348937e-01 8.367853157232238437e-02
5.608000000000000000e+03 1.035052494083164243e+00 8.479435337036311804e-02
5.643000000000000000e+03 1.020144964723031178e+00 8.461840418728910906e-02
5.678000000000000000e+03 9.831639323518647222e-01 8.474009432715490231e-02
5.713000000000000000e+03 9.109626165748450077e-01 8.541214593275470168e-02
5.747000000000000000e+03 1.011175414168474340e+00 8.524287991863564729e-02
5.782000000000000000e+03 9.204966536937606580e-01 8.604614875453769907e-02
5.817000000000000000e+03 1.098908189793662782e+00 8.759746161719428326e-02
5.852000000000000000e+03 1.038128984045420644e+00 8.864587868440865215e-02
5.887000000000000000e+03 8.850960752661705122e-01 8.838127951081846401e-02
5.922000000000000000e+03 8.863119433208385134e-01 8.780929167920548117e-02
5.956000000000000000e+03 1.045865320215102923e+00 8.907773312404433652e-02
5.991000000000000000e+03 7.946634638644682891e-01 8.872255761605972457e-02
6.026000000000000000e+03 7.825930632255666541e-01 8.980318817916890795e-02
6.061000000000000000e+03 8.077768603788644253e-01 9.081272494703225562e-02
6.096000000000000000e+03 1.056713437806791500e+00 9.278986848171802415e-02
6.130000000000000000e+03 1.006261213794956033e+00 9.207080723552391044e-02
6.165000000000000000e+03 9.597547145311062788e-01 9.329641307394655192e-02
6.200000000000000000e+03 6.878014364666932279e-01 9.341093488049680149e-02
6.235000000000000000e+03 1.121013853384413617e+00 9.488613255973217531e-02
6.269000000000000000e+03 9.460057510047487073e-01 9.447810955458993409e-02
6.304000000000000000e+03 8.610333438167608877e-01 9.435032215182440063e-02
6.339000000000000000e+03 9.630983491449793821e-01 9.641396549846124875e-02
6.374000000000000000e+03 9.896227624620719254e-01 9.472595179351028793e-02
6.409000000000000000e+03 8.528228976811816908e-01 9.696176671565136240e-02
6.443000000000000000e+03 9.842988141469650731e-01 9.804837337700175737e-02
6.478000000000000000e+03 1.078878210035288054e+00 9.677026415314311791e-02
6.513000000000000000e+03 9.820849259642198126e-01 9.743369234847146232e-02
6.548000000000000000e+03 8.552614676964103158e-01 9.684920904743456183e-02
6.583000000000000000e+03 1.140932914348896432e+00 9.919288123008977720e-02
6.617000000000000000e+03 9.452191710023739590e-01 9.891643269161101704e-02
6.652000000000000000e+03 9.168953070679026762e-01 9.836674960643161658e-02
6.687000000000000000e+03 1.020320274022231910e+00 9.866608510098941187e-02
6.722000000000000000e+03 8.332789412078602798e-01 9.945868213985088746e-02
6.757000000000000000e+03 8.836546949121306671e-01 9.799496859903497614e-02
6.792000000000000000e+03 8.267927599037868669e-01 9.756130534681449473e-02
6.826000000000000000e+03 1.108381383229350092e+00 9.860619123291794463e-02
6.861000000000000000e+03 1.133233546692809401e+00 9.861029213352294487e-02
6.896000000000000000e+03 7.116796189622967006e-01 9.788074520533945888e-02
6.931000000000000000e+03 8.021158563669019692e-01 9.929045684273399286e-02
6.965000000000000000e+03 1.162157697713112503e+00 9.938468133133308846e-02
7.008000000000000000e+03 1.224364587109404434e+00 1.016760437194103445e-01
7.043000000000000000e+03 8.722823165910261745e-01 9.912836889243378802e-02
7.077000000000000000e+03 1.047417854222643996e+00 1.018008666036082921e-01
7.112000000000000000e+03 7.798902033518496646e-01 1.005126622724910046e-01
7.147000000000000000e+03 9.093481706251992369e-01 1.008803042269337119e-01
7.182000000000000000e+03 9.835320924478677673e-01 1.023577203219691589e-01
7.217000000000000000e+03 8.012679381762208841e-01 1.036191841386360085e-01
7.251000000000000000e+03 9.024691757732530295e-01 1.008282888099435448e-01
7.286000000000000000e+03 9.344433514956165254e-01 1.014433405401586191e-01
7.321000000000000000e+03 9.298186329782979209e-01 1.006086294705743900e-01
7.356000000000000000e+03 7.683285464992511971e-01 1.022223010459314546e-01
7.390000000000000000e+03 1.095845447087341107e+00 1.013901307218908338e-01
7.425000000000000000e+03 8.018561808417223880e-01 1.020383588895624333e-01
7.460000000000000000e+03 9.450190099558021251e-01 1.011655545315670035e-01
7.495000000000000000e+03 8.397992114389462026e-01 1.019500687681666462e-01
7.530000000000000000e+03 8.009062382816292125e-01 1.029240609293295833e-01
7.564000000000000000e+03 9.903733769384972518e-01 1.026559777426776371e-01
7.599000000000000000e+03 1.135219760931994726e+00 1.041547080134199998e-01
7.634000000000000000e+03 9.229727879650836408e-01 1.024284092117940526e-01
7.669000000000000000e+03 1.015020698000559607e+00 1.032729959153140115e-01
7.704000000000000000e+03 8.040809084649970240e-01 1.016357652354763358e-01
7.739000000000000000e+03 7.636218744598557429e-01 1.012551887086701879e-01
7.773000000000000000e+03 8.658077827476030608e-01 1.017765703923208531e-01
7.808000000000000000e+03 9.408628516510623152e-01 1.012193995698937449e-01
7.843000000000000000e+03 1.215577679771883135e+00 1.020669218413411128e-01
7.878000000000000000e+03 9.640257691638584037e-01 9.993224348626524034e-02
7.912000000000000000e+03 9.023231039364008055e-01 1.016322834644078632e-01
7.947000000000000000e+03 7.954306419807932738e-01 1.003791106462226523e-01
7.982000000000000000e+03 9.841714001303867310e-01 1.012976553045823319e-01
8.017000000000000000e+03 1.127341148608115518e+00 1.010552917317112387e-01
8.051000000000000000e+03 6.899480910255715305e-01 1.010924677887337503e-01
8.086000000000000000e+03 9.082394465089500546e-01 1.022445049159075858e-01
8.121000000000000000e+03 1.035021783907842829e+00 1.058165167947252433e-01
8.156000000000000000e+03 1.256527654738663902e+00 1.081190262202273850e-01
8.191000000000000000e+03 1.140594454421576254e+00 1.076750002888861163e-01
8.226000000000000000e+03 8.292286579335053087e-01 1.052900078054839622e-01
8.260000000000000000e+03 1.148241800546027314e+00 1.059666858435212022e-01
8.295000000000000000e+03 1.035375997357168343e+00 1.066338717050152596e-01
8.330000000000000000e+03 9.555730441960594845e-01 1.051116346926361800e-01
8.365000000000000000e+03 9.655562042163642333e-01 1.061418519417097472e-01
8.400000000000000000e+03 1.146312552546321584e+00 1.069806643979443472e-01
8.435000000000000000e+03 1.254700978574532222e+00 1.072758904536596364e-01
8.469000000000000000e+03 1.261835538709854321e+00 1.077704029490623716e-01
8.504000000000000000e+03 1.278084103890371637e+00 1.093871765832212656e-01
8.539000000000000000e+03 1.152580104603954103e+00 1.105645088437651608e-01
8.574000000000000000e+03 1.292463552536060156e+00 1.130155880123651230e-01
8.608000000000000000e+03 1.316207508279551464e+00 1.148166013134523933e-01
8.643000000000000000e+03 1.071095976125512328e+00 1.150810673410241486e-01
8.678000000000000000e+03 1.390164163888321092e+00 1.210034536563864421e-01
8.713000000000000000e+03 1.475959598253217653e+00 1.266720141728452653e-01
8.759000000000000000e+03 9.651684338261811158e-01 1.329419152884181998e-01
8.794000000000000000e+03 1.129581284976396649e+00 1.345688927020040337e-01
8.829000000000000000e+03 1.255759812088973248e+00 1.339335758127398746e-01
8.863000000000000000e+03 1.319955007217785026e+00 1.340018319632831634e-01
8.898000000000000000e+03 1.201880145035485903e+00 1.364640554979293652e-01
8.933000000000000000e+03 1.303630878943455418e+00 1.343504547036820096e-01
8.968000000000000000e+03 1.423709461020204792e+00 1.306540615150553197e-01
9.003000000000000000e+03 1.490357664224694512e+00 1.325457841981697305e-01
9.037000000000000000e+03 1.225755746155892112e+00 1.302241450333205819e-01
9.072000000000000000e+03 9.986025971997154471e-01 1.334325395814454640e-01
9.107000000000000000e+03 1.170018264060728175e+00 1.309903341055274895e-01
9.142000000000000000e+03 1.366435081418044151e+00 1.251320505101349290e-01
9.177000000000000000e+03 1.060126568894107502e+00 1.211924286767978726e-01
9.212000000000000000e+03 1.364591005983877281e+00 1.175859531184659940e-01
9.247000000000000000e+03 9.989256003819787511e-01 1.154454127532770491e-01
9.282000000000000000e+03 1.272858489214810707e+00 1.131377124027228703e-01
9.316000000000000000e+03 1.162353289049657956e+00 1.150819783033359411e-01
9.351000000000000000e+03 1.213193393612475912e+00 1.140250480585432574e-01
9.386000000000000000e+03 1.087368386588400293e+00 1.126145792943873125e-01
9.421000000000000000e+03 1.362257473924572748e+00 1.147306375986932997e-01
9.455000000000000000e+03 1.055115289077296792e+00 1.150644733056832153e-01
9.490000000000000000e+03 1.273541146939246804e+00 1.143917107010404000e-01
9.525000000000000000e+03 1.002253135811274287e+00 1.139772980911287342e-01
9.560000000000000000e+03 1.088311975398738918e+00 1.144257117239515648e-01
9.595000000000000000e+03 1.106987837947607689e+00 1.125960209889476649e-01
9.629000000000000000e+03 1.215271617476338939e+00 1.125421945462167783e-01
9.664000000000000000e+03 1.325178440811547009e+00 1.116841564242203599e-01
9.699000000000000000e+03 1.315674084759888673e+00 1.107387688558527650e-01
9.734000000000000000e+03 1.208749735870432662e+00 1.112960150370457812e-01
9.769000000000000000e+03 1.019931595224912835e+00 1.103249600039777067e-01
9.804000000000000000e+03 1.059830405553363164e+00 1.115071843691124720e-01
9.838000000000000000e+03 1.030634129194472726e+00 1.095182908520808129e-01
9.873000000000000000e+03 1.179501455828724454e+00 1.116963857752310274e-01
9.908000000000000000e+03 1.272830622575461756e+00 1.111531986578787601e-01
9.943000000000000000e+03 1.205424164538375420e+00 1.059247744145317555e-01
9.978000000000000000e+03 1.116948164848368341e+00 1.029514275974889037e-01
1.001200000000000000e+04 1.338036552846421534e+00 1.020650779213018167e-01
1.004700000000000000e+04 1.345138912469596493e+00 1.018062160009536032e-01
1.008200000000000000e+04 1.396409482825670567e+00 1.030674243534361184e-01
1.011700000000000000e+04 1.372751205947431163e+00 1.019383256468314319e-01
1.015100000000000000e+04 1.098094458777683302e+00 1.030600865959136470e-01
1.018600000000000000e+04 1.048981916888313215e+00 1.029318381524940706e-01
1.022100000000000000e+04 1.040691223994946624e+00 1.030960391514525176e-01
1.025600000000000000e+04 1.055759395042049631e+00 1.035898573870158712e-01
1.029100000000000000e+04 1.074237571027342186e+00 1.017580253450470901e-01
1.032500000000000000e+04 1.094434592139332807e+00 1.018886594077159924e-01
1.036000000000000000e+04 1.194653368338096877e+00 1.005011832584403325e-01
1.039500000000000000e+04 1.364887180407386547e+00 1.019552748079550764e-01
1.043000000000000000e+04 1.174438698600245745e+00 1.006428195502300504e-01
1.046500000000000000e+04 8.162811815543904448e-01 1.020540453602395564e-01
1.050800000000000000e+04 7.786554918276147319e-01 1.019942572371344974e-01
1.054300000000000000e+04 1.085094564006170437e+00 1.036502860043662516e-01
1.057800000000000000e+04 1.096828170520630641e+00 1.021347700295779787e-01
1.061200000000000000e+04 1.157657729221727827e+00 1.026496351168825483e-01
1.064700000000000000e+04 1.130745797417971987e+00 1.020225893191674116e-01
1.068200000000000000e+04 1.147395632105367547e+00 1.029384547874010181e-01
1.071700000000000000e+04 1.366363070676056335e+00 1.031630052164970029e-01
1.075100000000000000e+04 1.031634351628098356e+00 1.027100888052627226e-01
1.078600000000000000e+04 1.191210879898558783e+00 1.017547694426183397e-01
1.082100000000000000e+04 1.019665636474018422e+00 1.026013575079639251e-01
1.085600000000000000e+04 1.223485062900197873e+00 1.029676512145535211e-01
1.089000000000000000e+04 1.037653771998387597e+00 1.037215806352586589e-01
1.092500000000000000e+04 1.219517712853195768e+00 1.043609263637185619e-01
1.096000000000000000e+04 1.087539646720209863e+00 1.020075837144602537e-01
1.099500000000000000e+04 1.106580744890977464e+00 1.048620351404304513e-01
1.103000000000000000e+04 1.237826414182458867e+00 1.039410245847240122e-01
1.106500000000000000e+04 1.239653654345663547e+00 1.026226604537896908e-01
1.109900000000000000e+04 1.311680483791203500e+00 1.047823067727116364e-01
1.113400000000000000e+04 1.021842053530680472e+00 1.042250995105510752e-01
1.116900000000000000e+04 1.324025361699633141e+00 1.052597543500874977e-01
1.120400000000000000e+04 1.225675329837782268e+00 1.051791579463536852e-01
1.123900000000000000e+04 1.168331219130541054e+00 1.057789018957338845e-01
1.127400000000000000e+04 1.189417609277235499e+00 1.060091096736277411e-01
1.130800000000000000e+04 9.501254504751590613e-01 1.055367905009232110e-01
1.134300000000000000e+04 1.230162540570534091e+00 1.038769688914616823e-01
1.137800000000000000e+04 1.289515723767568289e+00 1.065502485574842395e-01
1.141300000000000000e+04 1.108429620947880112e+00 1.077288619680280279e-01
1.144700000000000000e+04 1.059931992107523424e+00 1.067604671877858263e-01
1.148200000000000000e+04 1.055112333363749544e+00 1.066924135687502273e-01
1.151700000000000000e+04 1.211009133073559729e+00 1.059120188535651874e-01
1.155200000000000000e+04 9.518790461296899874e-01 1.058462481632679031e-01
1.158600000000000000e+04 1.240434477839084781e+00 1.069044201559790214e-01
1.162100000000000000e+04 1.052449550068285777e+00 1.072482272266122166e-01
1.165600000000000000e+04 1.112998407862135331e+00 1.056619360894258675e-01
1.169100000000000000e+04 1.011773685116933885e+00 1.043746261807830811e-01
1.172600000000000000e+04 1.014423308509537547e+00 1.061288480784899763e-01
1.176000000000000000e+04 1.259628167732607551e+00 1.051082823828768248e-01
1.179500000000000000e+04 1.297754300994129917e+00 1.076578417729114195e-01
1.183000000000000000e+04 1.314281872849347943e+00 1.087157583482213918e-01
1.186500000000000000e+04 1.124690601474096940e+00 1.071975230818065228e-01
1.189900000000000000e+04 1.245541098044515405e+00 1.096366732237125385e-01
1.193400000000000000e+04 9.522677043770417793e-01 1.088574011691086085e-01
1.196900000000000000e+04 1.375205294735652117e+00 1.108760104934775614e-01
1.200400000000000000e+04 1.150716568508840965e+00 1.101869126784054687e-01
1.203900000000000000e+04 1.262912711371436014e+00 1.105244814117793128e-01
1.207300000000000000e+04 1.091362455899525852e+00 1.107336932510223915e-01
1.210800000000000000e+04 1.298206694010303863e+00 1.113769582480615278e-01
1.214300000000000000e+04 1.155621618396239780e+00 1.129669189566457482e-01
1.217800000000000000e+04 1.155621618396239780e+00 1.000000000000000000e+09
1.221300000000000000e+04 1.229350442663010190e+00 1.113758418844730397e-01
