0.000000000000000000e+00 1.006024296850929645e+00 7.040472458669998559e-03
3.500000000000000000e+01 1.038144962632006951e+00 7.100268451626850358e-03
6.900000000000000000e+01 1.012140080046389556e+00 7.151079754383641782e-03
1.040000000000000000e+02 1.030780179754522630e+00 7.201742619186860331e-03
1.390000000000000000e+02 1.020982555309792872e+00 7.149449106707392483e-03
1.740000000000000000e+02 1.023132516095850209e+00 7.180081950951053629e-03
2.090000000000000000e+02 1.015882487007039314e+00 7.109200067633440062e-03
2.440000000000000000e+02 1.012188734919363009e+00 7.094691166572297814e-03
2.790000000000000000e+02 1.020850941537966294e+00 7.149034559428571467e-03
3.130000000000000000e+02 1.027160458317529113e+00 7.166087521301016915e-03
3.480000000000000000e+02 1.009612128636369288e+00 7.227044959397202484e-03
3.830000000000000000e+02 1.009678189599732878e+00 7.287596655288506101e-03
4.180000000000000000e+02 1.022549150237586746e+00 7.241966045352988580e-03
4.530000000000000000e+02 1.021881445875782335e+00 7.333465264291756831e-03
4.870000000000000000e+02 1.034411757640996132e+00 7.281740390774423324e-03
5.220000000000000000e+02 1.035119884488283626e+00 7.323080902207270738e-03
5.570000000000000000e+02 1.027809153024120681e+00 7.341474843398592895e-03
5.920000000000000000e+02 1.024128563314133045e+00 7.279668853512794718e-03
6.260000000000000000e+02 1.031354342673745483e+00 7.307978092952997426e-03
6.610000000000000000e+02 1.021410056579290959e+00 7.239619255796985245e-03
6.960000000000000000e+02 1.025982420990573241e+00 7.299583211292602451e-03
7.310000000000000000e+02 1.030690301872823067e+00 7.285666486197849012e-03
7.660000000000000000e+02 1.033715755662395708e+00 7.290026186931258464e-03
8.000000000000000000e+02 1.027008431859512516e+00 7.267927091322987782e-03
8.350000000000000000e+02 1.043029002400735372e+00 7.336776148930903782e-03
8.700000000000000000e+02 1.042758043916209187e+00 7.380100894416373979e-03
9.050000000000000000e+02 1.029814219359093341e+00 7.284385939253716462e-03
9.390000000000000000e+02 1.018886035039916926e+00 7.319537799835219849e-03
9.740000000000000000e+02 1.036075782534280565e+00 7.393821071421103480e-03
1.009000000000000000e+03 1.042296288325400999e+00 7.469653876541952446e-03
1.044000000000000000e+03 1.021988791170441946e+00 7.476734688402602788e-03
1.078000000000000000e+03 1.000418576625556000e+00 7.386205922319683155e-03
1.113000000000000000e+03 1.033202809723638094e+00 7.448862789891206801e-03
1.148000000000000000e+03 1.025942684511735647e+00 7.445343387508447305e-03
1.183000000000000000e+03 1.028689755112871307e+00 7.445091282689508122e-03
1.218000000000000000e+03 1.017661759625789530e+00 7.470175918394829709e-03
1.253000000000000000e+03 1.026266210586108230e+00 7.531130560032553781e-03
1.287000000000000000e+03 1.038943706716010773e+00 7.473944913404834134e-03
1.322000000000000000e+03 1.008576053050123766e+00 7.491473722020663105e-03
1.357000000000000000e+03 1.032223987758408068e+00 7.545280233839899396e-03
1.392000000000000000e+03 1.034309301857605279e+00 7.499911039342392789e-03
1.427000000000000000e+03 1.027939529606093361e+00 7.441586157215540967e-03
1.461000000000000000e+03 1.029660654457686508e+00 7.553150509177534999e-03
1.496000000000000000e+03 1.016010546922908153e+00 7.527476063900426576e-03
1.531000000000000000e+03 1.017623317123107718e+00 7.564616441878379074e-03
1.566000000000000000e+03 1.035498050201099973e+00 7.577543692824756719e-03
1.600000000000000000e+03 1.033920227410070058e+00 7.615648210731424533e-03
1.635000000000000000e+03 1.015313370981255625e+00 7.512250514093184520e-03
1.670000000000000000e+03 1.031690373602565547e+00 7.639652916153791967e-03
1.705000000000000000e+03 1.035464206679161059e+00 7.672434752754059284e-03
1.760000000000000000e+03 1.025287831536178196e+00 7.688094537827765314e-03
1.795000000000000000e+03 1.027689973992209405e+00 7.658597241326948503e-03
1.830000000000000000e+03 1.029057648917723888e+00 7.666802943727445488e-03
1.865000000000000000e+03 1.018007027101455408e+00 7.628342411356646424e-03
1.900000000000000000e+03 1.023838029399688265e+00 7.601978059335801584e-03
1.934000000000000000e+03 1.015859229473552006e+00 7.729234458469713340e-03
1.969000000000000000e+03 1.015718081560667230e+00 7.757063401843206953e-03
2.004000000000000000e+03 1.037880828958726687e+00 7.772495743053276819e-03
2.039000000000000000e+03 1.036746440797405633e+00 7.774275738379848345e-03
2.074000000000000000e+03 1.041695618516157218e+00 7.793092605706072699e-03
2.108000000000000000e+03 1.042581047627873181e+00 7.818479097972947170e-03
2.143000000000000000e+03 1.053306250101355923e+00 7.724011836720077150e-03
2.178000000000000000e+03 1.033459394790490427e+00 7.690428225162095587e-03
2.213000000000000000e+03 1.035862387735196455e+00 7.754507410928849001e-03
2.248000000000000000e+03 1.064744296802852430e+00 7.751164907009490575e-03
2.282000000000000000e+03 1.042510945400243694e+00 7.732524254263571303e-03
2.317000000000000000e+03 1.041707413419933115e+00 7.732362962069800998e-03
2.352000000000000000e+03 1.034122883981587693e+00 7.744150221108960126e-03
2.387000000000000000e+03 1.046732997911890672e+00 7.824805122723150000e-03
2.422000000000000000e+03 1.056213125460931268e+00 7.819737280103850052e-03
2.456000000000000000e+03 1.040681204281068473e+00 7.741426132767363980e-03
2.491000000000000000e+03 1.039186426132925112e+00 7.727616628714955617e-03
2.526000000000000000e+03 1.048000725056573934e+00 7.816621396194451538e-03
2.561000000000000000e+03 1.038709210213280665e+00 7.821190512973962353e-03
2.596000000000000000e+03 1.043831861540633898e+00 7.792704281870474134e-03
2.631000000000000000e+03 1.046261286358926679e+00 7.776283121945227507e-03
2.665000000000000000e+03 1.034402903804851448e+00 7.755608633000809528e-03
2.700000000000000000e+03 1.034725875675028162e+00 7.769821539916313587e-03
2.735000000000000000e+03 1.032212507093020148e+00 7.820181718655675601e-03
2.770000000000000000e+03 1.025335126419553600e+00 7.722016680893058031e-03
2.805000000000000000e+03 1.047473354491050612e+00 7.813173716354300177e-03
2.839000000000000000e+03 1.041321139722873212e+00 7.807267021626579546e-03
2.874000000000000000e+03 1.026662384997904187e+00 7.852043775086253383e-03
2.909000000000000000e+03 1.043030516528224316e+00 7.919575626373855440e-03
2.944000000000000000e+03 1.019696168765238165e+00 7.870439189439351266e-03
2.979000000000000000e+03 1.028864850244109785e+00 7.889601230130743881e-03
3.013000000000000000e+03 1.042134881550999870e+00 7.946614257379552848e-03
3.048000000000000000e+03 1.045203496443252833e+00 7.902099825651882903e-03
3.083000000000000000e+03 1.042717891857046331e+00 7.996371922280396533e-03
3.118000000000000000e+03 1.054777414089794307e+00 8.004175663109642375e-03
3.152000000000000000e+03 1.031158763626567776e+00 7.955177953455030981e-03
3.187000000000000000e+03 1.039639488199943340e+00 8.013286818565347122e-03
3.222000000000000000e+03 1.034490958758944590e+00 8.069833330933343443e-03
3.257000000000000000e+03 1.042624994099523805e+00 8.044005299855086846e-03
3.292000000000000000e+03 1.053020674043280591e+00 8.030914560691342421e-03
3.327000000000000000e+03 1.021493382238670700e+00 8.010600044034850084e-03
3.361000000000000000e+03 1.032838624145834938e+00 8.110071906759889343e-03
3.396000000000000000e+03 1.033459193394047793e+00 8.066701886404620617e-03
3.431000000000000000e+03 1.048831823237085903e+00 8.098469788177053638e-03
3.466000000000000000e+03 1.036239911280256942e+00 8.014117286631436757e-03
3.511000000000000000e+03 1.044826336780569909e+00 8.173285302195023097e-03
3.546000000000000000e+03 1.043418337640546145e+00 8.205132881723678842e-03
3.581000000000000000e+03 1.028396437938421393e+00 8.223758814739792408e-03
3.615000000000000000e+03 1.043460537239590646e+00 8.170293260299565236e-03
3.650000000000000000e+03 1.035260542769957492e+00 8.224440424975497030e-03
3.685000000000000000e+03 1.027000960770561244e+00 8.185963785043798291e-03
3.720000000000000000e+03 1.040397771171562624e+00 8.170734223800357396e-03
3.754000000000000000e+03 1.044250533776016399e+00 8.246592209362258938e-03
3.789000000000000000e+03 1.025177335713477245e+00 8.245542836343390178e-03
3.824000000000000000e+03 1.036828243244980463e+00 8.582602579722750646e-03
3.859000000000000000e+03 1.042499342881316293e+00 8.842840495139349041e-03
3.894000000000000000e+03 1.021691832097773034e+00 8.257713811094155240e-03
3.928000000000000000e+03 1.010656182528519631e+00 8.241148219194282740e-03
3.963000000000000000e+03 1.016221059225913326e+00 8.390181561291884527e-03
3.998000000000000000e+03 9.956715454839899504e-01 8.072396909507544710e-03
4.033000000000000000e+03 1.045495756117144515e+00 8.337926061698400573e-03
4.068000000000000000e+03 9.928172738474025927e-01 8.182560816059445893e-03
4.102000000000000000e+03 9.982755312209022902e-01 8.259972118331435770e-03
4.137000000000000000e+03 1.011050417023400039e+00 8.193271646472202394e-03
4.172000000000000000e+03 1.008279801594558434e+00 8.096676113503762512e-03
4.207000000000000000e+03 1.020854837159548278e+00 8.229056810576512379e-03
4.242000000000000000e+03 9.946252168866411836e-01 8.106325919295311044e-03
4.276000000000000000e+03 1.007006894794480134e+00 8.304735999055439660e-03
4.311000000000000000e+03 1.015641390400516153e+00 8.265502773846369888e-03
4.346000000000000000e+03 1.013034433323909411e+00 8.337228451499572451e-03
4.381000000000000000e+03 1.031456300260776837e+00 8.360378404048303402e-03
4.416000000000000000e+03 1.020160048816206366e+00 8.321708369768676325e-03
4.450000000000000000e+03 1.026264466966755773e+00 8.509804435057086863e-03
4.485000000000000000e+03 1.005591674048214701e+00 8.454521956533806587e-03
4.520000000000000000e+03 1.016704427080959761e+00 8.419804335951535171e-03
4.555000000000000000e+03 1.024181889788726707e+00 8.421975332486968460e-03
4.590000000000000000e+03 1.012214614240864119e+00 8.304232310502012923e-03
4.624000000000000000e+03 9.979676493732893006e-01 8.356781882891815838e-03
4.659000000000000000e+03 9.954153527597082718e-01 8.318202364452980183e-03
4.694000000000000000e+03 1.018447338048323436e+00 8.417696335031183905e-03
4.729000000000000000e+03 9.936144552577824696e-01 8.455598660748298023e-03
4.764000000000000000e+03 1.005934703653955431e+00 8.508588989909643061e-03
4.798000000000000000e+03 1.005712667600551002e+00 8.525321027537042726e-03
4.833000000000000000e+03 1.030437629889907392e+00 8.499982500954295084e-03
4.868000000000000000e+03 9.924731628271374895e-01 8.485032225313956719e-03
4.903000000000000000e+03 1.007904414831087614e+00 8.448432691101537620e-03
4.938000000000000000e+03 1.001873595692338803e+00 8.439937642265006590e-03
4.972000000000000000e+03 1.004342715687675192e+00 8.373801523022210772e-03
5.007000000000000000e+03 9.818503003090330861e-01 8.306345792594394331e-03
5.042000000000000000e+03 1.013265766661971323e+00 8.521402281358642083e-03
5.077000000000000000e+03 1.015215207560169475e+00 8.690985093728292518e-03
5.111000000000000000e+03 1.005035261996663376e+00 8.515899619465068168e-03
5.146000000000000000e+03 1.011436113379534429e+00 8.442885493768757452e-03
5.181000000000000000e+03 1.017007753088960520e+00 8.634898393644981421e-03
5.216000000000000000e+03 9.696442493815380370e-01 8.396168908592467617e-03
5.260000000000000000e+03 1.003604767274938192e+00 8.517830900791957191e-03
5.295000000000000000e+03 9.995002048818530938e-01 8.497516638414455079e-03
5.330000000000000000e+03 9.888622769595046824e-01 8.435516261001189953e-03
5.365000000000000000e+03 1.009363381040537355e+00 8.666566245104374844e-03
5.400000000000000000e+03 9.982879193114467808e-01 8.378103659707376860e-03
5.434000000000000000e+03 1.017103451008927184e+00 8.387350292676324162e-03
5.469000000000000000e+03 1.008270549668562444e+00 8.399804761891024527e-03
5.504000000000000000e+03 9.793114043397427304e-01 8.338095953247951289e-03
5.539000000000000000e+03 1.007693489711907420e+00 8.508217372596771355e-03
5.573000000000000000e+03 9.935419628655324242e-01 8.342365562808441368e-03
5.608000000000000000e+03 1.000251335341707293e+00 8.442893059282202337e-03
5.643000000000000000e+03 1.011801081726654727e+00 8.431165875952943006e-03
5.678000000000000000e+03 9.948938320367343158e-01 8.444628620002154681e-03
5.713000000000000000e+03 1.000258560049664514e+00 8.497246399519493842e-03
5.747000000000000000e+03 9.893777053088443907e-01 8.468657783746837489e-03
5.782000000000000000e+03 9.667897303724575231e-01 8.527180209661994886e-03
5.817000000000000000e+03 9.918417403258766862e-01 8.666368461830420075e-03
5.852000000000000000e+03 9.814162972814634012e-01 8.759045293039485064e-03
5.887000000000000000e+03 9.590194922078094653e-01 8.720804196872157868e-03
5.922000000000000000e+03 9.754550293276351702e-01 8.686621435513724315e-03
5.956000000000000000e+03 9.879896206321883145e-01 8.808538605918297612e-03
5.991000000000000000e+03 9.852949090937637155e-01 8.775412426128807383e-03
6.026000000000000000e+03 9.916526558047231710e-01 8.869275182683777209e-03
6.061000000000000000e+03 9.958430295534506094e-01 8.962479408841919279e-03
6.096000000000000000e+03 9.886878822574411974e-01 9.118450157438463474e-03
6.130000000000000000e+03 9.685292853088842691e-01 9.055541185837052628e-03
6.165000000000000000e+03 9.757538594822798839e-01 9.153611553883571686e-03
6.200000000000000000e+03 9.909703854780170795e-01 9.203871985648379508e-03
6.235000000000000000e+03 9.928186810986476818e-01 9.309873556061089295e-03
6.269000000000000000e+03 9.849285630271368275e-01 9.277780170651511379e-03
6.304000000000000000e+03 9.827198695693237784e-01 9.253141523754542658e-03
6.339000000000000000e+03 9.601971247856168068e-01 9.417677474770609278e-03
6.374000000000000000e+03 9.688587472177070392e-01 9.260607552297114853e-03
6.409000000000000000e+03 9.851956507128090124e-01 9.496828402972246411e-03
6.443000000000000000e+03 9.971098452316593530e-01 9.591244668566057188e-03
6.478000000000000000e+03 9.773916162290994247e-01 9.449431500253280963e-03
6.513000000000000000e+03 9.760161325414242750e-01 9.500419728940532466e-03
6.548000000000000000e+03 9.629243204776390952e-01 9.467892573386794963e-03
6.583000000000000000e+03 9.738089197474563141e-01 9.656444520048886038e-03
6.617000000000000000e+03 9.747984176029982351e-01 9.639654883739905145e-03
6.652000000000000000e+03 9.568475866982451006e-01 9.583977276128469516e-03
6.687000000000000000e+03 9.820609558565832620e-01 9.601640594967946266e-03
6.722000000000000000e+03 9.756697147981013840e-01 9.701142923407395091e-03
6.757000000000000000e+03 9.673028309671836134e-01 9.565237070645963777e-03
6.792000000000000000e+03 9.684872867115634776e-01 9.536535897086523619e-03
6.826000000000000000e+03 9.734771645400501772e-01 9.603248548874820587e-03
6.861000000000000000e+03 9.751428921552078855e-01 9.628136368085805571e-03
6.896000000000000000e+03 9.896304977715133511e-01 9.585218292904850931e-03
6.931000000000000000e+03 9.917941709376030257e-01 9.709832158148221787e-03
6.965000000000000000e+03 9.802474928220435979e-01 9.695139577629340380e-03
7.008000000000000000e+03 9.945505538920330624e-01 9.906438518133402552e-03
7.043000000000000000e+03 9.751573702801699106e-01 9.672804215826341298e-03
7.077000000000000000e+03 9.782609596505835725e-01 9.881748661747530998e-03
7.112000000000000000e+03 9.909244674795401053e-01 9.804926016092552904e-03
7.147000000000000000e+03 9.690158573877981629e-01 9.811891582091574263e-03
7.182000000000000000e+03 9.982701981818329351e-01 9.963986194213604597e-03
7.217000000000000000e+03 1.012360202417200705e+00 1.007845216327282745e-02
7.251000000000000000e+03 9.622561724629230540e-01 9.794914524099270978e-03
7.286000000000000000e+03 9.787777767974498166e-01 9.854890086374645114e-03
7.321000000000000000e+03 9.535962544037452915e-01 9.759580010970710789e-03
7.356000000000000000e+03 9.800845854060996620e-01 9.928347067964599787e-03
7.390000000000000000e+03 9.674257924905378392e-01 9.849574937077412023e-03
7.425000000000000000e+03 9.615328211167126771e-01 9.900227281981041974e-03
7.460000000000000000e+03 9.590054777426736399e-01 9.823775780210415240e-03
7.495000000000000000e+03 9.679547898701031938e-01 9.900752665166163979e-03
7.530000000000000000e+03 9.483618946868505040e-01 9.967114224156173666e-03
7.564000000000000000e+03 9.731979496264228091e-01 9.943313718368824994e-03
7.599000000000000000e+03 9.638991143520666549e-01 1.008170167942150884e-02
7.634000000000000000e+03 9.421835553881785508e-01 9.925662588404510905e-03
7.669000000000000000e+03 9.754543762893318481e-01 1.000929594376025536e-02
7.704000000000000000e+03 9.672100018550717770e-01 9.870456237078557848e-03
7.739000000000000000e+03 9.493330239862814990e-01 9.843022003317911800e-03
7.773000000000000000e+03 9.605002598943281900e-01 9.893321387068255979e-03
7.808000000000000000e+03 9.765763554926392143e-01 9.832262076781936311e-03
7.843000000000000000e+03 9.718552739968908671e-01 9.889460255816958853e-03
7.878000000000000000e+03 9.707059096945064303e-01 9.702168113885368747e-03
7.912000000000000000e+03 9.621389370479024317e-01 9.854429349895419549e-03
7.947000000000000000e+03 9.605840539539431955e-01 9.740667353321998123e-03
7.982000000000000000e+03 9.623849650004258072e-01 9.835218686390805043e-03
8.017000000000000000e+03 9.716459967104986717e-01 9.791021560451045394e-03
8.051000000000000000e+03 9.600270223528430957e-01 9.840974941688292177e-03
8.086000000000000000e+03 9.563614810806573274e-01 9.916941932890879427e-03
8.121000000000000000e+03 9.728950151362356635e-01 1.021727972869582342e-02
8.156000000000000000e+03 9.543560523570001619e-01 1.039342558530525346e-02
8.191000000000000000e+03 9.552462629702910268e-01 1.035486302588145037e-02
8.226000000000000000e+03 9.707259130792366131e-01 1.016985359971711751e-02
8.260000000000000000e+03 9.575482024140757886e-01 1.020349831448969999e-02
8.295000000000000000e+03 9.536108872948774184e-01 1.026362091481042293e-02
8.330000000000000000e+03 9.432448823355287226e-01 1.012369004159848623e-02
8.365000000000000000e+03 9.947323058832716614e-01 1.026914297087421456e-02
8.400000000000000000e+03 9.573686749933872919e-01 1.029408167423579053e-02
8.435000000000000000e+03 9.635604930042895866e-01 1.031793272867150349e-02
8.469000000000000000e+03 9.668007802585150134e-01 1.036199981854738460e-02
8.504000000000000000e+03 9.748896371188293664e-01 1.051656005148604404e-02
8.539000000000000000e+03 9.611276028749140554e-01 1.060747596558522278e-02
8.574000000000000000e+03 9.321921875449326045e-01 1.078328797931998699e-02
8.608000000000000000e+03 9.507806333986399405e-01 1.093548421990604876e-02
8.643000000000000000e+03 9.164057243241535700e-01 1.095631871999399286e-02
8.678000000000000000e+03 9.489253586526941175e-01 1.148093697228773531e-02
8.713000000000000000e+03 9.613086353249166160e-01 1.198386001619578672e-02
8.759000000000000000e+03 9.549742928515513318e-01 1.255054483018239013e-02
8.794000000000000000e+03 9.829933609407092154e-01 1.270421085962894492e-02
8.829000000000000000e+03 9.682073227285791228e-01 1.264074608340426051e-02
8.863000000000000000e+03 9.510721832721013014e-01 1.263421134560499363e-02
8.898000000000000000e+03 9.648738212163867622e-01 1.287268238895646934e-02
8.933000000000000000e+03 9.623311144643882376e-01 1.267056891104152705e-02
8.968000000000000000e+03 9.440864245332266647e-01 1.232790267704498947e-02
9.003000000000000000e+03 9.694685503297109097e-01 1.250994807509566917e-02
9.037000000000000000e+03 9.416963022436019015e-01 1.230629713054510327e-02
9.072000000000000000e+03 9.619935307760004717e-01 1.260790546270190542e-02
9.107000000000000000e+03 9.504966673519859022e-01 1.239786660907499227e-02
9.142000000000000000e+03 9.381451095643774662e-01 1.186132727953285483e-02
9.177000000000000000e+03 9.610648380894555309e-01 1.153349013952875528e-02
9.212000000000000000e+03 9.544761166008172149e-01 1.117900634156894675e-02
9.247000000000000000e+03 9.241210093994253194e-01 1.100309020483387044e-02
9.282000000000000000e+03 9.662766720693293232e-01 1.082512943655638063e-02
9.316000000000000000e+03 9.406208738696459903e-01 1.097529877902278343e-02
9.351000000000000000e+03 9.612878744286050825e-01 1.086861399642867661e-02
9.386000000000000000e+03 9.202569554675991137e-01 1.073713308604706644e-02
9.421000000000000000e+03 9.425334055954098789e-01 1.093677510483679477e-02
9.455000000000000000e+03 9.480709980029798922e-01 1.098712235792268649e-02
9.490000000000000000e+03 9.487241643433225180e-01 1.092174238573971438e-02
9.525000000000000000e+03 9.465544730027689591e-01 1.088135144628983239e-02
9.560000000000000000e+03 9.352285705985878828e-01 1.092915097267590369e-02
9.595000000000000000e+03 9.305407025980574343e-01 1.074365608012051512e-02
9.629000000000000000e+03 9.445518260461834847e-01 1.075310976408238445e-02
9.664000000000000000e+03 9.266252531626352207e-01 1.066765431749498207e-02
9.699000000000000000e+03 9.415906748613740440e-01 1.059727442446110370e-02
9.734000000000000000e+03 9.505905611846550141e-01 1.064609069859420026e-02
9.769000000000000000e+03 9.194598646244788176e-01 1.055607807083591698e-02
9.804000000000000000e+03 9.719872520067610600e-01 1.070114418900907326e-02
9.838000000000000000e+03 9.336467030457260563e-01 1.048619949430825392e-02
9.873000000000000000e+03 9.682215691286003567e-01 1.070332758989395693e-02
9.908000000000000000e+03 9.521654478179722991e-01 1.065526627710407757e-02
9.943000000000000000e+03 9.785471381850173733e-01 1.027884630728468328e-02
9.978000000000000000e+03 9.865573730630368132e-01 1.003110371807572690e-02
1.001200000000000000e+04 9.604205499230132892e-01 9.927350542809259062e-03
1.004700000000000000e+04 9.687490139776069320e-01 9.904579512324721002e-03
1.008200000000000000e+04 9.542768076958116907e-01 9.992095051698722877e-03
1.011700000000000000e+04 9.699142477568223342e-01 9.920376671930119031e-03
1.015100000000000000e+04 9.958100419650430801e-01 1.004929337118439826e-02
1.018600000000000000e+04 9.643992868883737302e-01 1.003064031548866163e-02
1.022100000000000000e+04 1.009473543608016666e+00 1.006189056264703008e-02
1.025600000000000000e+04 1.001482281193095902e+00 1.011090960298285935e-02
1.029100000000000000e+04 9.644670090667678553e-01 9.929436463196137513e-03
1.032500000000000000e+04 9.775927289984372992e-01 9.961023573235227788e-03
1.036000000000000000e+04 9.677939135574987750e-01 9.811716799550946125e-03
1.039500000000000000e+04 9.631362461991441748e-01 9.931271469580230798e-03
1.043000000000000000e+04 9.816595800585389275e-01 9.840698003815392600e-03
1.046500000000000000e+04 9.743875535217380035e-01 9.993936972654313133e-03
1.050800000000000000e+04 9.639261076744517487e-01 9.979222094195577819e-03
1.054300000000000000e+04 9.900276084107841879e-01 1.011952576952704873e-02
1.057800000000000000e+04 9.546729399459054077e-01 9.967200237314483013e-03
1.061200000000000000e+04 9.619889895183296735e-01 1.000754691968067968e-02
1.064700000000000000e+04 9.715808910366429130e-01 9.966781183633031602e-03
1.068200000000000000e+04 9.512213201433381560e-01 1.003705047241559324e-02
1.071700000000000000e+04 9.703268322649075683e-01 1.005531843736218525e-02
1.075100000000000000e+04 9.659648018008202275e-01 1.002298668174785717e-02
1.078600000000000000e+04 9.431006354575824924e-01 9.927298369492179239e-03
1.082100000000000000e+04 9.729998146148770566e-01 1.003668988907899587e-02
1.085600000000000000e+04 9.655459045876935154e-01 1.004581627879742520e-02
1.089000000000000000e+04 9.724340078749330596e-01 1.013491822621440455e-02
1.092500000000000000e+04 9.735204125853098578e-01 1.016948834732184052e-02
1.096000000000000000e+04 9.960436413227283792e-01 9.990546648214455525e-03
1.099500000000000000e+04 9.986545636837489415e-01 1.026225071890264108e-02
1.103000000000000000e+04 9.922592199781641309e-01 1.014813247836116560e-02
1.106500000000000000e+04 9.803185492393066136e-01 1.002959303382927256e-02
1.109900000000000000e+04 1.005227988077879386e+00 1.023955779255540828e-02
1.113400000000000000e+04 9.958198272951013230e-01 1.019202829461355458e-02
1.116900000000000000e+04 9.714295244527676454e-01 1.025787487738405446e-02
1.120400000000000000e+04 9.975659604646224254e-01 1.028017490998154627e-02
1.123900000000000000e+04 9.878617444039895501e-01 1.033519818523270448e-02
1.127400000000000000e+04 1.020420036343760772e+00 1.038129750113144650e-02
1.130800000000000000e+04 1.011540421142193669e+00 1.032824250162902961e-02
1.134300000000000000e+04 9.712920005302367876e-01 1.014279858506154409e-02
1.137800000000000000e+04 9.946184548963158401e-01 1.039714168631168320e-02
1.141300000000000000e+04 1.041066938193815350e+00 1.053841850090055099e-02
1.144700000000000000e+04 1.003145726376683200e+00 1.042959018241067931e-02
1.148200000000000000e+04 9.997486646582928183e-01 1.043577261087395153e-02
1.151700000000000000e+04 9.936185182667609528e-01 1.034410793740568081e-02
1.155200000000000000e+04 1.006824186564141188e+00 1.037653767494797243e-02
1.158600000000000000e+04 1.029575813990220690e+00 1.045535185968398187e-02
1.162100000000000000e+04 1.023701255549961830e+00 1.048784355050194281e-02
1.165600000000000000e+04 1.003718401957034878e+00 1.034079245160010249e-02
1.169100000000000000e+04 1.003660602794400614e+00 1.024309711289708887e-02
1.172600000000000000e+04 1.017791698453237581e+00 1.041207863858206045e-02
1.176000000000000000e+04 1.007677073287684300e+00 1.029527145829588555e-02
1.179500000000000000e+04 1.017127694319863274e+00 1.053482673247200206e-02
1.183000000000000000e+04 1.049786778905926976e+00 1.063795616480365039e-02
1.186500000000000000e+04 1.019965055922441355e+00 1.049394255447558960e-02
1.189900000000000000e+04 1.028857603228320983e+00 1.071271536720586927e-02
1.193400000000000000e+04 1.018360453935048149e+00 1.065854070574587947e-02
1.196900000000000000e+04 1.038838459022465521e+00 1.081765385281978527e-02
1.200400000000000000e+04 1.020992825709635676e+00 1.076841227878416740e-02
1.203900000000000000e+04 1.020733472075076476e+00 1.078517776523929030e-02
1.207300000000000000e+04 1.043423412477811452e+00 1.083868346066150200e-02
1.210800000000000000e+04 1.015837377795921093e+00 1.086895010888911002e-02
1.214300000000000000e+04 1.035155765533233296e+00 1.102451035171185707e-02
1.217800000000000000e+04 1.010757572536074678e+00 1.092027256700500888e-02
1.221300000000000000e+04 9.983924725404514922e-01 1.086554606860045541e-02
