0.000000000000000000e+00 1.011297989081722859e+00 1.418201812378928027e-02
3.500000000000000000e+01 9.878766260414915124e-01 1.401688523259694320e-02
7.000000000000000000e+01 1.019801301175222052e+00 1.374468026138164593e-02
1.050000000000000000e+02 1.008553983115795916e+00 1.380961316107725406e-02
1.390000000000000000e+02 1.031708808354252493e+00 1.391127828093935426e-02
1.740000000000000000e+02 9.935059167584121553e-01 1.373338198580079800e-02
2.090000000000000000e+02 1.050606363155059508e+00 1.375729876465030775e-02
2.440000000000000000e+02 9.904097172478577571e-01 1.349614059102227301e-02
2.790000000000000000e+02 1.025337232451153380e+00 1.362969154059260647e-02
3.130000000000000000e+02 1.038049166969477577e+00 1.348551504889361312e-02
3.480000000000000000e+02 1.003143393235127911e+00 1.312770891714245061e-02
3.830000000000000000e+02 1.000100418560045057e+00 1.311776033290744901e-02
4.180000000000000000e+02 9.722245865426077938e-01 1.293632408189536800e-02
4.520000000000000000e+02 9.951313475382499441e-01 1.276997479682267893e-02
4.870000000000000000e+02 9.933049475407342843e-01 1.266496001535019969e-02
5.220000000000000000e+02 9.894916724336382252e-01 1.261223581764947185e-02
5.570000000000000000e+02 9.813914445255415009e-01 1.254812965642371041e-02
5.910000000000000000e+02 9.973887918396352470e-01 1.256745604788790140e-02
6.260000000000000000e+02 9.844941227305499254e-01 1.247833002648552833e-02
6.610000000000000000e+02 9.976756773398585132e-01 1.250477196928297986e-02
6.960000000000000000e+02 9.642831339711629424e-01 1.240334863486781437e-02
7.310000000000000000e+02 9.664816514990962615e-01 1.232794025654040428e-02
7.650000000000000000e+02 1.008810765531699571e+00 1.239573644880142926e-02
8.000000000000000000e+02 1.008410060963704558e+00 1.235136463092345246e-02
8.350000000000000000e+02 9.784858421782635096e-01 1.235036086385137184e-02
8.700000000000000000e+02 1.016339735183957371e+00 1.221972776596240082e-02
9.050000000000000000e+02 1.007205826606639487e+00 1.223406906582350136e-02
9.400000000000000000e+02 1.003782063775785494e+00 1.227835605489916923e-02
9.740000000000000000e+02 1.009947184446745139e+00 1.215622247671861028e-02
1.009000000000000000e+03 9.706432727677939409e-01 1.208658375548949532e-02
1.044000000000000000e+03 1.006692351457728174e+00 1.221421379436650294e-02
1.079000000000000000e+03 1.000065897360801204e+00 1.219850176736721539e-02
1.114000000000000000e+03 9.990318158599650333e-01 1.217826902233228037e-02
1.148000000000000000e+03 1.005801122202928166e+00 1.225170279889066169e-02
1.183000000000000000e+03 9.996932824824065200e-01 1.213570739182342866e-02
1.218000000000000000e+03 1.012829237667428162e+00 1.220620415427383504e-02
1.253000000000000000e+03 1.008624783298217142e+00 1.221078451871074333e-02
1.287000000000000000e+03 1.014975327773106173e+00 1.214917818085594313e-02
1.322000000000000000e+03 1.010491865679438606e+00 1.214238932507337616e-02
1.357000000000000000e+03 1.010210239627981732e+00 1.221790129945446446e-02
1.392000000000000000e+03 1.002705437074233652e+00 1.215604749281782096e-02
1.427000000000000000e+03 9.733906540152946762e-01 1.211407127622991450e-02
1.462000000000000000e+03 1.002753970050358712e+00 1.215993226079840894e-02
1.496000000000000000e+03 1.020336643796953213e+00 1.216477568152720193e-02
1.531000000000000000e+03 1.009120256759872714e+00 1.212669461110403232e-02
1.566000000000000000e+03 1.024526438363835279e+00 1.208416370421194937e-02
1.601000000000000000e+03 9.891019758632085823e-01 1.206951882790525434e-02
1.636000000000000000e+03 1.020772708005446949e+00 1.207776125720285212e-02
1.671000000000000000e+03 1.008627695288440984e+00 1.216367744532363508e-02
1.705000000000000000e+03 9.994160912714048495e-01 1.210328486891045462e-02
1.824000000000000000e+03 1.020017305984329381e+00 1.229643375681373565e-02
1.859000000000000000e+03 9.998297251609458147e-01 1.225197971005349135e-02
1.894000000000000000e+03 1.036875245963887471e+00 1.239732222825189190e-02
1.929000000000000000e+03 1.035458247159746215e+00 1.229320829161207121e-02
1.963000000000000000e+03 1.044738011917131670e+00 1.236439467349232345e-02
1.998000000000000000e+03 1.051528912800459903e+00 1.238212240078548874e-02
2.033000000000000000e+03 9.872009916549233655e-01 1.221213661149683077e-02
2.068000000000000000e+03 1.024110415757956583e+00 1.219704170026903421e-02
2.102000000000000000e+03 9.983556522278584922e-01 1.209841388945655412e-02
2.137000000000000000e+03 1.009377789361557420e+00 1.210359770224983186e-02
2.172000000000000000e+03 1.022185044242562402e+00 1.226244411383620517e-02
2.207000000000000000e+03 1.013127533928562585e+00 1.229071728938650743e-02
2.241000000000000000e+03 1.017205152571234672e+00 1.221757234233152890e-02
2.276000000000000000e+03 1.032217568960526854e+00 1.218985002435197564e-02
2.311000000000000000e+03 1.025184157743845192e+00 1.214181940790124044e-02
2.346000000000000000e+03 1.029898858179944199e+00 1.215808733148060830e-02
2.381000000000000000e+03 9.944254152112078637e-01 1.207690693839745186e-02
2.416000000000000000e+03 1.006838916982286891e+00 1.208275316316276965e-02
2.450000000000000000e+03 1.035586268431316848e+00 1.209773007606364942e-02
2.485000000000000000e+03 1.028003692071916664e+00 1.203304746934388478e-02
2.520000000000000000e+03 1.019867527296807408e+00 1.192080597450281484e-02
2.555000000000000000e+03 1.033634328834509120e+00 1.200319098367819831e-02
2.590000000000000000e+03 1.032528000547289215e+00 1.208768887155721103e-02
2.625000000000000000e+03 1.055696332886781441e+00 1.190240349058295163e-02
2.659000000000000000e+03 1.012285535135328152e+00 1.189327320780746503e-02
2.694000000000000000e+03 1.015139661995585696e+00 1.178787710097527024e-02
2.729000000000000000e+03 1.028410958168154199e+00 1.184926211716080119e-02
2.764000000000000000e+03 1.036459674709875101e+00 1.189966232520895534e-02
2.799000000000000000e+03 1.027460157778394167e+00 1.182994334289612370e-02
2.834000000000000000e+03 1.024820242243736246e+00 1.184801011394540429e-02
2.868000000000000000e+03 1.065591368495788283e+00 1.000000000000000000e+09
3.276000000000000000e+03 1.065591368495788283e+00 1.189296996168095685e-02
3.311000000000000000e+03 1.021813884897316171e+00 1.187613774896220317e-02
3.346000000000000000e+03 1.047091569905926001e+00 1.199056511513691033e-02
3.381000000000000000e+03 1.011438456490971083e+00 1.203561630236708348e-02
3.415000000000000000e+03 1.021935600276669298e+00 1.195513671990453865e-02
3.450000000000000000e+03 1.026984312531855403e+00 1.187908723574015828e-02
3.485000000000000000e+03 1.030639309997861019e+00 1.189566901412963604e-02
3.520000000000000000e+03 1.021707987490598324e+00 1.189905517944299385e-02
3.555000000000000000e+03 1.043415255238588468e+00 1.201537925536788100e-02
3.589000000000000000e+03 1.033854879178861541e+00 1.238340013170996859e-02
3.624000000000000000e+03 1.040688851776985668e+00 1.214929997206120119e-02
3.659000000000000000e+03 1.077216938985135597e+00 1.191723061456338023e-02
3.694000000000000000e+03 1.038152711070854828e+00 1.173296281886611857e-02
3.728000000000000000e+03 1.032969314341572797e+00 1.169628019715053188e-02
3.763000000000000000e+03 1.041557956006887720e+00 1.190490693406576379e-02
3.798000000000000000e+03 1.057613443294968425e+00 1.186832108294454298e-02
3.833000000000000000e+03 1.038809364899863974e+00 1.179490339433045439e-02
3.868000000000000000e+03 1.047686691282496696e+00 1.171469913713423655e-02
3.902000000000000000e+03 1.018012368211681951e+00 1.162588035105066586e-02
3.990000000000000000e+03 1.049201136933407996e+00 1.192868992946326777e-02
4.025000000000000000e+03 1.028165239257470720e+00 1.191267997960419878e-02
4.060000000000000000e+03 1.018527615473091785e+00 1.170830572641455222e-02
4.095000000000000000e+03 1.019577838645178369e+00 1.143767266845556636e-02
4.129000000000000000e+03 1.054694517605018644e+00 1.159994320490933054e-02
4.164000000000000000e+03 1.013865703481320990e+00 1.157681653952981164e-02
4.199000000000000000e+03 1.024467134240112376e+00 1.157384148512314963e-02
4.234000000000000000e+03 1.036935715779671030e+00 1.156753106335720385e-02
4.268000000000000000e+03 1.044021006328647028e+00 1.158669547145380410e-02
4.303000000000000000e+03 1.002857466227577987e+00 1.142580830345961244e-02
4.338000000000000000e+03 1.017150417007422591e+00 1.142351142847083771e-02
4.373000000000000000e+03 1.027857525306864472e+00 1.144688360357158825e-02
4.408000000000000000e+03 1.008047041633104657e+00 1.151478280898531222e-02
4.443000000000000000e+03 1.017896375204174531e+00 1.153283174900756637e-02
4.477000000000000000e+03 1.044642899126163149e+00 1.170626462016714775e-02
4.512000000000000000e+03 1.024560590504010493e+00 1.164717124026958331e-02
4.547000000000000000e+03 1.011061688676910597e+00 1.198451081642517430e-02
4.582000000000000000e+03 1.042996104604748453e+00 1.183109934318421833e-02
4.616000000000000000e+03 1.032822093054128532e+00 1.178259969144693393e-02
4.651000000000000000e+03 1.024816830684386559e+00 1.193744227281459507e-02
4.686000000000000000e+03 1.029448179574308453e+00 1.186734052959513737e-02
4.721000000000000000e+03 1.002478715995699821e+00 1.176705216936109466e-02
4.756000000000000000e+03 1.048548144090415191e+00 1.231517955174724066e-02
4.791000000000000000e+03 1.038123843156418813e+00 1.219510045083412909e-02
4.826000000000000000e+03 1.011078915434910908e+00 1.212983545847373668e-02
4.860000000000000000e+03 1.038289245545510386e+00 1.240528638971694769e-02
4.895000000000000000e+03 1.024753386598174387e+00 1.317095752516555564e-02
4.930000000000000000e+03 1.015673866945448145e+00 1.509893652329528761e-02
4.965000000000000000e+03 1.011634912087134630e+00 1.699411248433713856e-02
5.000000000000000000e+03 1.008604002353775453e+00 1.665561425946936180e-02
5.035000000000000000e+03 1.001776608783334188e+00 1.585673694177546639e-02
5.069000000000000000e+03 1.061872223749706690e+00 1.613359728669532325e-02
5.104000000000000000e+03 1.037154504235720864e+00 1.572978228213590610e-02
5.139000000000000000e+03 1.050882917684692552e+00 1.404831974778402923e-02
5.174000000000000000e+03 1.056094276667396636e+00 1.418449452047898171e-02
5.208000000000000000e+03 1.034173922575828186e+00 1.313702775397395869e-02
5.243000000000000000e+03 1.052089136156985516e+00 1.273037651859290631e-02
5.278000000000000000e+03 1.012075019974749246e+00 1.229558822643105585e-02
5.313000000000000000e+03 1.031487310163694993e+00 1.220144893127972190e-02
5.348000000000000000e+03 1.044208816963188680e+00 1.216963839098290229e-02
5.383000000000000000e+03 9.846132819914272805e-01 1.202690267450016830e-02
5.418000000000000000e+03 1.014849339466153300e+00 1.206991193513914581e-02
5.452000000000000000e+03 1.014672421652763390e+00 1.209194595162444395e-02
5.487000000000000000e+03 1.005672931226509137e+00 1.225585553440643877e-02
5.522000000000000000e+03 9.983994205359676410e-01 1.270259743286467763e-02
5.557000000000000000e+03 9.852002119498273203e-01 1.269667701724585228e-02
5.591000000000000000e+03 1.003368256474225895e+00 1.243880378962275435e-02
5.626000000000000000e+03 9.928110528029873150e-01 1.214082052951759826e-02
5.661000000000000000e+03 1.037617056007718475e+00 1.224897910948077873e-02
5.696000000000000000e+03 9.907303880894725578e-01 1.244341583738895439e-02
5.880000000000000000e+03 9.800580900546346230e-01 1.442140449897577267e-02
5.915000000000000000e+03 1.025653659306441368e+00 1.579906510168764891e-02
5.950000000000000000e+03 1.001255914874823905e+00 1.600460566346163446e-02
5.984000000000000000e+03 1.007330410667034215e+00 1.375008491360246721e-02
6.019000000000000000e+03 1.012493411863387482e+00 1.349886121734106791e-02
6.054000000000000000e+03 9.923986813526227690e-01 1.323441078244613420e-02
6.089000000000000000e+03 9.929966048253970889e-01 1.350412570579291073e-02
6.124000000000000000e+03 1.031941318307062705e+00 1.339919110981344086e-02
6.159000000000000000e+03 9.976008876138274806e-01 1.315444918994394287e-02
6.193000000000000000e+03 1.028144129166647325e+00 1.350468901101952411e-02
6.228000000000000000e+03 9.954752015520552666e-01 1.282819938922064723e-02
6.263000000000000000e+03 9.938157303718249125e-01 1.261339682491836520e-02
6.298000000000000000e+03 1.025022622339804901e+00 1.265587369052579778e-02
6.332000000000000000e+03 9.880150240767603398e-01 1.281247534436082483e-02
6.367000000000000000e+03 1.010474456203432014e+00 1.254744049714989415e-02
6.402000000000000000e+03 9.933686854859249404e-01 1.243730179657905749e-02
6.437000000000000000e+03 1.006371356465194156e+00 1.279220415175775193e-02
6.471000000000000000e+03 1.034404288451263643e+00 1.264496581115673660e-02
6.506000000000000000e+03 9.984320180999345373e-01 1.235579148697468072e-02
6.541000000000000000e+03 9.957156226302008584e-01 1.243782825404035272e-02
6.576000000000000000e+03 9.838843171347039229e-01 1.239718011443579661e-02
6.610000000000000000e+03 9.900270943369131604e-01 1.227529182583896386e-02
6.645000000000000000e+03 1.005970570665152275e+00 1.215380935529803905e-02
6.680000000000000000e+03 1.006145101813791243e+00 1.231252166833864299e-02
6.715000000000000000e+03 1.003393622087682902e+00 1.229252991472882042e-02
6.750000000000000000e+03 9.884019706631255175e-01 1.251477231317246752e-02
6.784000000000000000e+03 9.810079739134188737e-01 1.211855846180674712e-02
6.819000000000000000e+03 9.921846660007983543e-01 1.207059701743334185e-02
6.854000000000000000e+03 9.799724501645648012e-01 1.212760405721705764e-02
6.889000000000000000e+03 1.009825731233466195e+00 1.216976285268356675e-02
6.924000000000000000e+03 1.000539442486022335e+00 1.252628382261814638e-02
6.959000000000000000e+03 9.698901489784181873e-01 1.241724289959523185e-02
6.993000000000000000e+03 9.892762245136217381e-01 1.229159349332289118e-02
7.028000000000000000e+03 9.860846298777425911e-01 1.239433889141519987e-02
7.063000000000000000e+03 9.781539400868154432e-01 1.299739539679938514e-02
7.098000000000000000e+03 9.628652665096930630e-01 1.420792246959473419e-02
7.133000000000000000e+03 9.975629975138816663e-01 1.541998978787900536e-02
7.168000000000000000e+03 1.004157239148047331e+00 1.470046681556835301e-02
7.202000000000000000e+03 9.552314015922238610e-01 1.650707693367203105e-02
7.237000000000000000e+03 1.020777435631973207e+00 1.822287132648303665e-02
7.272000000000000000e+03 9.542183405317719025e-01 1.616088465776759769e-02
7.307000000000000000e+03 1.003828246686331749e+00 1.653661938878239410e-02
7.341000000000000000e+03 9.664775788710454618e-01 1.459706112808425646e-02
7.376000000000000000e+03 9.900065209881334649e-01 1.377150688672141091e-02
7.411000000000000000e+03 9.910540915503228687e-01 1.416697228054049178e-02
7.446000000000000000e+03 9.619643440837011283e-01 1.387703012026741956e-02
7.480000000000000000e+03 1.012675223120614643e+00 1.418511304132948417e-02
7.515000000000000000e+03 9.856838085901169499e-01 1.431044312602501936e-02
7.550000000000000000e+03 9.655649310420323372e-01 1.377360565202701004e-02
7.585000000000000000e+03 9.509299683676436521e-01 1.343299852348346299e-02
7.650000000000000000e+03 9.546057795404710999e-01 1.320048116504941686e-02
7.685000000000000000e+03 1.006821705348449614e+00 1.328276830984371527e-02
7.720000000000000000e+03 9.875674523045295805e-01 1.325827284556753936e-02
7.754000000000000000e+03 9.819678428737097509e-01 1.317042706229735148e-02
7.789000000000000000e+03 1.012827746938455231e+00 1.336111275980096484e-02
7.824000000000000000e+03 9.800557848742471601e-01 1.327655539434683882e-02
7.859000000000000000e+03 9.754149346125707831e-01 1.347990359394947782e-02
7.893000000000000000e+03 1.023735726401110435e+00 1.356626296207183273e-02
7.928000000000000000e+03 1.001176670145038639e+00 1.343722996281054849e-02
7.963000000000000000e+03 1.016838548139392895e+00 1.345864048374765740e-02
7.998000000000000000e+03 1.001310553075999588e+00 1.348905577203735745e-02
8.032000000000000000e+03 1.001850958588387464e+00 1.345526489713725835e-02
8.067000000000000000e+03 1.025318440248912610e+00 1.371662512265640899e-02
8.102000000000000000e+03 9.685853018901435796e-01 1.401925182418904160e-02
8.137000000000000000e+03 9.801965134016600301e-01 1.379310087302853920e-02
8.172000000000000000e+03 9.950955545203821195e-01 1.381379212608151337e-02
8.207000000000000000e+03 1.017212462735950673e+00 1.377263954070033145e-02
8.241000000000000000e+03 9.902739833518072743e-01 1.376934966258828129e-02
8.276000000000000000e+03 9.856225915476967137e-01 1.393469501843510976e-02
8.311000000000000000e+03 9.846601721897795256e-01 1.385088982631012267e-02
8.346000000000000000e+03 9.853800842325404208e-01 1.399317744007571099e-02
8.381000000000000000e+03 9.699375422670365454e-01 1.394304877111320062e-02
8.415000000000000000e+03 9.834908901104207901e-01 1.403985688149099811e-02
8.450000000000000000e+03 9.917911280730137280e-01 1.398157292292885774e-02
8.485000000000000000e+03 1.009645038549695562e+00 1.416790999081471436e-02
8.520000000000000000e+03 9.826991096008070858e-01 1.402132352354236791e-02
8.554000000000000000e+03 1.001304037761373777e+00 1.430696470772730398e-02
8.589000000000000000e+03 9.863989352746448391e-01 1.429084997195405327e-02
8.624000000000000000e+03 9.596989816964456299e-01 1.480001013504362618e-02
8.659000000000000000e+03 1.025658220724600334e+00 1.529677369440719976e-02
8.693000000000000000e+03 9.541272005310501569e-01 1.470172467809800418e-02
8.728000000000000000e+03 1.037975750485466975e+00 1.447090683212441838e-02
8.763000000000000000e+03 9.899357832904588372e-01 1.421906822789551980e-02
8.798000000000000000e+03 9.770680802618528782e-01 1.413613177791523366e-02
8.833000000000000000e+03 1.015137813861956007e+00 1.418413754585973706e-02
8.868000000000000000e+03 1.024108880958833900e+00 1.436536505712060138e-02
8.903000000000000000e+03 1.006360028782220528e+00 1.430087363650834296e-02
8.937000000000000000e+03 9.559901436537862063e-01 1.420854297617631448e-02
8.972000000000000000e+03 1.005595473495769054e+00 1.436980721968995380e-02
9.007000000000000000e+03 9.884680788734374612e-01 1.440985667480778991e-02
9.042000000000000000e+03 9.849283365651317901e-01 1.459040863046564239e-02
9.076000000000000000e+03 9.980036432170962257e-01 1.474154884893829308e-02
9.111000000000000000e+03 9.442677440432207803e-01 1.461897326665649414e-02
9.146000000000000000e+03 9.685716920470214264e-01 1.444764194463996586e-02
9.181000000000000000e+03 9.330816753125791285e-01 1.458183598655154664e-02
9.216000000000000000e+03 9.509884188910888714e-01 1.474399385573404997e-02
9.250000000000000000e+03 9.805040669382537599e-01 1.466090910834584593e-02
9.285000000000000000e+03 9.514084553065494942e-01 1.458287328156520138e-02
9.320000000000000000e+03 9.642736501454549636e-01 1.482816262989341410e-02
9.355000000000000000e+03 9.868897439929414928e-01 1.497382711669611836e-02
9.453000000000000000e+03 9.663020880454338268e-01 1.483243018397419240e-02
9.488000000000000000e+03 9.793722516655151145e-01 1.463160290004547961e-02
9.523000000000000000e+03 9.513761921362211549e-01 1.477300670157459354e-02
9.557000000000000000e+03 9.812035123760464161e-01 1.478596269911843127e-02
9.592000000000000000e+03 9.886200168352954343e-01 1.501418595661792484e-02
9.627000000000000000e+03 9.278670947224196830e-01 1.503514686788333908e-02
9.662000000000000000e+03 9.542901403682638728e-01 1.521124741810343621e-02
9.696000000000000000e+03 9.851416140573998614e-01 1.541029437633705847e-02
9.731000000000000000e+03 9.280996906247337419e-01 1.536829497726231904e-02
9.766000000000000000e+03 9.614136566640658632e-01 1.553220822260641988e-02
9.801000000000000000e+03 9.604229198051655869e-01 1.554740754324885135e-02
9.836000000000000000e+03 9.641172116985562424e-01 1.549297290916068666e-02
9.870000000000000000e+03 9.751470756450661970e-01 1.577513310369683952e-02
9.905000000000000000e+03 9.892668197684604259e-01 1.561278727445914588e-02
9.940000000000000000e+03 9.534502553355801435e-01 1.582999610147939329e-02
9.975000000000000000e+03 9.687853350538171426e-01 1.616838048334701475e-02
1.001000000000000000e+04 9.818069066051089422e-01 1.640212375424744337e-02
1.004400000000000000e+04 9.790890666765746930e-01 1.646767319059655107e-02
1.007900000000000000e+04 9.343020063377553974e-01 1.645013047584200500e-02
1.011400000000000000e+04 9.523058514727452684e-01 1.633299694993470275e-02
1.014900000000000000e+04 9.978288107267703211e-01 1.648015107356965922e-02
1.018400000000000000e+04 9.461631698847594585e-01 1.655727589169507172e-02
1.021900000000000000e+04 9.624773449724829399e-01 1.686742583349805022e-02
1.025300000000000000e+04 9.170572454853885835e-01 1.673074549242739226e-02
1.028800000000000000e+04 9.287998457257472529e-01 1.673910825293821458e-02
1.032300000000000000e+04 9.798830841429535532e-01 1.694637857488115462e-02
1.035800000000000000e+04 9.757364983928296098e-01 1.701130702089400856e-02
1.039200000000000000e+04 9.363052896197113784e-01 1.701767199312263779e-02
1.042700000000000000e+04 9.305823363439533757e-01 1.711789309776402465e-02
1.046200000000000000e+04 9.197629194379356443e-01 1.744211538508579767e-02
1.049700000000000000e+04 9.342003701159522500e-01 1.730322123332878742e-02
1.053200000000000000e+04 9.264516450135915626e-01 1.737725090935032801e-02
1.056600000000000000e+04 9.556311728817228346e-01 1.768558472923291783e-02
1.060100000000000000e+04 9.995795619145326771e-01 1.000000000000000000e+09
1.063600000000000000e+04 9.995795619145326771e-01 1.798466208208326575e-02
1.067100000000000000e+04 9.659309250495120569e-01 1.820772755607350316e-02
1.070600000000000000e+04 9.737757945686792427e-01 1.834786823551797300e-02
1.074000000000000000e+04 9.273508138406334478e-01 1.844355376609554953e-02
1.077500000000000000e+04 9.544178271192129692e-01 1.844087272464809552e-02
1.081000000000000000e+04 9.936681603937798091e-01 1.860243339209656163e-02
1.084500000000000000e+04 9.267523598292313203e-01 1.880957638177501584e-02
1.088000000000000000e+04 9.205012285836777775e-01 1.897218750334350376e-02
1.091500000000000000e+04 9.604981206445628583e-01 1.950355439762225390e-02
1.094900000000000000e+04 9.221985672305625936e-01 1.911417502381412489e-02
1.098400000000000000e+04 9.884692646793489246e-01 1.942126309014763005e-02
1.101900000000000000e+04 9.362911407592132695e-01 1.936292661863549952e-02
1.105400000000000000e+04 9.963860390798047195e-01 1.941593515437189943e-02
1.108800000000000000e+04 9.593563620987413110e-01 1.962055309835612077e-02
1.112300000000000000e+04 9.317456334228102488e-01 1.981646909209323557e-02
1.115800000000000000e+04 9.718070211680776005e-01 1.996422523308951161e-02
1.122000000000000000e+04 9.655847235557880603e-01 2.120591702736104867e-02
1.125500000000000000e+04 9.485283116637825973e-01 2.194534082221605634e-02
1.129000000000000000e+04 9.556494666424889539e-01 2.267052429161033750e-02
1.132500000000000000e+04 1.004780247067867283e+00 2.225175087694055212e-02
1.135900000000000000e+04 9.772012487431350758e-01 2.262034307619871162e-02
1.139400000000000000e+04 1.005648332922473687e+00 2.258187824345483929e-02
1.142900000000000000e+04 9.213815412858253895e-01 2.170018713031971955e-02
1.146400000000000000e+04 9.781304168743589766e-01 2.227097020186703455e-02
1.149800000000000000e+04 1.014111100674365940e+00 2.215839157864928424e-02
1.153300000000000000e+04 9.388420671107240434e-01 2.176803230529510136e-02
1.156800000000000000e+04 9.676896528251723861e-01 2.171166373578550801e-02
1.160300000000000000e+04 9.920334778945111287e-01 1.000000000000000000e+09
1.163800000000000000e+04 9.920334778945111287e-01 2.333910610010012793e-02
1.167200000000000000e+04 9.302907670129489937e-01 1.000000000000000000e+09
1.170700000000000000e+04 9.302907670129489937e-01 2.176769737659499035e-02
1.174200000000000000e+04 1.012860521244615564e+00 2.226939051024766358e-02
1.177700000000000000e+04 9.967462234693260648e-01 2.279160214106819293e-02
1.181100000000000000e+04 1.028541074780666920e+00 2.354469064174443196e-02
1.184600000000000000e+04 9.451485785983142485e-01 2.371784007835982602e-02
1.188100000000000000e+04 9.698850143216258823e-01 2.446298425664734238e-02
1.191600000000000000e+04 9.498017598472261458e-01 2.380020468368388917e-02
1.195100000000000000e+04 9.965487755018646032e-01 2.450920270158920417e-02
1.198600000000000000e+04 9.694354661837821796e-01 2.474831761617536999e-02
1.202000000000000000e+04 1.028163335181802918e+00 2.520303711227918700e-02
1.205500000000000000e+04 1.068541914771425905e+00 2.410236601187276326e-02
1.209000000000000000e+04 1.014860301318231350e+00 2.397364590561425896e-02
1.212500000000000000e+04 9.696461177919407648e-01 2.415463115747168432e-02
1.216000000000000000e+04 9.569166220773857034e-01 2.487825182159690215e-02
1.219400000000000000e+04 9.999341026391987963e-01 2.571236181649401431e-02
1.222900000000000000e+04 1.020444335791223622e+00 2.568802104195051783e-02
1.226400000000000000e+04 1.001737393828585398e+00 2.561724580714937194e-02
1.229900000000000000e+04 1.053691762815325950e+00 2.560233918424856606e-02
1.233300000000000000e+04 9.996440147304236357e-01 2.549115640722381115e-02
1.236800000000000000e+04 9.806234914963155580e-01 2.469305948789333321e-02
1.240300000000000000e+04 9.627675501849216610e-01 2.457550457840973826e-02
1.243800000000000000e+04 1.013605684665213946e+00 2.477421264234302631e-02
1.247300000000000000e+04 9.654684261168392512e-01 2.493922488627528175e-02
1.250800000000000000e+04 9.270833209057890434e-01 2.487731189740644694e-02
1.254200000000000000e+04 9.543023009849000982e-01 2.546553800530253903e-02
1.257700000000000000e+04 1.007702989441070507e+00 2.655453028902498430e-02
1.261200000000000000e+04 9.771488795980934894e-01 2.723580309434415689e-02
1.264700000000000000e+04 9.749768541267570532e-01 2.632378512102383217e-02
1.268200000000000000e+04 1.044443358069333305e+00 2.626802351483785436e-02
1.271600000000000000e+04 1.007081536963557733e+00 2.637909669199702337e-02
1.275100000000000000e+04 1.000164156798332593e+00 2.729656926107154949e-02
1.278600000000000000e+04 1.011283875717046143e+00 2.637637744196255282e-02
1.282100000000000000e+04 9.435400948532369769e-01 2.660772882776173826e-02
1.285500000000000000e+04 1.003596981594665705e+00 2.652979999703797623e-02
1.289000000000000000e+04 9.685161499937844365e-01 2.654183077916735800e-02
1.292500000000000000e+04 1.007688555164262922e+00 2.664513310441590441e-02
