0.000000000000000000e+00 1.064497003347613546e+00 7.763562591362614673e-02
3.500000000000000000e+01 1.121492982573366826e+00 7.374769666652775113e-02
7.000000000000000000e+01 1.179873474261206256e+00 7.231349897658438663e-02
1.050000000000000000e+02 8.388064148136992193e-01 7.378767170049531365e-02
1.400000000000000000e+02 1.022854599156933997e+00 7.290525815619561256e-02
1.750000000000000000e+02 1.128056800392789771e+00 7.139354643474946083e-02
2.100000000000000000e+02 7.849694605655660462e-01 7.321451478363980025e-02
2.450000000000000000e+02 1.000630914986097464e+00 7.119245526221427978e-02
2.800000000000000000e+02 9.576061348712139321e-01 7.139935212263726072e-02
3.140000000000000000e+02 1.033176393868820542e+00 7.228145385582976368e-02
3.490000000000000000e+02 1.114594209887316278e+00 6.247260697177602767e-02
3.840000000000000000e+02 1.099365112486286211e+00 6.348540778025998921e-02
4.190000000000000000e+02 9.900209479805408552e-01 6.122779233393649267e-02
4.540000000000000000e+02 1.062620229367377434e+00 6.290696451020108548e-02
4.890000000000000000e+02 1.133267164058062493e+00 6.843364759552697518e-02
5.240000000000000000e+02 1.021847594304920559e+00 6.846935999695798192e-02
5.590000000000000000e+02 1.053653116317526672e+00 7.045909214102427653e-02
5.940000000000000000e+02 1.032641410058230624e+00 7.151118740654661965e-02
6.290000000000000000e+02 1.111439431303894443e+00 6.989023445737127527e-02
6.640000000000000000e+02 1.082910666874604244e+00 7.540902223165599216e-02
6.980000000000000000e+02 8.826662365000788046e-01 8.189527569580708211e-02
7.330000000000000000e+02 1.092692644190017770e+00 8.537845604492884377e-02
7.680000000000000000e+02 9.907389811335356455e-01 9.716645566858836403e-02
8.030000000000000000e+02 1.077328982706526661e+00 1.052032764633233503e-01
8.380000000000000000e+02 1.130969285914108058e+00 1.034734347244020830e-01
8.730000000000000000e+02 1.093526364863958600e+00 1.072018395243854588e-01
9.080000000000000000e+02 1.120796932467777562e+00 1.112727435850986851e-01
9.430000000000000000e+02 1.142159186544552840e+00 1.117964860791775122e-01
9.770000000000000000e+02 1.191983721545680552e+00 1.111079718065550309e-01
1.012000000000000000e+03 1.083558861113833371e+00 9.608895739116880830e-02
1.047000000000000000e+03 1.277138241365179949e+00 9.302345956897967172e-02
1.082000000000000000e+03 8.781816866212908135e-01 9.524241073025344062e-02
1.117000000000000000e+03 1.101433657888182260e+00 8.558847666997636272e-02
1.152000000000000000e+03 1.167621524860559923e+00 7.699394178212522200e-02
1.187000000000000000e+03 1.213849355495904669e+00 7.918291447463794708e-02
1.222000000000000000e+03 1.073320620841226258e+00 7.648415508520930994e-02
1.257000000000000000e+03 1.159313064006625815e+00 7.529484731730846925e-02
1.292000000000000000e+03 1.096047676735058873e+00 8.012479730788187038e-02
1.327000000000000000e+03 1.230306018235535870e+00 8.234185080511126353e-02
1.361000000000000000e+03 1.081293786687282266e+00 7.699431134956373490e-02
1.396000000000000000e+03 1.015501667694634458e+00 7.461027931458655282e-02
1.431000000000000000e+03 1.102963846102180900e+00 8.095002057186775901e-02
1.466000000000000000e+03 1.096803603824338724e+00 7.458025894984929294e-02
1.501000000000000000e+03 1.138150590471704415e+00 7.631208122830397678e-02
1.536000000000000000e+03 1.182037215503456862e+00 7.535655551215403314e-02
1.571000000000000000e+03 1.089278097764168507e+00 7.813975954972736393e-02
1.606000000000000000e+03 1.292035532274699694e+00 1.028929464929373150e-01
1.640000000000000000e+03 9.654673545302043802e-01 1.294180751588570599e-01
1.675000000000000000e+03 1.025603590395900655e+00 9.238508822733272619e-02
1.710000000000000000e+03 1.151518217831628332e+00 8.815193852761787907e-02
1.755000000000000000e+03 1.128274573531932390e+00 1.031746775417888839e-01
1.790000000000000000e+03 1.174264179463485380e+00 1.107376976622593961e-01
1.825000000000000000e+03 1.186848168754638166e+00 1.024735988268634101e-01
1.860000000000000000e+03 1.085175733214918337e+00 1.467606306839944474e-01
1.895000000000000000e+03 9.257691607610580853e-01 1.569139656503635571e-01
1.929000000000000000e+03 1.255848574445346033e+00 1.438061751729793336e-01
1.964000000000000000e+03 1.014023585263302163e+00 1.372891153703243994e-01
1.999000000000000000e+03 9.541130398924337896e-01 1.534761236936392770e-01
2.034000000000000000e+03 8.206099370628985312e-01 1.000000000000000000e+09
2.069000000000000000e+03 8.206099370628985312e-01 3.123299574080358187e-01
2.104000000000000000e+03 7.754059207915118268e-01 2.061785474388916073e-01
2.139000000000000000e+03 1.163984233361200049e+00 1.314658007593158262e-01
2.174000000000000000e+03 1.257120554034565574e+00 1.304884292835701010e-01
2.209000000000000000e+03 1.153091576570855592e+00 8.817879943114111108e-02
2.244000000000000000e+03 1.006266690418995857e+00 7.195168580104951972e-02
2.278000000000000000e+03 1.072653377987009105e+00 6.020826733212169407e-02
2.313000000000000000e+03 1.039965476962762647e+00 5.801636205533190066e-02
2.348000000000000000e+03 9.684135200006095401e-01 6.106953846103278100e-02
2.383000000000000000e+03 1.133851617451693050e+00 6.932491566439170916e-02
2.418000000000000000e+03 1.053218814949154813e+00 6.719040793740098383e-02
2.453000000000000000e+03 9.190869215552184279e-01 8.212061208111637312e-02
2.488000000000000000e+03 8.903879302692714326e-01 9.968019621578448619e-02
2.522000000000000000e+03 1.156127704895770991e+00 1.165756107214005050e-01
2.557000000000000000e+03 9.602531072036976090e-01 1.348988128592432945e-01
2.592000000000000000e+03 9.241770696488003090e-01 1.456483689859214559e-01
2.627000000000000000e+03 7.547548216474737615e-01 1.475358727092362654e-01
2.662000000000000000e+03 9.956182642689402895e-01 1.324430580590748308e-01
2.697000000000000000e+03 9.866844679783332017e-01 9.231042122503912983e-02
2.732000000000000000e+03 1.010928423208587779e+00 9.557123800458379448e-02
2.767000000000000000e+03 9.637152672731497116e-01 9.612002374585043585e-02
2.802000000000000000e+03 1.163860404667577564e+00 1.161898196347529999e-01
2.836000000000000000e+03 1.165988934230469232e+00 1.336879782533328398e-01
2.871000000000000000e+03 1.135559733158302054e+00 1.388113318820260456e-01
2.906000000000000000e+03 8.605791320070598216e-01 1.976246112718166026e-01
2.941000000000000000e+03 1.277925903590485746e+00 1.869322520721880543e-01
2.976000000000000000e+03 1.177408495860686077e+00 1.679448890171534592e-01
3.011000000000000000e+03 7.900347261161381196e-01 1.672441936899459469e-01
3.046000000000000000e+03 1.019122189059931571e+00 1.574289010811215084e-01
3.081000000000000000e+03 5.193272018199199813e-01 2.633549284095841325e-01
3.116000000000000000e+03 1.168175843250029322e+00 1.839438051246622963e-01
3.151000000000000000e+03 1.062892489173015820e+00 1.651641307522198343e-01
3.186000000000000000e+03 7.180352610120346313e-01 1.438259474874020727e-01
3.221000000000000000e+03 8.964845616306451603e-01 1.477986306974434227e-01
3.255000000000000000e+03 1.093111864094272523e+00 1.604556308290314981e-01
3.290000000000000000e+03 1.192263119062352272e+00 1.444711533477699428e-01
3.325000000000000000e+03 1.105583900350176174e+00 1.638006766040648876e-01
3.360000000000000000e+03 1.232444366201382424e+00 1.877809072658081224e-01
3.395000000000000000e+03 8.827265034002641508e-01 2.255177880340349106e-01
3.430000000000000000e+03 8.837217458024066996e-01 2.201244243350459207e-01
3.465000000000000000e+03 8.139494115410523811e-01 1.860532907683734027e-01
3.519000000000000000e+03 9.562157016305931068e-01 1.951271912946606901e-01
3.554000000000000000e+03 1.277065827805070608e+00 1.559481842391562956e-01
3.589000000000000000e+03 1.011206723183036171e+00 1.417561919697692963e-01
3.624000000000000000e+03 9.646426809100462352e-01 1.160229171643528123e-01
3.659000000000000000e+03 1.102108282099285130e+00 1.143526836026125815e-01
3.698000000000000000e+03 1.012873578575874234e+00 1.344228400283615232e-01
3.733000000000000000e+03 8.434132446150681695e-01 1.305335581812249179e-01
3.767000000000000000e+03 9.196433920740024748e-01 1.061956289338935600e-01
3.802000000000000000e+03 1.146117902540457534e+00 1.060342102895528299e-01
3.837000000000000000e+03 8.379372153538331425e-01 8.572780643927536970e-02
3.872000000000000000e+03 9.580087060530387832e-01 6.824127109588069839e-02
3.907000000000000000e+03 8.249655021667928745e-01 6.658849820872873859e-02
3.942000000000000000e+03 9.858253636374625373e-01 6.439328081868368747e-02
3.977000000000000000e+03 9.168831452204384558e-01 6.764593111619190968e-02
4.012000000000000000e+03 1.154644249229793918e+00 6.912902315655784780e-02
4.047000000000000000e+03 1.047896521728245656e+00 7.834586526155402908e-02
4.082000000000000000e+03 9.301063428825577795e-01 7.229395389348841627e-02
4.117000000000000000e+03 9.698617531505951961e-01 7.046465478223307155e-02
4.152000000000000000e+03 9.186473079303885125e-01 9.220645591308086753e-02
4.187000000000000000e+03 8.239789335066679543e-01 8.798093404440603116e-02
4.222000000000000000e+03 9.851346396289554219e-01 8.218110684325430348e-02
4.257000000000000000e+03 9.610656516308511144e-01 7.369758289438167742e-02
4.291000000000000000e+03 1.053998582743017165e+00 6.460070778842535999e-02
4.326000000000000000e+03 1.094532710768722605e+00 6.418202960098659537e-02
4.361000000000000000e+03 1.057512036935427391e+00 6.290642569825548314e-02
4.396000000000000000e+03 9.827770135136391083e-01 6.100732321789503060e-02
4.431000000000000000e+03 1.059934556991409371e+00 5.621783520360040115e-02
4.466000000000000000e+03 9.924703786325830279e-01 5.767338053212651278e-02
4.501000000000000000e+03 8.385614533447360852e-01 5.859542074923361488e-02
4.535000000000000000e+03 9.344844197729194057e-01 5.510058701658011177e-02
4.570000000000000000e+03 9.263935420980983215e-01 5.553813980087164009e-02
4.605000000000000000e+03 1.081069906194672692e+00 5.334768874637955266e-02
4.640000000000000000e+03 9.037438477607612208e-01 5.031165538310475305e-02
4.675000000000000000e+03 1.040577845893219555e+00 5.130397236956468765e-02
4.710000000000000000e+03 9.481160909186118202e-01 5.144505673341025903e-02
4.745000000000000000e+03 1.067977997327683282e+00 5.122051323516736004e-02
4.780000000000000000e+03 1.070801683342133659e+00 4.844904848478545634e-02
4.815000000000000000e+03 1.026469991707807061e+00 4.726824762881465247e-02
4.850000000000000000e+03 1.002725421031584130e+00 4.531346369700028215e-02
4.885000000000000000e+03 1.002178001226182502e+00 4.602064564151842757e-02
4.920000000000000000e+03 1.046166827459586113e+00 4.580197398997569447e-02
4.955000000000000000e+03 9.501454574897205685e-01 4.789545233394704865e-02
4.989000000000000000e+03 1.014754190099134368e+00 4.709039082333671411e-02
5.024000000000000000e+03 9.904984320470685555e-01 4.644555858139240434e-02
5.059000000000000000e+03 1.061464263424903631e+00 4.671802310249872220e-02
5.094000000000000000e+03 9.419951378240100093e-01 4.746043196953313864e-02
5.129000000000000000e+03 1.000492450217386864e+00 4.800121725272485373e-02
5.164000000000000000e+03 1.052793002199448491e+00 5.112971256296213601e-02
5.199000000000000000e+03 9.123163605460532510e-01 4.941838897462277891e-02
5.234000000000000000e+03 9.972277495172995332e-01 5.266426683524039198e-02
5.287000000000000000e+03 9.234301049630651015e-01 4.839783509071961948e-02
5.322000000000000000e+03 1.008684532688196356e+00 4.794781599540855199e-02
5.357000000000000000e+03 9.804698371058508943e-01 4.709751613339543258e-02
5.392000000000000000e+03 1.051701508318424017e+00 4.743221849498454462e-02
5.427000000000000000e+03 1.010430028274558190e+00 4.733749264378742105e-02
5.462000000000000000e+03 1.023339828670392526e+00 4.758801582507552613e-02
5.497000000000000000e+03 9.233047690848179556e-01 4.770399493002050462e-02
5.532000000000000000e+03 1.028662222114409719e+00 4.783319132975609456e-02
5.567000000000000000e+03 9.807100037007809856e-01 4.746293105716409277e-02
5.602000000000000000e+03 9.777616100993739012e-01 4.737304057992419715e-02
5.637000000000000000e+03 1.046186013747432142e+00 4.742749671425424557e-02
5.671000000000000000e+03 9.981334479098545875e-01 4.747522739378621376e-02
5.706000000000000000e+03 1.013796665837678024e+00 4.746702148092166174e-02
5.741000000000000000e+03 9.619985503416246253e-01 4.856401652135782648e-02
5.776000000000000000e+03 1.031989710760012446e+00 4.884959494531366381e-02
5.811000000000000000e+03 9.509146617453401173e-01 4.853833404107670002e-02
5.846000000000000000e+03 1.023540079172826189e+00 4.884088904312568896e-02
5.881000000000000000e+03 1.080377081912860637e+00 4.873905934432908038e-02
5.916000000000000000e+03 1.039168879076018071e+00 4.830706355539816921e-02
5.951000000000000000e+03 9.442419364917449265e-01 4.826703194334257957e-02
5.986000000000000000e+03 1.016412206013608266e+00 4.875548751751928450e-02
6.021000000000000000e+03 9.937533942510112794e-01 4.790429995749826558e-02
6.056000000000000000e+03 1.049936367330261522e+00 4.787536237483455692e-02
6.091000000000000000e+03 9.980493502954301821e-01 4.954183751847483080e-02
6.126000000000000000e+03 9.243164128454669504e-01 5.041918133457461842e-02
6.161000000000000000e+03 9.599362174214440824e-01 4.963030565908221892e-02
6.195000000000000000e+03 8.943272379863447252e-01 4.922550749034348971e-02
6.230000000000000000e+03 9.247550353019264868e-01 4.859214975788197360e-02
6.265000000000000000e+03 1.029095845284402344e+00 1.000000000000000000e+09
6.353000000000000000e+03 1.029095845284402344e+00 4.858105848153637663e-02
6.388000000000000000e+03 9.829749219054398912e-01 4.814985343196023782e-02
6.423000000000000000e+03 9.844312724865006414e-01 4.783849685723099571e-02
6.458000000000000000e+03 9.310656671231430925e-01 4.802415992473853257e-02
6.492000000000000000e+03 9.990120805154238948e-01 4.769889457029811985e-02
6.527000000000000000e+03 9.579105076927532103e-01 4.753519614105981839e-02
6.562000000000000000e+03 1.053166101251681308e+00 4.697540635725710317e-02
6.597000000000000000e+03 1.052816047838423641e+00 4.692889139178037933e-02
6.632000000000000000e+03 9.924276984020320436e-01 4.694760907472507461e-02
6.667000000000000000e+03 1.071017468173434573e+00 4.716248491292213130e-02
6.702000000000000000e+03 9.666025370970092734e-01 4.689900570536052055e-02
6.736000000000000000e+03 9.573317366826753494e-01 4.707166874537180995e-02
6.771000000000000000e+03 1.004603312947012661e+00 4.756839074633340686e-02
6.806000000000000000e+03 9.103707300116816725e-01 4.739304596030485817e-02
6.841000000000000000e+03 1.131783994707914243e+00 4.761012689126904035e-02
6.876000000000000000e+03 1.033771100713582580e+00 4.755565688693820514e-02
6.911000000000000000e+03 1.052791803110804336e+00 4.788124982227374982e-02
6.946000000000000000e+03 1.021687353507260365e+00 4.804593232743094994e-02
6.981000000000000000e+03 9.184858680735313863e-01 4.838604248307912248e-02
7.016000000000000000e+03 1.007268361392124278e+00 4.836337733297157992e-02
7.051000000000000000e+03 1.004106650097205566e+00 4.825725527905366102e-02
7.098000000000000000e+03 1.030159901135368594e+00 4.838717371472869844e-02
7.133000000000000000e+03 9.741197039224276377e-01 4.828460562349938534e-02
7.167000000000000000e+03 9.965618543855284672e-01 4.874439163092923744e-02
7.202000000000000000e+03 9.649336855230314924e-01 4.948293900090173364e-02
7.237000000000000000e+03 9.945396673957650480e-01 4.942511862287654600e-02
7.272000000000000000e+03 9.846363772768723654e-01 4.936754585545039681e-02
7.307000000000000000e+03 9.995075497826130251e-01 4.980783167352684226e-02
7.342000000000000000e+03 1.006753366594382637e+00 4.993947272797010645e-02
7.377000000000000000e+03 1.017004326861359553e+00 5.106979835387970290e-02
7.411000000000000000e+03 1.077081951956166073e+00 5.125237653408004634e-02
7.446000000000000000e+03 9.147503491315824853e-01 5.064415985028153377e-02
7.481000000000000000e+03 9.751592845210916849e-01 5.075815840351707159e-02
7.516000000000000000e+03 1.009413526424141283e+00 5.124428797185436729e-02
7.551000000000000000e+03 9.248532010737738895e-01 5.076325518540622528e-02
7.586000000000000000e+03 1.015081264438859376e+00 5.063810484164320974e-02
7.621000000000000000e+03 1.098982285393191205e+00 5.079961479459858820e-02
7.656000000000000000e+03 1.024636486233783783e+00 5.123441769964898890e-02
7.691000000000000000e+03 1.145120862682158513e+00 5.086945765813034176e-02
7.726000000000000000e+03 8.462427749128282883e-01 5.099377134511850346e-02
7.761000000000000000e+03 9.639728617636641461e-01 5.129116790726036268e-02
7.796000000000000000e+03 1.069627238866703189e+00 5.145834434133111923e-02
7.831000000000000000e+03 1.058291946865379085e+00 5.221598979110557426e-02
7.866000000000000000e+03 9.725518050038703954e-01 5.295317146257964847e-02
7.901000000000000000e+03 1.023896402195530575e+00 5.342326545356353845e-02
7.936000000000000000e+03 1.031134053091988578e+00 5.381225750994646922e-02
7.970000000000000000e+03 9.014895454195614999e-01 5.458610885779029143e-02
8.005000000000000000e+03 9.658664298490822198e-01 4.039423502327588872e-02
8.069000000000000000e+03 9.759536219739060048e-01 5.563420169343420707e-02
8.104000000000000000e+03 8.921005749587460620e-01 5.598368231770963627e-02
8.139000000000000000e+03 1.018896192480054586e+00 5.628892204300451479e-02
8.173000000000000000e+03 9.769138166559656611e-01 5.563053524743501871e-02
8.208000000000000000e+03 1.047797183970103907e+00 5.646029083283098104e-02
8.243000000000000000e+03 1.049339926582820715e+00 5.629695435684379384e-02
8.278000000000000000e+03 1.114099601175381204e+00 5.586713171598093469e-02
8.313000000000000000e+03 1.042349988108455472e+00 5.621816571535125789e-02
8.348000000000000000e+03 9.720775283794218513e-01 5.739715085762966962e-02
8.383000000000000000e+03 1.029340086294125545e+00 5.581559000878728860e-02
8.418000000000000000e+03 9.871224931924085233e-01 5.596483511568267621e-02
8.453000000000000000e+03 1.030617187296313464e+00 5.603148611677526841e-02
8.487000000000000000e+03 9.418774204954455387e-01 5.595715122238047179e-02
8.522000000000000000e+03 1.118813666637112236e+00 5.672038688050205085e-02
8.557000000000000000e+03 9.176645861615523314e-01 5.481490835187852184e-02
8.592000000000000000e+03 1.018264332150287776e+00 5.552489727249663998e-02
8.627000000000000000e+03 1.068773558507606136e+00 5.478119015681473525e-02
8.662000000000000000e+03 9.152356986718537257e-01 5.490250268815220769e-02
8.697000000000000000e+03 1.010602715903466287e+00 5.449197194814415363e-02
8.732000000000000000e+03 1.117633304750927037e+00 5.450108353386758780e-02
8.767000000000000000e+03 1.191982032653026602e+00 5.487802993993320250e-02
8.802000000000000000e+03 1.104357579060831318e+00 5.486491987623796918e-02
8.837000000000000000e+03 1.056760705443541726e+00 5.445427221300282172e-02
8.886000000000000000e+03 1.072306261008278749e+00 5.410344990784973079e-02
8.921000000000000000e+03 1.028532020563764693e+00 5.451382145710467753e-02
8.956000000000000000e+03 1.069650557296814686e+00 5.503217992468017322e-02
8.991000000000000000e+03 1.047006422026913519e+00 5.514844879032951980e-02
9.026000000000000000e+03 1.118554660191428685e+00 5.545361047389391757e-02
9.061000000000000000e+03 1.111134410611962497e+00 5.476541294652695346e-02
9.096000000000000000e+03 9.232365188133410117e-01 5.498656989129430822e-02
9.131000000000000000e+03 1.022371353250524084e+00 5.410420995214033218e-02
9.166000000000000000e+03 1.006107316123559192e+00 5.445468914953953410e-02
9.201000000000000000e+03 1.097713387881030789e+00 5.498811256079455534e-02
9.236000000000000000e+03 1.142595261193089184e+00 5.484104826089254703e-02
9.271000000000000000e+03 1.003157867228118949e+00 5.433144288504269254e-02
9.306000000000000000e+03 1.021624734586243033e+00 5.416604998396042092e-02
9.340000000000000000e+03 1.032450005632381984e+00 5.433175675174155284e-02
9.375000000000000000e+03 9.516934676366218815e-01 5.401327691677490495e-02
9.410000000000000000e+03 7.413683766775008843e-01 5.428090228959484703e-02
9.445000000000000000e+03 7.854032171034474041e-01 5.504285668678263188e-02
9.480000000000000000e+03 6.951122463417821473e-01 5.513091891135432632e-02
9.515000000000000000e+03 6.739178791222854015e-01 5.544941896568311018e-02
9.550000000000000000e+03 6.276923014734295814e-01 5.563837043126249049e-02
9.585000000000000000e+03 6.700915086213109495e-01 5.667308634083608604e-02
9.620000000000000000e+03 5.626361949638239990e-01 5.668833965781499423e-02
9.655000000000000000e+03 6.724699572033756567e-01 5.714129404687873920e-02
9.690000000000000000e+03 6.230050195437643046e-01 5.744787259300113136e-02
9.725000000000000000e+03 6.355294661658903443e-01 5.764534928137933500e-02
9.760000000000000000e+03 6.244008827649988325e-01 5.666387433219372688e-02
9.794000000000000000e+03 6.149766018458014960e-01 5.666771002793664913e-02
9.829000000000000000e+03 6.504278582553255639e-01 5.745549354536470810e-02
9.864000000000000000e+03 5.562015245788179962e-01 5.725070932649685418e-02
9.899000000000000000e+03 5.593364715876256721e-01 5.730088052389875619e-02
9.934000000000000000e+03 6.317025276912556775e-01 3.940369679623149241e-02
9.969000000000000000e+03 6.565609768152279591e-01 3.832266602064093169e-02
1.000400000000000000e+04 5.551438746420664927e-01 3.850685795210141704e-02
1.003900000000000000e+04 5.814018843059192143e-01 3.820593972214306189e-02
1.007300000000000000e+04 5.541411395006686780e-01 3.756932676719870745e-02
1.010800000000000000e+04 5.981602453310274070e-01 3.803693322044401914e-02
1.014300000000000000e+04 5.779105007806516481e-01 3.630635442761043913e-02
1.017800000000000000e+04 6.406673909699418523e-01 3.630092570259177420e-02
1.021300000000000000e+04 6.065951839815324487e-01 3.577364921508952023e-02
1.024800000000000000e+04 6.418940734086722166e-01 3.565431184113625890e-02
1.028300000000000000e+04 6.063372494218041142e-01 3.533880047015507120e-02
1.031700000000000000e+04 6.308659070996380791e-01 3.510404670764805807e-02
1.035200000000000000e+04 6.432356741637498265e-01 3.618171558819691103e-02
1.038700000000000000e+04 6.519498274822446149e-01 3.481832675683776968e-02
1.042200000000000000e+04 5.775903843781657887e-01 3.578581706109906779e-02
1.045700000000000000e+04 6.977839156365099882e-01 3.566699298857176070e-02
1.049200000000000000e+04 5.665221937086319937e-01 3.552386430115357652e-02
1.052700000000000000e+04 5.554913863618724523e-01 3.586237119847560800e-02
1.056200000000000000e+04 5.681191419620790217e-01 3.617510972860018409e-02
1.059700000000000000e+04 7.516064448723275282e-01 3.645238613289344953e-02
1.064500000000000000e+04 5.908381019233676090e-01 3.679522735796822430e-02
1.068000000000000000e+04 5.165748984974465330e-01 3.582087656096143852e-02
1.071500000000000000e+04 6.454988991926537967e-01 3.567751915873025592e-02
1.074900000000000000e+04 5.348156601197862070e-01 3.599348256335441892e-02
1.078400000000000000e+04 6.393388174684170311e-01 3.574864128587405820e-02
1.081900000000000000e+04 6.906937862839344078e-01 3.596344802000583929e-02
1.085400000000000000e+04 6.094709816231845823e-01 3.619883923765599559e-02
1.088900000000000000e+04 5.602073580431701227e-01 3.642202302721903040e-02
1.092400000000000000e+04 6.884599992754044662e-01 3.667098014530539851e-02
1.095900000000000000e+04 6.460529648977401118e-01 3.704937418385709919e-02
1.099400000000000000e+04 5.674345639493203475e-01 3.714902615411838638e-02
1.102800000000000000e+04 5.306052453277397829e-01 3.565121269670551429e-02
1.106300000000000000e+04 6.070655332303780405e-01 3.759259675835712605e-02
1.109800000000000000e+04 6.211379207543025194e-01 3.825275435890789638e-02
1.113300000000000000e+04 5.424483361680486615e-01 3.833688860362741146e-02
1.116800000000000000e+04 6.267556111355037096e-01 3.841277583016468322e-02
1.120300000000000000e+04 5.996696889591470736e-01 3.867247830930879010e-02
1.123800000000000000e+04 6.239527787299092854e-01 3.921247010906628305e-02
1.127300000000000000e+04 6.095043520062238818e-01 3.893022268987173656e-02
1.130800000000000000e+04 5.799308799280482596e-01 4.041396074305888403e-02
1.134300000000000000e+04 6.411150945127674916e-01 3.905856400101481718e-02
1.137700000000000000e+04 5.153897327642504855e-01 4.050825470611497253e-02
1.141200000000000000e+04 7.516900361639862194e-01 3.967391241437152882e-02
1.144700000000000000e+04 9.006902963403070617e-01 3.954291191959027202e-02
1.148200000000000000e+04 7.583173070296463925e-01 3.955917561102773039e-02
1.151700000000000000e+04 7.096537810744798502e-01 3.913428154008423421e-02
1.155200000000000000e+04 1.024636394917990412e+00 3.975256344811459869e-02
1.158700000000000000e+04 1.069296724347791550e+00 3.905737983299421151e-02
1.162200000000000000e+04 1.047976228353495243e+00 3.963663796981248960e-02
1.165700000000000000e+04 1.022076680121892123e+00 3.950963273758931193e-02
1.169100000000000000e+04 1.002141983452943697e+00 3.789037263583392573e-02
1.172600000000000000e+04 9.921008118193532788e-01 3.834989740412564352e-02
1.176100000000000000e+04 1.015054433158870228e+00 3.810113555155928561e-02
1.179600000000000000e+04 1.057399404468655879e+00 3.805333349021110950e-02
1.183100000000000000e+04 1.012465887443044332e+00 3.826574567462164012e-02
1.186600000000000000e+04 1.004281257162579433e+00 3.845205965112917512e-02
1.190100000000000000e+04 1.073395949338192601e+00 3.878621188524970786e-02
1.193600000000000000e+04 9.274485261950996540e-01 3.889992405801342978e-02
1.197100000000000000e+04 1.019330137960241300e+00 3.874214548004908248e-02
1.200600000000000000e+04 1.094688773227143308e+00 3.830477594314021100e-02
1.204100000000000000e+04 9.807347900437812793e-01 3.809625726017227404e-02
1.207600000000000000e+04 9.780777767553336943e-01 3.839430169124111170e-02
1.211000000000000000e+04 1.061048305932163149e+00 3.814560755099621198e-02
1.214500000000000000e+04 9.829977850027589170e-01 3.819200489621642214e-02
1.218000000000000000e+04 1.016468066732645781e+00 3.835877736829869378e-02
1.221500000000000000e+04 1.023816440818371643e+00 3.809831691520580016e-02
1.225000000000000000e+04 9.956280121855222154e-01 3.813666190585258964e-02
1.228500000000000000e+04 9.989823434484129683e-01 3.845890588992061099e-02
1.232000000000000000e+04 1.067570924001485233e+00 3.850118058315888520e-02
1.235400000000000000e+04 9.891633145078658762e-01 3.870377396740486836e-02
