0.000000000000000000e+00 9.447129371281605126e-01 2.219511086921775039e-02
3.500000000000000000e+01 9.944408957547662409e-01 2.195237864704958214e-02
7.000000000000000000e+01 9.863627360073674577e-01 2.148710314084055148e-02
1.040000000000000000e+02 9.518397578599926412e-01 2.123761237491905707e-02
1.390000000000000000e+02 9.556178052293464731e-01 2.139332476342336448e-02
1.740000000000000000e+02 9.614941305646698133e-01 2.145678846005444340e-02
2.090000000000000000e+02 9.266027150929336820e-01 2.062094090298898300e-02
2.440000000000000000e+02 9.810891694280073905e-01 2.037358797541441793e-02
2.790000000000000000e+02 9.667652283035449434e-01 2.028363130351847760e-02
3.130000000000000000e+02 9.468706583416535150e-01 2.009662306104477089e-02
3.480000000000000000e+02 9.638660899386800596e-01 1.967295471043113003e-02
3.830000000000000000e+02 9.502056595182268861e-01 1.969240445601046219e-02
4.180000000000000000e+02 9.404561034419763876e-01 1.923293106927136467e-02
4.530000000000000000e+02 9.275986681086596519e-01 1.907881933420996212e-02
4.880000000000000000e+02 9.306891172758939845e-01 1.910154581211246164e-02
5.220000000000000000e+02 9.233658553708140593e-01 1.855774127081605968e-02
5.570000000000000000e+02 9.217599735711567988e-01 1.832951127542343378e-02
5.920000000000000000e+02 9.296057860535925643e-01 1.817700739639292046e-02
6.270000000000000000e+02 9.468673395441696838e-01 1.794994669129229906e-02
6.620000000000000000e+02 9.040233965443662534e-01 1.816653320919910802e-02
6.970000000000000000e+02 9.116182767881432225e-01 1.821445693371346805e-02
7.310000000000000000e+02 9.435274351811733240e-01 1.836947932145028065e-02
7.660000000000000000e+02 9.506054574534748003e-01 1.809397025701999645e-02
8.010000000000000000e+02 9.463930337709459684e-01 1.805875834350055900e-02
8.360000000000000000e+02 9.660641328155160634e-01 1.805480400736508145e-02
8.710000000000000000e+02 9.174002372221966572e-01 1.771786474105739584e-02
9.060000000000000000e+02 9.417603801914848916e-01 1.755779887798501748e-02
9.400000000000000000e+02 9.190121665070649648e-01 1.751520752951097812e-02
9.750000000000000000e+02 9.180987382258904983e-01 1.729668800854751443e-02
1.010000000000000000e+03 9.598270378390691970e-01 1.740259125797225664e-02
1.045000000000000000e+03 9.617090775263619218e-01 1.717408035808296735e-02
1.080000000000000000e+03 9.462052813638818227e-01 1.700666894715209543e-02
1.115000000000000000e+03 9.585030608843035926e-01 1.705481834422411386e-02
1.149000000000000000e+03 9.606742835357569010e-01 1.683951512994898841e-02
1.184000000000000000e+03 9.665257448578323807e-01 1.679437892456620354e-02
1.219000000000000000e+03 9.652382998960385985e-01 1.686760197238019662e-02
1.254000000000000000e+03 9.579432835854211348e-01 1.667649741745418773e-02
1.289000000000000000e+03 9.960699891266024952e-01 1.727384470852853099e-02
1.324000000000000000e+03 9.541064564910558543e-01 1.706166832828187596e-02
1.358000000000000000e+03 9.895516617037202201e-01 1.724941901812146808e-02
1.393000000000000000e+03 9.909732958982379047e-01 1.680899949551656336e-02
1.428000000000000000e+03 9.724522241019066815e-01 1.685333759632313966e-02
1.463000000000000000e+03 9.855705306417796852e-01 1.710878763054091145e-02
1.498000000000000000e+03 9.685821877260722967e-01 1.657804782382051728e-02
1.533000000000000000e+03 9.574876614311381706e-01 1.627108485479997549e-02
1.567000000000000000e+03 9.659000019334225140e-01 1.663566188857579578e-02
1.602000000000000000e+03 1.027143852966270865e+00 1.687598197509953407e-02
1.637000000000000000e+03 9.814751633938108011e-01 1.686478304196011371e-02
1.672000000000000000e+03 9.744986355003169010e-01 1.682169005788603650e-02
1.707000000000000000e+03 1.017525435787644650e+00 1.679902418852596141e-02
1.760000000000000000e+03 1.005095283922484706e+00 1.641408062641240909e-02
1.795000000000000000e+03 1.021655265269910240e+00 1.566799023817987135e-02
1.830000000000000000e+03 9.996737751738272726e-01 1.558006572060076020e-02
1.865000000000000000e+03 1.016960955013453960e+00 1.548956603024651511e-02
1.900000000000000000e+03 1.016933437295197917e+00 1.552244155218878915e-02
1.934000000000000000e+03 1.063286368796727333e+00 1.542139569575792790e-02
1.969000000000000000e+03 1.054963397671070613e+00 1.539420992974516872e-02
2.004000000000000000e+03 1.108363722827227615e+00 1.535648463477233897e-02
2.039000000000000000e+03 1.090329875736621545e+00 1.524429957447285405e-02
2.074000000000000000e+03 1.125682517872711230e+00 1.524655260559205916e-02
2.109000000000000000e+03 1.115607130735411401e+00 1.439703364287945112e-02
2.143000000000000000e+03 1.095541917955989097e+00 1.419784179357839148e-02
2.178000000000000000e+03 1.138906060311478008e+00 1.437010314686268733e-02
2.213000000000000000e+03 1.172195272983475700e+00 1.457527334441818638e-02
2.248000000000000000e+03 1.134557929475902727e+00 1.443478110471769181e-02
2.283000000000000000e+03 1.188170848311323580e+00 1.481214059294682153e-02
2.318000000000000000e+03 1.199825874656938574e+00 1.472540058292695631e-02
2.352000000000000000e+03 1.207025469386321381e+00 1.458006522204699680e-02
2.387000000000000000e+03 1.226061179535053558e+00 1.466285961624565898e-02
2.422000000000000000e+03 1.163465521263465252e+00 1.493950679719420992e-02
2.457000000000000000e+03 1.191623616243585815e+00 1.485200593963398666e-02
2.492000000000000000e+03 1.257022152560109296e+00 1.490058093743380947e-02
2.527000000000000000e+03 1.203033598068692145e+00 1.499440943042013898e-02
2.561000000000000000e+03 1.248560977829880292e+00 1.480250321982951034e-02
2.596000000000000000e+03 1.224614803997768897e+00 1.475959149718475763e-02
2.631000000000000000e+03 1.243354724064495320e+00 1.487466873080022303e-02
2.666000000000000000e+03 1.221881206166884004e+00 1.482459947079100421e-02
2.701000000000000000e+03 1.256145621207545693e+00 1.505367022642662041e-02
2.736000000000000000e+03 1.229632731681793434e+00 1.501820235205461422e-02
2.770000000000000000e+03 1.204298276413559465e+00 1.485840626413277923e-02
2.805000000000000000e+03 1.205528216105404171e+00 1.474195696404758879e-02
2.840000000000000000e+03 1.212885525568411671e+00 1.468616182645731717e-02
2.875000000000000000e+03 1.184291591450756576e+00 1.487073834159413112e-02
2.910000000000000000e+03 1.170741215625369147e+00 1.521387638111467919e-02
2.945000000000000000e+03 1.196665521138866373e+00 1.581602320937167475e-02
2.979000000000000000e+03 1.237451566094660560e+00 1.598146657844042723e-02
3.014000000000000000e+03 1.152012672539090232e+00 1.600324537138265654e-02
3.049000000000000000e+03 1.172124460228745724e+00 1.624745099069133114e-02
3.084000000000000000e+03 1.185364285379293614e+00 1.609979067964066590e-02
3.119000000000000000e+03 1.160315987132874538e+00 1.626175198621983287e-02
3.154000000000000000e+03 1.152760150651021442e+00 1.632361427905167431e-02
3.188000000000000000e+03 1.162633096755271600e+00 1.640694105088532501e-02
3.223000000000000000e+03 1.107667920094421943e+00 1.640212387875967723e-02
3.258000000000000000e+03 1.080151138723877802e+00 1.640921737623418294e-02
3.293000000000000000e+03 1.150676559691532486e+00 1.650639011529298622e-02
3.328000000000000000e+03 1.118563481456453790e+00 1.656223738628771411e-02
3.363000000000000000e+03 1.104468769672850792e+00 1.632580009260142795e-02
3.397000000000000000e+03 1.092331367471358172e+00 1.636889775068489303e-02
3.432000000000000000e+03 1.103928807829092529e+00 1.622431749120093261e-02
3.467000000000000000e+03 1.082871635155250312e+00 1.611992656920510983e-02
3.516000000000000000e+03 1.123385153776850442e+00 1.629133441582220065e-02
3.550000000000000000e+03 1.095157208488017231e+00 1.637398931315569087e-02
3.585000000000000000e+03 1.081829749122306339e+00 1.627780188827159663e-02
3.620000000000000000e+03 1.084296524210108359e+00 1.648197078936590801e-02
3.655000000000000000e+03 1.087329358131154056e+00 1.664344560860910038e-02
3.690000000000000000e+03 1.089921963126608162e+00 1.658267847293659267e-02
3.725000000000000000e+03 1.022007725047596960e+00 1.642975382720265193e-02
3.760000000000000000e+03 1.068992871253501065e+00 1.652293824271072048e-02
3.794000000000000000e+03 1.048790983529025667e+00 1.645625396924802614e-02
3.829000000000000000e+03 1.042960624235653500e+00 1.614734009405891998e-02
3.864000000000000000e+03 1.032864899491223065e+00 1.638570704972111547e-02
3.899000000000000000e+03 1.025136404754471542e+00 1.619440694930488964e-02
3.934000000000000000e+03 1.003996684736740530e+00 1.638808777981848319e-02
3.969000000000000000e+03 1.035047425545289057e+00 1.641548884046045709e-02
4.003000000000000000e+03 1.009754632766211691e+00 1.649572146547607226e-02
4.038000000000000000e+03 1.029427841670766286e+00 1.636105177429993118e-02
4.073000000000000000e+03 9.928945013530714458e-01 1.622301768113063730e-02
4.108000000000000000e+03 1.014548331398708481e+00 1.643684537193488074e-02
4.143000000000000000e+03 1.005521670622303354e+00 1.625532375915840141e-02
4.178000000000000000e+03 1.003164181565632918e+00 1.631423810375678268e-02
4.213000000000000000e+03 1.011277626993181578e+00 1.634177768220267807e-02
4.248000000000000000e+03 1.023557738938421613e+00 1.658878708643087702e-02
4.282000000000000000e+03 9.886972147861394777e-01 1.640345067992521680e-02
4.317000000000000000e+03 1.000326224826172616e+00 1.659525140571393650e-02
4.352000000000000000e+03 9.894637455077787136e-01 1.670341828714077756e-02
4.387000000000000000e+03 9.684630861554039960e-01 1.656950927041837829e-02
4.422000000000000000e+03 9.732361619426074251e-01 1.655250204310471096e-02
4.457000000000000000e+03 9.798315965380038906e-01 1.662836692691539373e-02
4.491000000000000000e+03 9.705436412994289386e-01 1.666884455466683193e-02
4.526000000000000000e+03 9.713619084390627823e-01 1.673872997421853998e-02
4.561000000000000000e+03 9.811242949439582528e-01 1.672045122060709238e-02
4.596000000000000000e+03 9.637328892297916116e-01 1.669999581124304022e-02
4.631000000000000000e+03 9.454720906865975438e-01 1.674088429479320822e-02
4.666000000000000000e+03 9.662260461845576520e-01 1.687905641510650812e-02
4.700000000000000000e+03 9.843859852945917588e-01 1.692212923246794870e-02
4.735000000000000000e+03 9.591068485165367141e-01 1.693396221946355529e-02
4.770000000000000000e+03 9.702352202181147023e-01 1.681894689864425405e-02
4.805000000000000000e+03 9.550375261633089474e-01 1.683357316836145770e-02
4.840000000000000000e+03 9.409347876908101815e-01 1.652433150271946996e-02
4.875000000000000000e+03 9.519661089705609980e-01 1.687971302905968626e-02
4.910000000000000000e+03 9.803141399177806026e-01 1.684856099161246776e-02
4.945000000000000000e+03 9.642445888894947137e-01 1.703790669400339491e-02
4.979000000000000000e+03 9.352165156311189609e-01 1.710299818245315448e-02
5.014000000000000000e+03 9.315303923625587457e-01 1.709393149861301864e-02
5.049000000000000000e+03 9.643811253645003800e-01 1.720947000246878661e-02
5.084000000000000000e+03 9.450505458553870586e-01 1.724483580641087907e-02
5.119000000000000000e+03 9.567178121683490577e-01 1.723321435475001773e-02
5.153000000000000000e+03 9.407022456206984851e-01 1.729318547835799469e-02
5.188000000000000000e+03 9.181580645722148271e-01 1.716385207822273065e-02
5.223000000000000000e+03 9.334758401199566569e-01 1.725137283324892565e-02
5.276000000000000000e+03 9.276038966253489226e-01 1.730221213364883243e-02
5.311000000000000000e+03 9.465171736073381137e-01 1.724942779903865242e-02
5.346000000000000000e+03 9.436820280961680796e-01 1.729106484647226563e-02
5.381000000000000000e+03 9.540662536571181684e-01 1.734618225177153236e-02
5.416000000000000000e+03 9.298909817213892870e-01 1.726769785254042219e-02
5.451000000000000000e+03 9.207693834307237868e-01 1.708939768117726660e-02
5.486000000000000000e+03 9.115382081742819942e-01 1.713214099269180085e-02
5.520000000000000000e+03 9.535921915478845490e-01 1.709478369573350781e-02
5.555000000000000000e+03 9.551211508182941845e-01 1.687660723234003790e-02
5.590000000000000000e+03 9.177720235417501371e-01 1.695166285651212787e-02
5.625000000000000000e+03 9.267283328261225472e-01 1.714690039917419681e-02
5.660000000000000000e+03 9.343712607093558331e-01 1.709003962393016232e-02
5.694000000000000000e+03 9.467622832785235198e-01 1.709940012513258903e-02
5.729000000000000000e+03 9.344258951667436808e-01 1.703658159334357769e-02
5.764000000000000000e+03 9.122473949877771826e-01 1.700931695283014813e-02
5.799000000000000000e+03 9.059326941459866500e-01 1.699718929574674936e-02
5.834000000000000000e+03 9.237906539490532420e-01 1.695261887458749533e-02
5.869000000000000000e+03 9.294477355225575499e-01 1.710567646209159437e-02
5.904000000000000000e+03 9.278875893694890076e-01 1.728308128413175854e-02
5.939000000000000000e+03 9.412534400348046004e-01 1.731579918084784689e-02
5.973000000000000000e+03 9.664442948139188028e-01 1.728383869728947198e-02
6.008000000000000000e+03 8.870436266593576535e-01 1.714885664657830530e-02
6.043000000000000000e+03 9.201263097205969466e-01 1.722071819726935654e-02
6.078000000000000000e+03 9.303622925161073587e-01 1.722274653095598115e-02
6.113000000000000000e+03 9.545329819845298491e-01 1.717555217162089129e-02
6.148000000000000000e+03 9.408108818630296355e-01 1.733955401004042690e-02
6.183000000000000000e+03 8.886927496894500011e-01 1.720844452901281255e-02
6.217000000000000000e+03 9.323376641287376421e-01 1.758715977597852601e-02
6.252000000000000000e+03 9.391921305389807628e-01 1.739918271921806966e-02
6.287000000000000000e+03 9.398233681494828629e-01 1.753458719846428052e-02
6.322000000000000000e+03 9.377201442616465155e-01 1.744680815453119455e-02
6.357000000000000000e+03 9.580920393567294857e-01 1.752902784590028989e-02
6.391000000000000000e+03 9.706654090420311354e-01 1.769198886276288421e-02
6.426000000000000000e+03 9.626694321836473112e-01 1.763987143329977941e-02
6.461000000000000000e+03 9.492249496079686599e-01 1.768722700712839838e-02
6.496000000000000000e+03 9.597384270192180766e-01 1.842413718212829524e-02
6.531000000000000000e+03 9.531119351773227333e-01 1.965587044423456470e-02
6.566000000000000000e+03 9.513504863134158995e-01 1.919909466057704087e-02
6.601000000000000000e+03 9.516861243246419466e-01 1.798669432945909294e-02
6.636000000000000000e+03 9.854820235980842336e-01 1.752694604516788143e-02
6.671000000000000000e+03 9.771550024394194400e-01 1.759563052231066793e-02
6.705000000000000000e+03 1.002741317171369273e+00 1.759289797952409001e-02
6.740000000000000000e+03 9.869592260956180363e-01 1.755361489257643501e-02
6.775000000000000000e+03 1.064364063174485286e+00 1.761015069434329963e-02
6.810000000000000000e+03 1.017054276775277488e+00 1.742007310956322080e-02
6.845000000000000000e+03 1.014995779983641544e+00 1.758835192806531764e-02
6.880000000000000000e+03 1.002685499397637958e+00 1.756396779047640286e-02
6.914000000000000000e+03 1.066003929596407662e+00 1.777997797780011061e-02
6.949000000000000000e+03 1.062974042925405316e+00 1.786375508151704511e-02
6.984000000000000000e+03 1.038161433415349943e+00 1.796850185956395951e-02
7.037000000000000000e+03 1.040820524934494173e+00 1.794731955589732447e-02
7.072000000000000000e+03 1.140135696709427826e+00 1.810871546207300231e-02
7.106000000000000000e+03 1.123277997604605893e+00 1.825238610327961988e-02
7.141000000000000000e+03 1.103418652600915983e+00 1.813025362490426617e-02
7.176000000000000000e+03 1.177165529121332543e+00 1.835563542324127051e-02
7.211000000000000000e+03 1.164348235345319393e+00 1.836263651649187173e-02
7.246000000000000000e+03 1.172934501579221633e+00 1.839476718901975061e-02
7.281000000000000000e+03 1.211312383232893808e+00 1.838190906701873267e-02
7.315000000000000000e+03 1.194023260188183055e+00 1.830201619402031799e-02
7.350000000000000000e+03 1.216196920850498353e+00 1.842507083197805415e-02
7.385000000000000000e+03 1.260383030205017407e+00 1.854213044414191811e-02
7.420000000000000000e+03 1.263208974301235354e+00 1.842272501545070759e-02
7.455000000000000000e+03 1.228515561108864507e+00 1.826009620295308486e-02
7.490000000000000000e+03 1.284840847965359689e+00 1.854267259210023652e-02
7.524000000000000000e+03 1.248431242528452501e+00 1.848016146011407027e-02
7.559000000000000000e+03 1.219045349732721384e+00 1.830313269813480664e-02
7.594000000000000000e+03 1.260875924191658504e+00 1.859918911551436752e-02
7.629000000000000000e+03 1.244832671918363998e+00 1.868289990857138066e-02
7.664000000000000000e+03 1.233013563357687969e+00 1.856340894655832824e-02
7.699000000000000000e+03 1.243018015554594680e+00 1.872686098178871772e-02
7.734000000000000000e+03 1.255666700014988146e+00 1.871621856014945781e-02
7.769000000000000000e+03 1.250997436716370537e+00 1.881504067854287282e-02
7.804000000000000000e+03 1.177345285356467874e+00 1.870093843719040916e-02
7.838000000000000000e+03 1.224952116125725521e+00 1.880830479801346572e-02
7.873000000000000000e+03 1.208439939135615981e+00 1.898945088889301969e-02
7.908000000000000000e+03 1.201126443613247829e+00 1.871812278855307377e-02
7.943000000000000000e+03 1.160494072147451039e+00 1.896880093060259939e-02
7.978000000000000000e+03 1.178425232321557159e+00 1.909044797782296146e-02
8.012000000000000000e+03 1.157173885883647557e+00 1.898282146378249546e-02
8.047000000000000000e+03 1.163759113796138722e+00 1.900228354449473231e-02
8.082000000000000000e+03 1.173812645017937140e+00 1.913664165404478645e-02
8.118000000000000000e+03 1.143737136081587780e+00 1.901944569036327290e-02
8.153000000000000000e+03 1.145772438539558014e+00 1.924231613187307385e-02
8.188000000000000000e+03 1.102565150745764555e+00 1.917012183543918141e-02
8.223000000000000000e+03 1.115104114782753619e+00 1.908629568844472796e-02
8.257000000000000000e+03 1.079363571313014081e+00 1.891564913505409257e-02
8.292000000000000000e+03 1.094964458767228033e+00 1.884344997043133421e-02
8.327000000000000000e+03 1.106212782246397186e+00 1.908801237118163546e-02
8.362000000000000000e+03 1.126919783803616015e+00 1.880841078425922464e-02
8.397000000000000000e+03 1.127543514232504540e+00 1.898721131984279845e-02
8.432000000000000000e+03 1.085144284197449238e+00 1.886634797234072736e-02
8.466000000000000000e+03 1.093872234250619968e+00 1.897405603823015124e-02
8.501000000000000000e+03 1.098167521548279568e+00 1.893983871894776641e-02
8.536000000000000000e+03 1.083821088262110655e+00 1.921570370923209384e-02
8.571000000000000000e+03 1.079808909449562426e+00 1.890718020280416842e-02
8.606000000000000000e+03 1.043666118533544962e+00 1.895305266860914870e-02
8.640000000000000000e+03 1.052379972945042041e+00 1.915806512275996035e-02
8.675000000000000000e+03 1.058945857787189970e+00 1.917607656406420877e-02
8.710000000000000000e+03 1.017609270186138559e+00 1.908264535448393404e-02
8.745000000000000000e+03 1.059957905263492428e+00 1.923271448371086448e-02
8.796000000000000000e+03 1.018457965508622109e+00 1.921724373272385919e-02
8.831000000000000000e+03 1.060528854461326054e+00 1.965100457023303410e-02
8.866000000000000000e+03 1.028959533848917030e+00 1.946597986000362518e-02
8.900000000000000000e+03 1.014942975694781646e+00 1.983980991553136591e-02
8.935000000000000000e+03 1.019950488742932260e+00 2.008042980294961338e-02
8.970000000000000000e+03 1.002641474802825616e+00 2.021114669774272746e-02
9.005000000000000000e+03 1.029814304262031577e+00 2.033840539264840375e-02
9.040000000000000000e+03 1.016424921894481637e+00 2.063000494904273022e-02
9.075000000000000000e+03 1.006011200998155664e+00 2.034135598286703622e-02
9.109000000000000000e+03 9.962950921359513545e-01 2.066308240753527911e-02
9.144000000000000000e+03 9.946409199490399144e-01 2.043892807949292817e-02
9.179000000000000000e+03 9.529559359393355855e-01 2.048319528323969477e-02
9.214000000000000000e+03 9.548228179597076926e-01 2.066850769175349392e-02
9.249000000000000000e+03 9.376463041482897554e-01 2.054663149282069320e-02
9.284000000000000000e+03 9.928282076387892063e-01 2.067869273389085980e-02
9.319000000000000000e+03 1.032280514330001342e+00 2.078696648751060180e-02
9.354000000000000000e+03 9.882176641220135060e-01 2.073795846657426264e-02
9.388000000000000000e+03 9.176259246188067653e-01 2.090400100815342777e-02
9.423000000000000000e+03 9.585647445469492878e-01 2.107424994568513413e-02
9.458000000000000000e+03 1.015680750563771051e+00 2.082326890529566030e-02
9.493000000000000000e+03 9.794857427024296070e-01 2.067470490572632241e-02
9.528000000000000000e+03 9.534530718740954480e-01 2.077750806888697260e-02
9.563000000000000000e+03 9.815465332934899534e-01 2.065748943323074752e-02
9.598000000000000000e+03 9.407203701343359592e-01 2.074260160753791174e-02
9.632000000000000000e+03 9.108857105491469097e-01 2.042300350048541213e-02
9.667000000000000000e+03 9.639816055628716018e-01 2.048613894078046838e-02
9.702000000000000000e+03 8.963985371693287130e-01 2.002250062881132456e-02
9.737000000000000000e+03 9.766059488207394779e-01 2.049516821766678848e-02
9.772000000000000000e+03 9.351650332708724145e-01 2.025717912031453974e-02
9.806000000000000000e+03 1.007557739223244875e+00 2.024438007151914062e-02
9.841000000000000000e+03 9.356745534653062579e-01 2.038966571439145004e-02
9.876000000000000000e+03 9.279984059284864806e-01 2.060877720971694693e-02
9.911000000000000000e+03 9.327189530641255555e-01 2.063218780200654079e-02
9.946000000000000000e+03 9.249890017719047952e-01 2.060778914882583149e-02
9.981000000000000000e+03 9.506320230689196960e-01 2.064185962423500595e-02
1.001600000000000000e+04 9.703899536352941224e-01 2.072415811155982335e-02
1.005000000000000000e+04 9.598929110658935837e-01 2.069595220669994198e-02
1.008500000000000000e+04 9.256759642900042051e-01 2.071935048962329079e-02
1.012000000000000000e+04 9.439705508064900608e-01 2.091669019145723021e-02
1.015500000000000000e+04 9.566382728993489959e-01 2.108194955991639710e-02
1.019000000000000000e+04 9.679547544854250063e-01 2.106019539900973528e-02
1.022500000000000000e+04 9.075824415697025804e-01 2.090759949096963888e-02
1.025900000000000000e+04 9.348439153302057214e-01 2.161240370708199243e-02
1.029400000000000000e+04 9.566699992331481051e-01 2.159830980746024059e-02
1.032900000000000000e+04 9.179300495069552257e-01 2.141512788103442852e-02
1.036400000000000000e+04 8.382749597150357390e-01 2.136572085119471665e-02
1.039900000000000000e+04 9.271736840101928445e-01 2.161787631805836898e-02
1.043400000000000000e+04 8.998248407089656231e-01 2.163298291442739343e-02
1.046800000000000000e+04 9.137587664027625456e-01 2.155270198026247933e-02
1.050300000000000000e+04 8.939587881714171624e-01 2.161566789661320542e-02
1.055600000000000000e+04 8.709242558850506244e-01 2.192813658697912241e-02
1.059100000000000000e+04 9.094152829817853112e-01 2.201109383633372343e-02
1.062500000000000000e+04 9.378866974324593375e-01 2.170377373635211729e-02
1.066000000000000000e+04 9.083281607652846645e-01 2.126496362807369506e-02
1.069500000000000000e+04 9.053408278192494052e-01 2.147133397462035187e-02
1.073000000000000000e+04 8.926648251546404067e-01 2.186181161878783530e-02
1.076500000000000000e+04 9.259059290071923742e-01 2.199326254250756271e-02
1.080000000000000000e+04 9.102996481063294620e-01 2.179487072252839219e-02
1.083500000000000000e+04 8.884907945998643530e-01 2.193234521107485790e-02
1.087000000000000000e+04 9.137261673240523185e-01 2.198425644042811822e-02
1.090400000000000000e+04 9.001147651393530680e-01 2.217773031228433347e-02
1.093900000000000000e+04 8.894532286433952661e-01 2.240050339982535901e-02
1.097400000000000000e+04 9.582850357859000745e-01 2.253446749538749044e-02
1.100900000000000000e+04 8.868399522635772581e-01 2.270746069335530595e-02
1.104400000000000000e+04 9.005958268390097388e-01 2.264601340153053061e-02
1.107900000000000000e+04 9.088863928463017938e-01 2.239888899294558561e-02
1.111400000000000000e+04 9.380504781107231738e-01 2.275584805616679210e-02
1.114900000000000000e+04 9.558291967325568406e-01 2.290986501078422916e-02
1.118400000000000000e+04 9.267021134189660225e-01 2.320995987591541881e-02
1.121900000000000000e+04 9.584366449864129001e-01 2.369082600151011311e-02
1.125300000000000000e+04 9.131046485314323613e-01 2.407848184534983407e-02
1.128800000000000000e+04 9.381262565878565329e-01 2.438595355918527288e-02
1.132300000000000000e+04 8.489688724411822429e-01 2.469504689752593379e-02
1.135800000000000000e+04 9.206253390348126953e-01 2.468735199982334191e-02
1.139300000000000000e+04 8.616652097149466449e-01 2.437445784554148273e-02
1.142800000000000000e+04 9.383472683510853951e-01 2.452165325991143008e-02
1.146200000000000000e+04 9.196647836490514649e-01 2.468185321938627316e-02
1.149700000000000000e+04 9.370939419584662922e-01 2.464613276344305992e-02
1.153200000000000000e+04 1.000702602422254062e+00 2.469730977413858719e-02
1.156700000000000000e+04 9.964273711341030682e-01 2.464401017866615917e-02
1.160200000000000000e+04 9.938014981241163337e-01 2.458430744950248353e-02
1.163700000000000000e+04 9.971101318388715384e-01 2.466564473373083696e-02
1.167200000000000000e+04 1.027398398469213436e+00 2.515061961475456229e-02
1.170700000000000000e+04 1.017296469966956662e+00 2.535264013735687161e-02
1.174100000000000000e+04 1.005558112638931023e+00 2.518020259890612483e-02
1.177600000000000000e+04 1.012232907256966463e+00 2.549079733124958586e-02
1.181100000000000000e+04 9.891453662215869969e-01 2.557062566444779500e-02
1.184600000000000000e+04 1.010119195250774871e+00 2.612570466676571515e-02
1.188100000000000000e+04 1.084910325367227646e+00 2.677801963707329702e-02
1.191600000000000000e+04 1.062823060530213803e+00 2.741005497695004831e-02
1.195100000000000000e+04 9.831871965526739476e-01 2.775318584485175419e-02
1.198500000000000000e+04 1.098094509039820421e+00 2.883887358717086152e-02
1.202000000000000000e+04 1.046705157029357514e+00 3.059874646804643800e-02
1.205500000000000000e+04 1.106961641054640566e+00 3.201503114471725142e-02
1.209000000000000000e+04 1.107371677084326933e+00 3.196529470828098074e-02
1.212500000000000000e+04 1.132991480340264312e+00 3.222818927152020646e-02
1.216000000000000000e+04 1.237980114676773713e+00 3.430536086151801667e-02
1.219500000000000000e+04 1.214184133069136529e+00 3.492088632224113476e-02
1.222900000000000000e+04 1.229314609869511798e+00 3.587036380295417770e-02
1.226400000000000000e+04 1.193444960921094866e+00 3.697325065368018554e-02
1.231300000000000000e+04 1.170291547256629094e+00 3.664032591843269931e-02
1.234700000000000000e+04 1.230697102031266255e+00 3.939965627030203588e-02
1.238200000000000000e+04 1.179513996561626588e+00 3.841446805990119534e-02
1.241700000000000000e+04 1.165955847890133068e+00 3.760280464277408752e-02
1.245200000000000000e+04 1.223683015716464650e+00 3.742461427610992153e-02
1.248700000000000000e+04 1.183153952159895272e+00 3.825838468755925204e-02
1.252200000000000000e+04 1.227729716426841255e+00 3.989418269824809848e-02
1.255700000000000000e+04 1.192864943283751034e+00 4.143376968121905563e-02
1.259100000000000000e+04 1.252532304775526795e+00 4.150560430604999934e-02
1.262600000000000000e+04 1.106971358868745092e+00 4.095088887174141989e-02
1.266100000000000000e+04 1.200488077774217732e+00 4.198036192510012921e-02
1.269600000000000000e+04 1.136097714346385068e+00 4.222080605817855187e-02
1.273100000000000000e+04 1.131007898010537138e+00 3.939729380694331068e-02
1.276600000000000000e+04 1.246565165901311278e+00 4.054782146514240848e-02
1.280000000000000000e+04 1.084660258690993695e+00 4.042945297918195541e-02
1.283500000000000000e+04 1.259518198969844294e+00 4.228561881652603827e-02
1.287000000000000000e+04 1.058292648071448738e+00 4.278877273644455387e-02
1.290500000000000000e+04 1.053221166352731331e+00 4.657329031667953312e-02
1.294000000000000000e+04 1.101644445532283134e+00 4.979442795586955239e-02
1.297500000000000000e+04 1.251511361568699909e+00 5.023457182244867730e-02
1.301000000000000000e+04 1.099841072009022147e+00 5.556088489978569522e-02
1.304400000000000000e+04 1.063433030033589688e+00 5.428980613226690871e-02
1.307900000000000000e+04 1.134835624612489546e+00 6.050547730779041317e-02
1.311400000000000000e+04 1.189779867907706512e+00 6.374192941586699634e-02
1.314900000000000000e+04 1.183571062219333836e+00 6.146217829711233399e-02
1.318400000000000000e+04 1.026259082619777496e+00 5.872715064206388696e-02
1.321900000000000000e+04 1.031801376526124470e+00 5.199796292278133919e-02
1.325400000000000000e+04 1.102353836670481035e+00 5.315587089283519556e-02
1.328800000000000000e+04 1.137266092032885645e+00 5.782217440107388640e-02
1.332300000000000000e+04 1.154271817488994767e+00 5.469826255949933325e-02
1.335800000000000000e+04 1.046781651547460390e+00 4.793037690174267729e-02
1.339300000000000000e+04 1.042577864429131251e+00 4.501642010594562177e-02
1.342800000000000000e+04 1.037725771484864223e+00 4.628988015125833771e-02
1.346300000000000000e+04 1.057357242626847160e+00 4.452733899501051806e-02
1.349700000000000000e+04 9.956458149854269246e-01 4.448412747817803020e-02
1.353200000000000000e+04 9.562452442887616755e-01 3.804233316516170832e-02
1.356700000000000000e+04 9.846228055426125003e-01 3.889513969919752845e-02
1.360200000000000000e+04 1.048868828587676827e+00 4.147684693848611298e-02
1.363700000000000000e+04 1.081668317460356299e+00 3.987698932171534344e-02
1.367200000000000000e+04 1.061226019608148219e+00 3.993194705688387497e-02
1.370700000000000000e+04 9.728672888931197971e-01 3.534769215808033355e-02
1.374200000000000000e+04 1.031662240861275226e+00 3.849164543314417819e-02
1.377700000000000000e+04 9.528785710333698145e-01 3.227908541446277563e-02
1.381100000000000000e+04 9.745910064247479410e-01 2.736250060287710034e-02
1.384600000000000000e+04 9.223642999090672090e-01 3.070175946237380799e-02
1.388100000000000000e+04 9.976993907714918342e-01 2.826339306908402099e-02
1.391600000000000000e+04 1.027660895455415613e+00 2.617982327770097123e-02
1.395100000000000000e+04 1.013655950839268849e+00 2.704619328454879387e-02
1.398600000000000000e+04 9.495072049615146392e-01 2.504689910438978248e-02
1.402100000000000000e+04 9.923854019162887674e-01 2.503421005006477643e-02
