0.000000000000000000e+00 9.883554497722083498e-01 9.674050020637878569e-03
3.500000000000000000e+01 9.749593744314383192e-01 9.564806794241388285e-03
7.000000000000000000e+01 9.510195282592147636e-01 9.372491522228021399e-03
1.040000000000000000e+02 9.787864217768152963e-01 9.278481326220167080e-03
1.390000000000000000e+02 9.731324720455336585e-01 9.351092750988204000e-03
1.740000000000000000e+02 9.768664758467594522e-01 9.383028566392495259e-03
2.090000000000000000e+02 9.562684659690016131e-01 9.027202959695175555e-03
2.440000000000000000e+02 9.599216146279934136e-01 8.922797544073631307e-03
2.790000000000000000e+02 9.783487535600425833e-01 8.896124092425820515e-03
3.130000000000000000e+02 9.755141142782876029e-01 8.827490125034729435e-03
3.480000000000000000e+02 9.749342488854451094e-01 8.647838351132168186e-03
3.830000000000000000e+02 9.901511951408529244e-01 8.663483414857130888e-03
4.180000000000000000e+02 9.603366583460759554e-01 8.455727600876797659e-03
4.530000000000000000e+02 9.757445403033844222e-01 8.413012087876052883e-03
4.880000000000000000e+02 9.651574200433885586e-01 8.417606279721802365e-03
5.220000000000000000e+02 9.474737945665238081e-01 8.179962418050619119e-03
5.570000000000000000e+02 9.771802896986270248e-01 8.107981949349011078e-03
5.920000000000000000e+02 9.796196002271297942e-01 8.042695470493957041e-03
6.270000000000000000e+02 9.619865999226279163e-01 7.942465011630796268e-03
6.620000000000000000e+02 9.644103389371565527e-01 8.052167058048748799e-03
6.970000000000000000e+02 9.855814026078484336e-01 8.081870416040647792e-03
7.310000000000000000e+02 9.789277564075918869e-01 8.138438776987146073e-03
7.660000000000000000e+02 9.838272480048935176e-01 8.025874802693937909e-03
8.010000000000000000e+02 9.796904343552585992e-01 8.008063620733342491e-03
8.360000000000000000e+02 9.795216940875323131e-01 8.007847026269913557e-03
8.710000000000000000e+02 9.989713380257393416e-01 7.887480858848392243e-03
9.060000000000000000e+02 9.574285848755005324e-01 7.801586740182283632e-03
9.400000000000000000e+02 9.624529018110110634e-01 7.785205975118573464e-03
9.750000000000000000e+02 9.568192743968676472e-01 7.699331345888469139e-03
1.010000000000000000e+03 9.927005411092013620e-01 7.748346699665552631e-03
1.045000000000000000e+03 9.912023467863956272e-01 7.656323240329793861e-03
1.080000000000000000e+03 9.891205692109524827e-01 7.585758830427377641e-03
1.115000000000000000e+03 9.858447752097350136e-01 7.604350135818255252e-03
1.149000000000000000e+03 9.895786528227775714e-01 7.517701289915499491e-03
1.184000000000000000e+03 9.751586063079598077e-01 7.489636695039243210e-03
1.219000000000000000e+03 9.936668000457179462e-01 7.530179084941019188e-03
1.254000000000000000e+03 9.907865687131887089e-01 7.461819700509139154e-03
1.289000000000000000e+03 1.009114381645595415e+00 7.712510060869696114e-03
1.324000000000000000e+03 9.921347220048031268e-01 7.615478426896507037e-03
1.358000000000000000e+03 9.874213611454434325e-01 7.693024510819367404e-03
1.393000000000000000e+03 9.788668038527638116e-01 7.507223101038553760e-03
1.428000000000000000e+03 9.840506905557278028e-01 7.525425405312648544e-03
1.463000000000000000e+03 9.946111667003526557e-01 7.642546517117552833e-03
1.498000000000000000e+03 1.001789406155863871e+00 7.422342937456163220e-03
1.533000000000000000e+03 9.873237433968143906e-01 7.288294444843580223e-03
1.567000000000000000e+03 9.963808800217420769e-01 7.447612651876250184e-03
1.602000000000000000e+03 1.010954762981170152e+00 7.539671591881435750e-03
1.637000000000000000e+03 9.997537397737162879e-01 7.549420258013698343e-03
1.672000000000000000e+03 9.961040265653210435e-01 7.522640396041279341e-03
1.707000000000000000e+03 9.967015417395196364e-01 7.502513068601304042e-03
1.760000000000000000e+03 9.902522973529237493e-01 7.341778459428073902e-03
1.795000000000000000e+03 9.931540538213916580e-01 7.025711930833064729e-03
1.830000000000000000e+03 1.003977888799485019e+00 6.995872101761425009e-03
1.865000000000000000e+03 9.813590897361480492e-01 6.942262566261998488e-03
1.900000000000000000e+03 1.001800453103796729e+00 6.968590784228559896e-03
1.934000000000000000e+03 1.006128882472372421e+00 6.915455704754536886e-03
1.969000000000000000e+03 1.009287965923543640e+00 6.911036182423129295e-03
2.004000000000000000e+03 1.005418038345766707e+00 6.881495191462604945e-03
2.039000000000000000e+03 1.003343807368621388e+00 6.832001169219160258e-03
2.074000000000000000e+03 1.019920066106188239e+00 6.835385482338426390e-03
2.109000000000000000e+03 9.974733535778824711e-01 6.492853617674820832e-03
2.143000000000000000e+03 1.003314756460046198e+00 6.410584552274319579e-03
2.178000000000000000e+03 9.960629652911160425e-01 6.461714362476427692e-03
2.213000000000000000e+03 1.020518145836914137e+00 6.556467080561384671e-03
2.248000000000000000e+03 1.003703585908432450e+00 6.491769079648477582e-03
2.283000000000000000e+03 1.004803185034602642e+00 6.645179705778369098e-03
2.318000000000000000e+03 1.017963738707377219e+00 6.607059596689866983e-03
2.352000000000000000e+03 9.875676861748825530e-01 6.531692338216529836e-03
2.387000000000000000e+03 1.016229780029795027e+00 6.580426425831746064e-03
2.422000000000000000e+03 1.010399254782009093e+00 6.705479152462751925e-03
2.457000000000000000e+03 1.000925363156192960e+00 6.659406302399886908e-03
2.492000000000000000e+03 1.016032824159804226e+00 6.673481931812774715e-03
2.527000000000000000e+03 1.006902274234256600e+00 6.721040136961224654e-03
2.561000000000000000e+03 1.023145728825575640e+00 6.629469671440743964e-03
2.596000000000000000e+03 1.020625211347000683e+00 6.618311290772358434e-03
2.631000000000000000e+03 1.006026490755062230e+00 6.653199992772226672e-03
2.666000000000000000e+03 1.010106996557461390e+00 6.648455062379135007e-03
2.701000000000000000e+03 1.006762823402651774e+00 6.735421127274569472e-03
2.736000000000000000e+03 9.996082004163630019e-01 6.726867891565517683e-03
2.770000000000000000e+03 1.018457709986477777e+00 6.672983340759929341e-03
2.805000000000000000e+03 9.925344056994559461e-01 6.609443189891079859e-03
2.840000000000000000e+03 1.010850551652176632e+00 6.590497241036866530e-03
2.875000000000000000e+03 1.020693596909249434e+00 6.683271109060179467e-03
2.910000000000000000e+03 1.007591340280618697e+00 6.819124354634301284e-03
2.945000000000000000e+03 1.025451586461595399e+00 7.064313167846297641e-03
2.979000000000000000e+03 1.019948219234669162e+00 7.124765795239419372e-03
3.014000000000000000e+03 1.016371912139443223e+00 7.146700072002167871e-03
3.049000000000000000e+03 1.039185504962482076e+00 7.264565566474312508e-03
3.084000000000000000e+03 1.015769814233550949e+00 7.182765058386054481e-03
3.119000000000000000e+03 1.018940245853860782e+00 7.268979121529415069e-03
3.154000000000000000e+03 1.014947595339026787e+00 7.286143929026610983e-03
3.188000000000000000e+03 1.026341186369200464e+00 7.322576005997728267e-03
3.223000000000000000e+03 1.038409955342544322e+00 7.343876688289206929e-03
3.258000000000000000e+03 1.014757414498145938e+00 7.344735722247338131e-03
3.293000000000000000e+03 1.018303329808376789e+00 7.368042280785232732e-03
3.328000000000000000e+03 1.018835972828496583e+00 7.395854043084176301e-03
3.363000000000000000e+03 1.024871849188836892e+00 7.306017309048796690e-03
3.397000000000000000e+03 1.021002197796601063e+00 7.328761142430717003e-03
3.432000000000000000e+03 1.024555410034505787e+00 7.260204445324648821e-03
3.467000000000000000e+03 1.017936992865916102e+00 7.219882929684245769e-03
3.516000000000000000e+03 1.026690598522822517e+00 7.294122084988082649e-03
3.550000000000000000e+03 1.031164408053798054e+00 7.337598751625352966e-03
3.585000000000000000e+03 1.024714830060055704e+00 7.294323031267183413e-03
3.620000000000000000e+03 1.019186170055110141e+00 7.376263535948670083e-03
3.655000000000000000e+03 1.027434316574085127e+00 7.451731221781630887e-03
3.690000000000000000e+03 1.019079074586515254e+00 7.415298126788109380e-03
3.725000000000000000e+03 1.028714491014904420e+00 7.372023476331497800e-03
3.760000000000000000e+03 1.027681899771427432e+00 7.405659936610573153e-03
3.794000000000000000e+03 1.035189911052374123e+00 7.386852462158415879e-03
3.829000000000000000e+03 1.029455462057216941e+00 7.254081046992465372e-03
3.864000000000000000e+03 1.016191387643661903e+00 7.344735130380534299e-03
3.899000000000000000e+03 1.018158236427711749e+00 7.277539347531431120e-03
3.934000000000000000e+03 1.034752879388999514e+00 7.363801539997592328e-03
3.969000000000000000e+03 1.035612507262404725e+00 7.380184911658886106e-03
4.003000000000000000e+03 1.017425208746930654e+00 7.400447463277534492e-03
4.038000000000000000e+03 1.022473566660202504e+00 7.343640613213431659e-03
4.073000000000000000e+03 1.015531612026522090e+00 7.291439515054428180e-03
4.108000000000000000e+03 1.025036274083110044e+00 7.391202849955519523e-03
4.143000000000000000e+03 1.015025925724945877e+00 7.303817903871715964e-03
4.178000000000000000e+03 1.016942421631408910e+00 7.334594381209823093e-03
4.213000000000000000e+03 1.019621648572874406e+00 7.340806231534036802e-03
4.248000000000000000e+03 1.024752891988134795e+00 7.450437537459235829e-03
4.282000000000000000e+03 1.027842026543314358e+00 7.375669102819187688e-03
4.317000000000000000e+03 1.027779328528109604e+00 7.449891769905245612e-03
4.352000000000000000e+03 1.023220339385951583e+00 7.499188127704499267e-03
4.387000000000000000e+03 1.016925548396796053e+00 7.440158998111930447e-03
4.422000000000000000e+03 1.006432944204060709e+00 7.426750119834932100e-03
4.457000000000000000e+03 1.014200323103985779e+00 7.461249035010352783e-03
4.491000000000000000e+03 1.015449299663131688e+00 7.486959725627194244e-03
4.526000000000000000e+03 1.039844950587415440e+00 7.531675896267579079e-03
4.561000000000000000e+03 1.021800465187447937e+00 7.503740352237260255e-03
4.596000000000000000e+03 1.022979406404532554e+00 7.508813992586055482e-03
4.631000000000000000e+03 1.024206703410161401e+00 7.530718722614469611e-03
4.666000000000000000e+03 1.041883498055676371e+00 7.594713486224641610e-03
4.700000000000000000e+03 1.012040930033026198e+00 7.586018193736137304e-03
4.735000000000000000e+03 1.015119058605649993e+00 7.605525168753297059e-03
4.770000000000000000e+03 1.023602895272793800e+00 7.557125303399906367e-03
4.805000000000000000e+03 1.033592222900935553e+00 7.579753124746024980e-03
4.840000000000000000e+03 1.016074231523390159e+00 7.437353972880222409e-03
4.875000000000000000e+03 1.020211436607916022e+00 7.591257509680105972e-03
4.910000000000000000e+03 1.016366640473346017e+00 7.559724042017478343e-03
4.945000000000000000e+03 1.021844521962033570e+00 7.653256115529562253e-03
4.979000000000000000e+03 1.035553805785556225e+00 7.693552976802545303e-03
5.014000000000000000e+03 1.025742169372570567e+00 7.683090551500831172e-03
5.049000000000000000e+03 1.026816587218902121e+00 7.732446845507348621e-03
5.084000000000000000e+03 1.011371108491616821e+00 7.742949968630691120e-03
5.119000000000000000e+03 1.020509009991990457e+00 7.736132122747312913e-03
5.153000000000000000e+03 1.021935144357552394e+00 7.766146372853973204e-03
5.188000000000000000e+03 1.019221592303357626e+00 7.719358544008376490e-03
5.223000000000000000e+03 1.013262153550513522e+00 7.745234746726358845e-03
5.276000000000000000e+03 9.936140599748164437e-01 7.751201798284325893e-03
5.311000000000000000e+03 1.013305348820564333e+00 7.745173821209612626e-03
5.346000000000000000e+03 1.020269928830827899e+00 7.762047216767415866e-03
5.381000000000000000e+03 1.038357163641505654e+00 7.788773208889442773e-03
5.416000000000000000e+03 1.025387706495911377e+00 7.756309815999019516e-03
5.451000000000000000e+03 1.021827528307257760e+00 7.681984202640375174e-03
5.486000000000000000e+03 1.023096282092883946e+00 7.698492887468185233e-03
5.520000000000000000e+03 1.031252361383175220e+00 7.679617343149871059e-03
5.555000000000000000e+03 1.007026702209491198e+00 7.576779599675301236e-03
5.590000000000000000e+03 1.004121357467993247e+00 7.605743425339652267e-03
5.625000000000000000e+03 1.014654202936830396e+00 7.700178032644612938e-03
5.660000000000000000e+03 1.019889011520664912e+00 7.686563412239502506e-03
5.694000000000000000e+03 1.022102578063861955e+00 7.680864016556063732e-03
5.729000000000000000e+03 1.011690788118455364e+00 7.650145148268833531e-03
5.764000000000000000e+03 1.007534164329101811e+00 7.633365469848234566e-03
5.799000000000000000e+03 9.994885292694785095e-01 7.625888569029096349e-03
5.834000000000000000e+03 1.012818096960150793e+00 7.619762329805471537e-03
5.869000000000000000e+03 1.007444980960049641e+00 7.674552388842171419e-03
5.904000000000000000e+03 1.031392231879121102e+00 7.764564853272018854e-03
5.939000000000000000e+03 1.048027030347276067e+00 7.778049462571806801e-03
5.973000000000000000e+03 1.013978508284702595e+00 7.753628018432347918e-03
6.008000000000000000e+03 1.022038210974858696e+00 7.709912312118131009e-03
6.043000000000000000e+03 1.019551102829189260e+00 7.729820353145338586e-03
6.078000000000000000e+03 1.033652508307115969e+00 7.736763245632784745e-03
6.113000000000000000e+03 1.011199282205410555e+00 7.700845385988538440e-03
6.148000000000000000e+03 1.019351013492995506e+00 7.781009550507190370e-03
6.183000000000000000e+03 1.013795073157055970e+00 7.724530828951642857e-03
6.217000000000000000e+03 1.043278263324502575e+00 7.897969095716736096e-03
6.252000000000000000e+03 1.004316086916103412e+00 7.787679165619716334e-03
6.287000000000000000e+03 1.012526810036373126e+00 7.848988463081458047e-03
6.322000000000000000e+03 1.013784886264263552e+00 7.818948747443496897e-03
6.357000000000000000e+03 9.926707166646240310e-01 7.835424369994075863e-03
6.391000000000000000e+03 1.034839251595264242e+00 7.924608938938888097e-03
6.426000000000000000e+03 9.977980090354098275e-01 7.883639003255685229e-03
6.461000000000000000e+03 1.008430679978652877e+00 7.916907768990526575e-03
6.496000000000000000e+03 1.011795972526137177e+00 8.220119064008993975e-03
6.531000000000000000e+03 1.018996464378410627e+00 8.745649619970185737e-03
6.566000000000000000e+03 1.021334932579040844e+00 8.557487656978918222e-03
6.601000000000000000e+03 1.023210054381826994e+00 8.038871558117322708e-03
6.636000000000000000e+03 1.021305039284976068e+00 7.841614074472693860e-03
6.671000000000000000e+03 1.004281232121648104e+00 7.858276029018366679e-03
6.705000000000000000e+03 9.999632027379218302e-01 7.852897314637946949e-03
6.740000000000000000e+03 9.954964515731703489e-01 7.828704082219906796e-03
6.775000000000000000e+03 1.007435508122462853e+00 7.849060317444804535e-03
6.810000000000000000e+03 1.005814514338324361e+00 7.772865419610238379e-03
6.845000000000000000e+03 1.025640331006598238e+00 7.852786338557000631e-03
6.880000000000000000e+03 1.013013335056146547e+00 7.836095730194557116e-03
6.914000000000000000e+03 1.001737433121467902e+00 7.903755637807522230e-03
6.949000000000000000e+03 1.006968645008163854e+00 7.948014056621264742e-03
6.984000000000000000e+03 1.007276155024613873e+00 7.992724975633700227e-03
7.037000000000000000e+03 1.011992656852885641e+00 7.979432650647801106e-03
7.072000000000000000e+03 1.002589872185213116e+00 8.036098870732632030e-03
7.106000000000000000e+03 1.018734211220546859e+00 8.098887931194689860e-03
7.141000000000000000e+03 9.957755883707352096e-01 8.039925567341019499e-03
7.176000000000000000e+03 1.005839934837162719e+00 8.122828729254297914e-03
7.211000000000000000e+03 9.951652717797456749e-01 8.117615594089085118e-03
7.246000000000000000e+03 1.012698676144126786e+00 8.134080131363853952e-03
7.281000000000000000e+03 1.013408955747111762e+00 8.131365683955187398e-03
7.315000000000000000e+03 1.011032913710960601e+00 8.089829135278883351e-03
7.350000000000000000e+03 1.014222785044873287e+00 8.143312795927764441e-03
7.385000000000000000e+03 1.011829990150042491e+00 8.173492671316754873e-03
7.420000000000000000e+03 1.001906870892434354e+00 8.120325587491971156e-03
7.455000000000000000e+03 1.001663097510666178e+00 8.057908703966247185e-03
7.490000000000000000e+03 9.990012977011619721e-01 8.162924039459392572e-03
7.524000000000000000e+03 1.003442103936972085e+00 8.150859420168148420e-03
7.559000000000000000e+03 9.996065919417306267e-01 8.074277611296634335e-03
7.594000000000000000e+03 9.819928416764261980e-01 8.185156296523698680e-03
7.629000000000000000e+03 9.993166234831047934e-01 8.231407702406446855e-03
7.664000000000000000e+03 1.002616260279999505e+00 8.183953085069958777e-03
7.699000000000000000e+03 1.016820124623730504e+00 8.267318493199209833e-03
7.734000000000000000e+03 9.958278053619638026e-01 8.240768669314531628e-03
7.769000000000000000e+03 1.002909514044257433e+00 8.296490080853802934e-03
7.804000000000000000e+03 1.000316552461416375e+00 8.259614793235356064e-03
7.838000000000000000e+03 1.012670814266152686e+00 8.311392099426594474e-03
7.873000000000000000e+03 1.008688545183481500e+00 8.386274715090315940e-03
7.908000000000000000e+03 9.967473869599869918e-01 8.266381965513719052e-03
7.943000000000000000e+03 9.905340586246180745e-01 8.375836011943865386e-03
7.978000000000000000e+03 9.973752994377117487e-01 8.425447097953337253e-03
8.012000000000000000e+03 1.010719258341391313e+00 8.390421835694387293e-03
8.047000000000000000e+03 9.995365078793332358e-01 8.395835470799759351e-03
8.082000000000000000e+03 9.987988484270150513e-01 8.449137374336768841e-03
8.118000000000000000e+03 1.005087594042289645e+00 8.411431101442571820e-03
8.153000000000000000e+03 1.002403219508464671e+00 8.499742801758825364e-03
8.188000000000000000e+03 1.011087280113836195e+00 8.493060892429335484e-03
8.223000000000000000e+03 9.965685847417660170e-01 8.442040177929484995e-03
8.257000000000000000e+03 9.950959752739111375e-01 8.373711414611689427e-03
8.292000000000000000e+03 9.995920351138374293e-01 8.342312865733834612e-03
8.327000000000000000e+03 1.005813175307311180e+00 8.453543032678900379e-03
8.362000000000000000e+03 9.998636159951566071e-01 8.333973250389330525e-03
8.397000000000000000e+03 9.977979179149545352e-01 8.406910748212891027e-03
8.432000000000000000e+03 9.862430682628482437e-01 8.355394314012706825e-03
8.466000000000000000e+03 9.861696702251433466e-01 8.401433794505445626e-03
8.501000000000000000e+03 1.000809407295508047e+00 8.387266229590338920e-03
8.536000000000000000e+03 9.965656510979965521e-01 8.499642383752789923e-03
8.571000000000000000e+03 9.939828039759031064e-01 8.378169479962824240e-03
8.606000000000000000e+03 9.746568811171905100e-01 8.394705732575839102e-03
8.640000000000000000e+03 9.995386853439469643e-01 8.483500890202206809e-03
8.675000000000000000e+03 9.921805473228919592e-01 8.498220784461366431e-03
8.710000000000000000e+03 9.785402781595970989e-01 8.460613270349940859e-03
8.745000000000000000e+03 9.766107534626129461e-01 8.509114897352102261e-03
8.796000000000000000e+03 9.913838282207148023e-01 8.518177589105967173e-03
8.831000000000000000e+03 9.950118632132192165e-01 8.698811713335046283e-03
8.866000000000000000e+03 9.937238842805968808e-01 8.621972674867164205e-03
8.900000000000000000e+03 9.957105345537311525e-01 8.789849878652030227e-03
8.935000000000000000e+03 9.928856912830101855e-01 8.882723253437972352e-03
8.970000000000000000e+03 9.920533520141830985e-01 8.955720499254252870e-03
9.005000000000000000e+03 9.651638319627122709e-01 8.990321062643125832e-03
9.040000000000000000e+03 9.872586905036202509e-01 9.122838930894610829e-03
9.075000000000000000e+03 9.786472667855636853e-01 9.001194673353741377e-03
9.109000000000000000e+03 9.913237403413429627e-01 9.144529945421390679e-03
9.144000000000000000e+03 9.688542737308788455e-01 9.029059962400349387e-03
9.179000000000000000e+03 9.859622382646728855e-01 9.084933125331380588e-03
9.214000000000000000e+03 9.792912468884371613e-01 9.142416779134710306e-03
9.249000000000000000e+03 9.819954039532189372e-01 9.098293306636785760e-03
9.284000000000000000e+03 9.858811043558526332e-01 9.150334263659720344e-03
9.319000000000000000e+03 9.849741872343210636e-01 9.180644352934756031e-03
9.354000000000000000e+03 9.773835522930562902e-01 9.173892607307240418e-03
9.388000000000000000e+03 9.768619886315217382e-01 9.265921104202500674e-03
9.423000000000000000e+03 9.873654250636326735e-01 9.326382656835221011e-03
9.458000000000000000e+03 9.737726663930061921e-01 9.211940925081218284e-03
9.493000000000000000e+03 9.853638313719925712e-01 9.157327320573919668e-03
9.528000000000000000e+03 9.851150342543665284e-01 9.197704767518036229e-03
9.563000000000000000e+03 9.759739531915633259e-01 9.141414549385138560e-03
9.598000000000000000e+03 9.687036547244033402e-01 9.186944897545640948e-03
9.632000000000000000e+03 9.559398866262884820e-01 9.051007907517711823e-03
9.667000000000000000e+03 9.697075799569497834e-01 9.067166954849418051e-03
9.702000000000000000e+03 9.559618177690648588e-01 8.880108784640839553e-03
9.737000000000000000e+03 9.867631744431547558e-01 9.080754568043098579e-03
9.772000000000000000e+03 9.849833123248383782e-01 8.988619039377726549e-03
9.806000000000000000e+03 9.914916369584715339e-01 8.959981531487611409e-03
9.841000000000000000e+03 9.704682545003479044e-01 9.029736149572026652e-03
9.876000000000000000e+03 9.798253089521883341e-01 9.136588226271117469e-03
9.911000000000000000e+03 9.685538510371879406e-01 9.137022719219697539e-03
9.946000000000000000e+03 9.934771088443175024e-01 9.135544667288088283e-03
9.981000000000000000e+03 9.788832126185340599e-01 9.151388115034754175e-03
1.001600000000000000e+04 9.916059081624816196e-01 9.178958985572591503e-03
1.005000000000000000e+04 9.791635337686571683e-01 9.172585188444421986e-03
1.008500000000000000e+04 9.729780329787550697e-01 9.180429562257551648e-03
1.012000000000000000e+04 9.838614671494639863e-01 9.264348437200321459e-03
1.015500000000000000e+04 9.895073708762127662e-01 9.335236896108288496e-03
1.019000000000000000e+04 9.766840717711222641e-01 9.306951456961231814e-03
1.022500000000000000e+04 9.745887270851474327e-01 9.260061221671887430e-03
1.025900000000000000e+04 9.788586502208020956e-01 9.549103772541015292e-03
1.029400000000000000e+04 9.751575899255900959e-01 9.544248072004725067e-03
1.032900000000000000e+04 9.645969626296970745e-01 9.468924793171580589e-03
1.036400000000000000e+04 9.797697780698154668e-01 9.470483974463782262e-03
1.039900000000000000e+04 9.723237537695988975e-01 9.554553548095477342e-03
1.043400000000000000e+04 9.603818746293545372e-01 9.557951721004855072e-03
1.046800000000000000e+04 9.579311647052313194e-01 9.524257884572307278e-03
1.050300000000000000e+04 9.828701274404814114e-01 9.562122979977166412e-03
1.055600000000000000e+04 9.864633436713017289e-01 9.699943431056389301e-03
1.059100000000000000e+04 9.951904758002285689e-01 9.738185808351219191e-03
1.062500000000000000e+04 9.848994297463407044e-01 9.604910561032631300e-03
1.066000000000000000e+04 9.819819723704139580e-01 9.406122911981382173e-03
1.069500000000000000e+04 9.628824365743650082e-01 9.492475140442768744e-03
1.073000000000000000e+04 9.843635314129268732e-01 9.665528104903396353e-03
1.076500000000000000e+04 9.744616588667436297e-01 9.708696149188423066e-03
1.080000000000000000e+04 9.446495030225078304e-01 9.611642325504855811e-03
1.083500000000000000e+04 9.658018083080668337e-01 9.682696470527409754e-03
1.087000000000000000e+04 9.622009085426463937e-01 9.700096814955649904e-03
1.090400000000000000e+04 9.740757110398328145e-01 9.795759802487702395e-03
1.093900000000000000e+04 9.802192492774348676e-01 9.888353141846863148e-03
1.097400000000000000e+04 9.814604753256975789e-01 9.936082133272338204e-03
1.100900000000000000e+04 9.840547067663422132e-01 1.002328526702645287e-02
1.104400000000000000e+04 9.676405267573839897e-01 9.992549871457274274e-03
1.107900000000000000e+04 9.650917601429619408e-01 9.879328274842636218e-03
1.111400000000000000e+04 9.967927472645248255e-01 1.003324646490826554e-02
1.114900000000000000e+04 9.790631849902525774e-01 1.009340047676816898e-02
1.118400000000000000e+04 9.944774122702791930e-01 1.023882855476246183e-02
1.121900000000000000e+04 1.002637548434739179e+00 1.044451082564222186e-02
1.125300000000000000e+04 9.685005952693994669e-01 1.058497719592462957e-02
1.128800000000000000e+04 9.749184993342712158e-01 1.071930972776620819e-02
1.132300000000000000e+04 9.893122843477935024e-01 1.086954413774843427e-02
1.135800000000000000e+04 1.000075137206244857e+00 1.085257514372960086e-02
1.139300000000000000e+04 9.581864496569064693e-01 1.070967991317793404e-02
1.142800000000000000e+04 9.768999306606157562e-01 1.078083673957411573e-02
1.146200000000000000e+04 9.890552310835861727e-01 1.085373335520770956e-02
1.149700000000000000e+04 9.846158801450021203e-01 1.084258807983705733e-02
1.153200000000000000e+04 1.006291251640095696e+00 1.085130032852310578e-02
1.156700000000000000e+04 9.772111933174446596e-01 1.080976071227813216e-02
1.160200000000000000e+04 9.725438037628139076e-01 1.078610051503464673e-02
1.163700000000000000e+04 1.004134978315295745e+00 1.084070707355898854e-02
1.167200000000000000e+04 9.913286363030314741e-01 1.102746302172978241e-02
1.170700000000000000e+04 9.933775904897240716e-01 1.111871665866907485e-02
1.174100000000000000e+04 9.969940732231346026e-01 1.104326774694675689e-02
1.177600000000000000e+04 9.854911571583158114e-01 1.116559270507899021e-02
1.181100000000000000e+04 9.800808779150522732e-01 1.119837191919140391e-02
1.184600000000000000e+04 9.732947547977922609e-01 1.142266267649050433e-02
1.188100000000000000e+04 9.777962912758944025e-01 1.168456170945867192e-02
1.191600000000000000e+04 9.927421101033977457e-01 1.196877665509246159e-02
1.195100000000000000e+04 9.568497128012303232e-01 1.210753037929287144e-02
1.198500000000000000e+04 9.907882284611608803e-01 1.256824481120562102e-02
1.202000000000000000e+04 1.007564514549199597e+00 1.332918987676007076e-02
1.205500000000000000e+04 9.683154539770109093e-01 1.389977546664821623e-02
1.209000000000000000e+04 1.017229796127351538e+00 1.389994136344781944e-02
1.212500000000000000e+04 9.920072256925225318e-01 1.399419457576793306e-02
1.216000000000000000e+04 9.915936409908028271e-01 1.485052728594620994e-02
1.219500000000000000e+04 1.000519717322858826e+00 1.512496386861749038e-02
1.222900000000000000e+04 1.045322901105461222e+00 1.553658861883964841e-02
1.226400000000000000e+04 1.021946865864820087e+00 1.599439872480239166e-02
1.231300000000000000e+04 9.847647773769070412e-01 1.584402185000292895e-02
1.234700000000000000e+04 9.954472729028964739e-01 1.699729245504657052e-02
1.238200000000000000e+04 1.003418563643243333e+00 1.661200868452547899e-02
1.241700000000000000e+04 1.022306373458116369e+00 1.628049436237583372e-02
1.245200000000000000e+04 1.039416977716109969e+00 1.620498491755388223e-02
1.248700000000000000e+04 1.027023896277120096e+00 1.655976148432140166e-02
1.252200000000000000e+04 1.006910513027245102e+00 1.724039852665466138e-02
1.255700000000000000e+04 9.881705736239597693e-01 1.790040859696973713e-02
1.259100000000000000e+04 1.008814110633771799e+00 1.793537702154321054e-02
1.262600000000000000e+04 1.001303459237318672e+00 1.769507376508636445e-02
1.266100000000000000e+04 1.000390744932637466e+00 1.815507591918471067e-02
1.269600000000000000e+04 9.805019893840765111e-01 1.823304827903734354e-02
1.273100000000000000e+04 9.940690297842559309e-01 1.703982067113211235e-02
1.276600000000000000e+04 9.877562265286333743e-01 1.751510215148168945e-02
1.280000000000000000e+04 9.982850860751173450e-01 1.748009074638879473e-02
1.283500000000000000e+04 1.033929809158302238e+00 1.827774185530731815e-02
1.287000000000000000e+04 1.003276429016709992e+00 1.851105206299545961e-02
1.290500000000000000e+04 9.929394788271896921e-01 2.011381745371608812e-02
1.294000000000000000e+04 1.015097433122322368e+00 2.147808662788793649e-02
1.297500000000000000e+04 1.019553623045439616e+00 2.164404344993628437e-02
1.301000000000000000e+04 9.711449805951284375e-01 2.388623490582364450e-02
1.304400000000000000e+04 1.011922140478066945e+00 2.338873001876392438e-02
1.307900000000000000e+04 9.790731294853529665e-01 2.602562851655748632e-02
1.311400000000000000e+04 1.025997472488081375e+00 2.739299048960459546e-02
1.314900000000000000e+04 9.964574878474335984e-01 2.643524434403761100e-02
1.318400000000000000e+04 1.027474891237740939e+00 1.000000000000000000e+09
1.321900000000000000e+04 1.027474891237740939e+00 2.245504442967998296e-02
1.325400000000000000e+04 1.031139874908340248e+00 2.289498271532565410e-02
1.328800000000000000e+04 1.023522621316383052e+00 2.490439097219392800e-02
1.332300000000000000e+04 9.840585126252466841e-01 2.353821517987599726e-02
1.335800000000000000e+04 9.942304161758959147e-01 2.070450003603334366e-02
1.339300000000000000e+04 9.929806481858154399e-01 1.946504079687935013e-02
1.342800000000000000e+04 1.021167737871813808e+00 2.002612847249720524e-02
1.346300000000000000e+04 9.874150842986748611e-01 1.923706351087991345e-02
1.349700000000000000e+04 9.907290402155515263e-01 1.924373761997984211e-02
1.353200000000000000e+04 1.021809312844393025e+00 1.651591720262726368e-02
1.356700000000000000e+04 9.490947879972385648e-01 1.682426377797961031e-02
1.360200000000000000e+04 1.014585214648167311e+00 1.794675999433429855e-02
1.363700000000000000e+04 9.846260242468044543e-01 1.727427905213408527e-02
1.367200000000000000e+04 9.781355087530725356e-01 1.729843626410342006e-02
1.370700000000000000e+04 1.014292307420588735e+00 1.538516741828870570e-02
1.374200000000000000e+04 1.037442831891069561e+00 1.672578323413508039e-02
1.377700000000000000e+04 1.001730395244151861e+00 1.418032781775691552e-02
1.381100000000000000e+04 1.021763872414019447e+00 1.209491565676779415e-02
1.384600000000000000e+04 9.684099230383474977e-01 1.346489349634256288e-02
1.388100000000000000e+04 9.888805214924659692e-01 1.245800954845485350e-02
1.391600000000000000e+04 1.013641615831265996e+00 1.157365884729475401e-02
1.395100000000000000e+04 1.023220067328545646e+00 1.195510031124238752e-02
1.398600000000000000e+04 1.000036797262078059e+00 1.111844219268590984e-02
1.402100000000000000e+04 1.000994869625144945e+00 1.111286494534759368e-02
