0.000000000000000000e+00 1.094920753123961532e+00 4.046678992205429704e-02
3.500000000000000000e+01 1.054491782407662503e+00 3.997053545695999216e-02
7.000000000000000000e+01 1.051181786570589027e+00 3.914959105557729718e-02
1.040000000000000000e+02 1.002936596789531842e+00 3.865721091433092088e-02
1.390000000000000000e+02 1.072474842009207174e+00 3.897665125772533518e-02
1.740000000000000000e+02 1.050447449290150104e+00 3.907390643866232027e-02
2.090000000000000000e+02 1.041950744609049462e+00 3.754266277985394279e-02
2.440000000000000000e+02 9.741963893546702336e-01 3.705378014611031973e-02
2.790000000000000000e+02 1.146620145274380720e+00 3.692353825682816865e-02
3.130000000000000000e+02 1.017953341585469129e+00 3.652214121024192905e-02
3.480000000000000000e+02 1.042394991828337947e+00 3.576107645651512013e-02
3.830000000000000000e+02 1.044852983390089474e+00 3.580993686663875436e-02
4.180000000000000000e+02 9.399451452517735284e-01 3.494700785002718968e-02
4.530000000000000000e+02 9.844964682674142153e-01 3.466345373409575326e-02
4.880000000000000000e+02 9.960730310046954639e-01 3.469370387664987010e-02
5.220000000000000000e+02 1.027464636700843759e+00 3.371561112166766849e-02
5.570000000000000000e+02 1.036706979156974961e+00 3.331664630772402519e-02
5.920000000000000000e+02 1.015671163701331592e+00 3.299824934724056996e-02
6.270000000000000000e+02 9.810070282244907069e-01 3.256443168433295621e-02
6.620000000000000000e+02 1.012140013004177996e+00 3.301431268853808471e-02
6.970000000000000000e+02 9.464409168765341995e-01 3.306196444342051483e-02
7.310000000000000000e+02 1.016654124218999922e+00 3.332541381042707085e-02
7.660000000000000000e+02 1.048536795843552305e+00 3.283910956552964222e-02
8.010000000000000000e+02 1.038715863452831956e+00 3.275219570418710924e-02
8.360000000000000000e+02 9.593492916265327075e-01 3.270348817535127101e-02
8.710000000000000000e+02 9.418835692626811307e-01 3.209121622710582600e-02
9.060000000000000000e+02 1.020149781286622259e+00 3.181576922492929810e-02
9.400000000000000000e+02 9.966061499853623440e-01 3.172711524370523672e-02
9.750000000000000000e+02 1.108363963812545538e+00 3.139766675785351374e-02
1.010000000000000000e+03 1.071631083771067638e+00 3.151569685754660594e-02
1.045000000000000000e+03 1.037269442102764394e+00 3.110159952043852274e-02
1.080000000000000000e+03 9.797776895590480928e-01 3.076389981221733586e-02
1.115000000000000000e+03 1.011067543644334821e+00 3.085231398531144628e-02
1.149000000000000000e+03 1.066754078525925742e+00 3.047221245109570792e-02
1.184000000000000000e+03 1.031645953860577558e+00 3.036956443233706018e-02
1.219000000000000000e+03 9.473300684918576353e-01 3.046617445078067185e-02
1.254000000000000000e+03 9.925687926191748556e-01 3.018600795429302736e-02
1.289000000000000000e+03 1.005931953900239151e+00 3.121198906940144541e-02
1.324000000000000000e+03 1.040343495858297551e+00 3.085043912507946101e-02
1.358000000000000000e+03 1.008640227657141786e+00 3.116999225973667367e-02
1.393000000000000000e+03 8.986048068250350740e-01 3.034443710607831815e-02
1.428000000000000000e+03 9.704669460888303290e-01 3.042844011186341541e-02
1.463000000000000000e+03 1.032856250257685904e+00 3.093420350884133752e-02
1.498000000000000000e+03 9.466194418304003655e-01 2.993140913781452972e-02
1.533000000000000000e+03 9.474752705679434506e-01 2.934196423097218051e-02
1.567000000000000000e+03 9.652652100176242200e-01 3.003873263092220192e-02
1.602000000000000000e+03 9.723419770487238267e-01 3.041752441065548665e-02
1.637000000000000000e+03 9.551061273361490800e-01 3.041817256704247921e-02
1.672000000000000000e+03 9.807802847053457285e-01 3.034133776507754593e-02
1.707000000000000000e+03 9.296568226666733770e-01 3.024069195491223272e-02
1.760000000000000000e+03 9.497022772010539349e-01 2.954557928105044570e-02
1.795000000000000000e+03 9.519758660690793572e-01 2.818657469668706117e-02
1.830000000000000000e+03 9.381554033311817475e-01 2.800323546326091012e-02
1.865000000000000000e+03 9.491214049799236996e-01 2.782240389315574630e-02
1.900000000000000000e+03 9.261375958502409134e-01 2.789354903912808284e-02
1.934000000000000000e+03 9.954229526760117741e-01 2.766636286605682338e-02
1.969000000000000000e+03 9.608817416176461679e-01 2.762655430021374731e-02
2.004000000000000000e+03 9.392733089774246702e-01 2.746036128552617819e-02
2.039000000000000000e+03 9.207067746241335282e-01 2.726510723833169142e-02
2.074000000000000000e+03 9.632004509776370682e-01 2.722013202889585898e-02
2.109000000000000000e+03 8.748867004575137107e-01 2.558286659590215673e-02
2.143000000000000000e+03 9.519437396765705328e-01 2.525873941955736335e-02
2.178000000000000000e+03 9.524846038857108788e-01 2.553108454738976449e-02
2.213000000000000000e+03 9.086741179450048556e-01 2.582884051864501457e-02
2.248000000000000000e+03 9.026986803223800981e-01 2.561262102122494749e-02
2.283000000000000000e+03 9.468282169240704871e-01 2.623539908415338170e-02
2.318000000000000000e+03 9.570078903801130243e-01 2.609942189075213984e-02
2.352000000000000000e+03 9.728812758394344007e-01 2.583891306365702564e-02
2.387000000000000000e+03 9.070680807119654299e-01 2.592191934953213400e-02
2.422000000000000000e+03 9.233524260767980163e-01 2.649309341451962230e-02
2.457000000000000000e+03 9.654830260265129249e-01 2.632845263022833004e-02
2.492000000000000000e+03 9.711993156289292495e-01 2.635745018761000841e-02
2.527000000000000000e+03 8.880425213499119064e-01 2.656137140025298382e-02
2.561000000000000000e+03 8.797013216331858176e-01 2.611415495422569899e-02
2.596000000000000000e+03 8.791520257234600733e-01 2.608998617563858605e-02
2.631000000000000000e+03 9.074746550056809191e-01 2.626426008224062164e-02
2.666000000000000000e+03 9.046161712006519640e-01 2.620010366249891920e-02
2.701000000000000000e+03 8.621636023916641189e-01 2.656179517567569190e-02
2.736000000000000000e+03 8.332144479181748942e-01 2.653396624021913883e-02
2.770000000000000000e+03 8.821063990724834492e-01 2.629921503798215987e-02
2.805000000000000000e+03 8.905468801921504474e-01 2.606949820779312296e-02
2.840000000000000000e+03 9.472431115810998614e-01 2.602478099904867795e-02
2.875000000000000000e+03 9.456732905436289194e-01 2.638750644115755647e-02
2.910000000000000000e+03 8.841931194878840383e-01 2.702280431770877345e-02
2.945000000000000000e+03 8.853375839981306727e-01 2.811657933983218588e-02
2.979000000000000000e+03 9.214408830826406049e-01 2.841261456933980023e-02
3.014000000000000000e+03 9.040192097796041493e-01 2.853171045610277193e-02
3.049000000000000000e+03 8.629197548591257538e-01 2.896033112890302255e-02
3.084000000000000000e+03 8.208422367125354224e-01 2.864603103056356792e-02
3.119000000000000000e+03 9.118737692835806596e-01 2.903733293631636028e-02
3.154000000000000000e+03 8.345728119042620241e-01 2.908483818532480586e-02
3.188000000000000000e+03 8.723742019705510442e-01 2.926033302257488936e-02
3.223000000000000000e+03 9.126639368061559843e-01 2.934514294449315844e-02
3.258000000000000000e+03 8.609410719125949463e-01 2.936971270790312422e-02
3.293000000000000000e+03 9.102314836820513122e-01 2.948589935965473946e-02
3.328000000000000000e+03 8.903844112938674726e-01 2.960955208643339595e-02
3.363000000000000000e+03 8.574062151007753041e-01 2.919858242351570238e-02
3.397000000000000000e+03 8.540751634438621398e-01 2.925923994808180342e-02
3.432000000000000000e+03 8.483173554568372854e-01 2.898008249858359531e-02
3.467000000000000000e+03 8.940482486777125981e-01 2.885588056014126365e-02
3.516000000000000000e+03 8.160112620965384034e-01 2.910154540463471412e-02
3.550000000000000000e+03 8.515825495692675995e-01 2.928541456333317791e-02
3.585000000000000000e+03 8.445478297609698703e-01 2.914595477897202747e-02
3.620000000000000000e+03 8.037895299313558839e-01 2.949751297491829544e-02
3.655000000000000000e+03 7.693365513799800270e-01 2.975577464410123635e-02
3.690000000000000000e+03 8.619414435448172762e-01 2.968565100236458462e-02
3.725000000000000000e+03 9.010941924200577269e-01 2.948393229777486121e-02
3.760000000000000000e+03 8.414783772192359068e-01 2.958698819738191446e-02
3.794000000000000000e+03 8.732756354792100550e-01 2.952074352404291877e-02
3.829000000000000000e+03 8.520964557023440467e-01 2.894364177489659046e-02
3.864000000000000000e+03 8.667277813217161286e-01 2.938091645802388963e-02
3.899000000000000000e+03 8.881770146875439531e-01 2.906114727844230639e-02
3.934000000000000000e+03 8.636378834286945194e-01 2.942237296177073122e-02
3.969000000000000000e+03 9.159721074040655386e-01 2.950895528696444864e-02
4.003000000000000000e+03 8.706581961698811600e-01 2.960442698824902741e-02
4.038000000000000000e+03 8.911055405256507189e-01 2.937043434223640670e-02
4.073000000000000000e+03 7.927199467061353255e-01 2.909020571719017623e-02
4.108000000000000000e+03 8.447388781789556544e-01 2.951863716176873417e-02
4.143000000000000000e+03 8.525884424093905789e-01 2.917431320614474050e-02
4.178000000000000000e+03 8.497975857093166274e-01 2.929240484440094605e-02
4.213000000000000000e+03 8.518657639924399616e-01 2.933594296940843227e-02
4.248000000000000000e+03 8.575185784503963626e-01 2.982605168166084508e-02
4.282000000000000000e+03 8.245536202865189068e-01 2.947578089400333667e-02
4.317000000000000000e+03 8.644977112740348524e-01 2.983098736566923079e-02
4.352000000000000000e+03 8.366189333649887150e-01 3.002736291642204777e-02
4.387000000000000000e+03 8.703740054312993912e-01 2.980796297865898059e-02
4.422000000000000000e+03 8.617959638050092241e-01 2.975035109167714978e-02
4.457000000000000000e+03 9.314091358245230046e-01 2.993916670091404872e-02
4.491000000000000000e+03 8.869494125023034137e-01 3.001659505075315523e-02
4.526000000000000000e+03 8.350690272271282799e-01 3.011736303639723708e-02
4.561000000000000000e+03 8.401726015055284158e-01 3.005135448894377323e-02
4.596000000000000000e+03 9.176803856368191958e-01 3.009778715003740002e-02
4.631000000000000000e+03 8.868093542509364324e-01 3.018203892956041953e-02
4.666000000000000000e+03 8.545747798931749850e-01 3.037602129710412907e-02
4.700000000000000000e+03 7.726320112310719468e-01 3.039691355565374981e-02
4.735000000000000000e+03 8.572581422194295309e-01 3.048531686969385701e-02
4.770000000000000000e+03 9.200208659427918656e-01 3.031830285277899162e-02
4.805000000000000000e+03 8.912003306504170386e-01 3.034696945077351021e-02
4.840000000000000000e+03 8.828587679030212021e-01 2.980320627812178824e-02
4.875000000000000000e+03 8.717777728037301443e-01 3.045498236275914067e-02
4.910000000000000000e+03 9.108271518021958668e-01 3.035409950814903918e-02
4.945000000000000000e+03 8.856732086279500704e-01 3.072166242856851776e-02
4.979000000000000000e+03 9.303332987608847748e-01 3.090503343417993348e-02
5.014000000000000000e+03 8.513975275899123840e-01 3.084291581058350856e-02
5.049000000000000000e+03 8.936606827206017289e-01 3.103009602115276364e-02
5.084000000000000000e+03 1.002665900679222233e+00 3.117930639636889295e-02
5.119000000000000000e+03 8.654720540337289547e-01 3.108227236201226498e-02
5.153000000000000000e+03 9.360317412410260607e-01 3.124130605346660608e-02
5.188000000000000000e+03 9.409393042662658191e-01 3.105914303842432361e-02
5.223000000000000000e+03 8.873376299621699159e-01 3.114356657586040203e-02
5.276000000000000000e+03 9.412844591275025818e-01 3.126319015100007676e-02
5.311000000000000000e+03 9.175658723605797373e-01 3.117340119144048835e-02
5.346000000000000000e+03 8.863825390748945043e-01 3.122028287909630467e-02
5.381000000000000000e+03 9.063437443621327194e-01 3.131353467222353776e-02
5.416000000000000000e+03 9.158315409003437990e-01 3.118853348164315684e-02
5.451000000000000000e+03 9.462962011176605515e-01 3.087065355147482898e-02
5.486000000000000000e+03 9.035921831771556167e-01 3.094263063918067935e-02
5.520000000000000000e+03 9.320704564926012292e-01 3.086023973199509066e-02
5.555000000000000000e+03 9.058309616558471999e-01 3.045906071369834656e-02
5.590000000000000000e+03 8.999327194115041006e-01 3.061419793071785619e-02
5.625000000000000000e+03 9.637434274623268848e-01 3.100632234845340091e-02
5.660000000000000000e+03 9.644555833427063130e-01 3.090077282274460158e-02
5.694000000000000000e+03 9.203384487523205149e-01 3.088478702090275904e-02
5.729000000000000000e+03 9.037264366800052962e-01 3.076124221395798788e-02
5.764000000000000000e+03 9.521925373096233880e-01 3.075571541887308843e-02
5.799000000000000000e+03 8.667659109580095889e-01 3.067316046473335042e-02
5.834000000000000000e+03 9.519511030982908961e-01 3.065927834859974097e-02
5.869000000000000000e+03 9.289472812749919317e-01 3.090749048391572967e-02
5.904000000000000000e+03 9.730216275141312376e-01 3.126658139190884728e-02
5.939000000000000000e+03 9.514375860426506071e-01 3.130132406678449303e-02
5.973000000000000000e+03 1.000264654217194904e+00 3.124904273519633208e-02
6.008000000000000000e+03 9.112856960935378225e-01 3.104772491105821722e-02
6.043000000000000000e+03 9.924826853818826677e-01 3.116296362510161469e-02
6.078000000000000000e+03 9.432276814488717021e-01 3.114613041895628043e-02
6.113000000000000000e+03 9.658009435960659417e-01 3.104842242161768781e-02
6.148000000000000000e+03 9.867931358591183200e-01 3.137997046496909803e-02
6.183000000000000000e+03 9.335958044981660375e-01 3.114485538953467442e-02
6.217000000000000000e+03 9.235721787520397852e-01 3.184072460451634751e-02
6.252000000000000000e+03 9.997353457828049850e-01 3.149180423458319833e-02
6.287000000000000000e+03 9.609663473366659714e-01 3.171880661893004133e-02
6.322000000000000000e+03 9.455452462528368685e-01 3.158435015876390889e-02
6.357000000000000000e+03 9.665075958456935679e-01 3.174309976202198402e-02
6.391000000000000000e+03 9.683160569142145180e-01 3.203199321464457461e-02
6.426000000000000000e+03 9.050977755099380850e-01 3.189170811250856968e-02
6.461000000000000000e+03 1.027228895602353864e+00 3.205277556874998324e-02
6.496000000000000000e+03 9.773222700858401613e-01 3.335069275896672403e-02
6.531000000000000000e+03 9.676627624504267056e-01 3.565369106298538204e-02
6.566000000000000000e+03 1.013333283725513567e+00 3.481541944906942770e-02
6.601000000000000000e+03 1.006206026631939254e+00 3.257214232029533030e-02
6.636000000000000000e+03 9.162439841234601978e-01 3.165762125064737476e-02
6.671000000000000000e+03 1.044657984284595775e+00 3.186088108075751935e-02
6.705000000000000000e+03 1.051667487421090286e+00 3.185067241631980850e-02
6.740000000000000000e+03 9.855812239351769977e-01 3.173009467898050412e-02
6.775000000000000000e+03 1.015031606027025690e+00 3.179855159091589389e-02
6.810000000000000000e+03 1.072428984887623171e+00 3.150394260566886928e-02
6.845000000000000000e+03 1.047291399795438727e+00 3.177690468485900449e-02
6.880000000000000000e+03 1.031442191235842021e+00 3.172923042562784957e-02
6.914000000000000000e+03 9.638013058021909218e-01 3.204016203666749940e-02
6.949000000000000000e+03 9.555736681785186315e-01 3.222076085419763036e-02
6.984000000000000000e+03 1.068876616933155832e+00 3.245501380563771410e-02
7.037000000000000000e+03 1.028603620664765073e+00 3.237326118651526891e-02
7.072000000000000000e+03 1.022440425028789068e+00 3.263209842826941820e-02
7.106000000000000000e+03 9.945434938067138075e-01 3.285110359365424337e-02
7.141000000000000000e+03 1.017214968262960983e+00 3.267691175464004782e-02
7.176000000000000000e+03 1.005042663776278378e+00 3.298830300737708165e-02
7.211000000000000000e+03 1.028256101599604788e+00 3.304387200334656105e-02
7.246000000000000000e+03 1.082450572072524597e+00 3.307474413916525885e-02
7.281000000000000000e+03 1.026828782389102690e+00 3.302814290852160856e-02
7.315000000000000000e+03 1.094151835636509418e+00 3.290644631469543530e-02
7.350000000000000000e+03 1.035206798123041727e+00 3.311580829676696869e-02
7.385000000000000000e+03 1.034196985013692505e+00 3.324422509524836006e-02
7.420000000000000000e+03 9.922185572243075180e-01 3.300335166592274078e-02
7.455000000000000000e+03 1.071666173906773656e+00 3.277870544421489923e-02
7.490000000000000000e+03 1.041064486232773145e+00 3.321357888614051568e-02
7.524000000000000000e+03 1.111172310077528591e+00 3.319026275760941780e-02
7.559000000000000000e+03 1.044528966536872883e+00 3.287837210494994056e-02
7.594000000000000000e+03 1.141027480769865488e+00 3.341124916081028573e-02
7.629000000000000000e+03 1.052762530767170635e+00 3.353269090793252472e-02
7.664000000000000000e+03 1.029181744597669201e+00 3.330723138765338820e-02
7.699000000000000000e+03 1.079609249781336100e+00 3.363172879033324292e-02
7.734000000000000000e+03 1.066209876372371967e+00 3.359544194261402522e-02
7.769000000000000000e+03 1.072526444866072071e+00 3.379919015148608735e-02
7.804000000000000000e+03 1.072783590018810740e+00 3.364460758426724568e-02
7.838000000000000000e+03 1.072126200441247512e+00 3.382398820859506411e-02
7.873000000000000000e+03 1.101301194975253139e+00 3.417587813612038561e-02
7.908000000000000000e+03 1.041377460419219636e+00 3.367650162929473889e-02
7.943000000000000000e+03 1.060384877842697193e+00 3.416031383558762458e-02
7.978000000000000000e+03 1.091064822644404853e+00 3.438490710849521209e-02
8.012000000000000000e+03 1.090044103294029343e+00 3.420139922649429592e-02
8.047000000000000000e+03 1.025470140269226560e+00 3.420408506981553048e-02
8.082000000000000000e+03 1.014061131512998815e+00 3.446696680135409585e-02
8.118000000000000000e+03 1.150969999039659131e+00 3.435588386102346459e-02
8.153000000000000000e+03 1.084337070609209919e+00 3.471124119046739565e-02
8.188000000000000000e+03 1.053334893984273934e+00 3.463620354813461144e-02
8.223000000000000000e+03 1.095426858681870064e+00 3.448218844378255626e-02
8.257000000000000000e+03 1.120705553217249406e+00 3.418186675621229936e-02
8.292000000000000000e+03 1.103790412874625870e+00 3.400945868330659816e-02
8.327000000000000000e+03 1.125448555660560013e+00 3.444306471307043149e-02
8.362000000000000000e+03 1.115138324924260349e+00 3.394692972689720978e-02
8.397000000000000000e+03 1.059565384142455047e+00 3.425658836945899566e-02
8.432000000000000000e+03 1.128479556333215950e+00 3.410967742579037315e-02
8.466000000000000000e+03 1.078545437340492796e+00 3.428559279937587467e-02
8.501000000000000000e+03 1.084276349117167637e+00 3.421229947990562376e-02
8.536000000000000000e+03 1.084898443807791768e+00 3.471001518036866129e-02
8.571000000000000000e+03 1.048653915163941353e+00 3.418492277825449510e-02
8.606000000000000000e+03 1.113583734389426150e+00 3.431633654976314063e-02
8.640000000000000000e+03 1.196755147053967017e+00 3.472626606636007585e-02
8.675000000000000000e+03 1.166241881366074651e+00 3.472799834240274802e-02
8.710000000000000000e+03 1.098008508774590553e+00 3.460998132251038445e-02
8.745000000000000000e+03 1.074178284626151392e+00 3.481418424324360383e-02
8.796000000000000000e+03 1.018878975312962121e+00 3.478297530446431557e-02
8.831000000000000000e+03 1.142161947118283782e+00 3.562074654614760805e-02
8.866000000000000000e+03 1.172501834474620530e+00 3.529952666681028528e-02
8.900000000000000000e+03 1.056589829023730331e+00 3.594296981274479330e-02
8.935000000000000000e+03 1.062395998145498011e+00 3.639888965613777977e-02
8.970000000000000000e+03 1.122327814302538140e+00 3.669262075478844226e-02
9.005000000000000000e+03 1.138990098624661940e+00 3.690384649303929399e-02
9.040000000000000000e+03 1.089825011854109071e+00 3.745176744221059839e-02
9.075000000000000000e+03 1.097298430983694617e+00 3.692687192058787676e-02
9.109000000000000000e+03 1.090147766093225945e+00 3.752944939430400556e-02
9.144000000000000000e+03 1.120450603589466798e+00 3.710861737526485044e-02
9.179000000000000000e+03 1.123525972202855883e+00 3.729926428738905564e-02
9.214000000000000000e+03 1.153923427091797738e+00 3.760671077651425720e-02
9.249000000000000000e+03 1.129921694431989865e+00 3.736290846535950810e-02
9.284000000000000000e+03 1.038151199065515229e+00 3.752255491045573821e-02
9.319000000000000000e+03 1.010557632701090558e+00 3.768874195750370609e-02
9.354000000000000000e+03 1.146213451519638049e+00 3.771723864918907071e-02
9.388000000000000000e+03 1.083197740892767991e+00 3.806753518387411689e-02
9.423000000000000000e+03 1.062825585990717636e+00 3.829170816371748470e-02
9.458000000000000000e+03 1.172380396210936038e+00 3.786364278084539819e-02
9.493000000000000000e+03 1.111080790412107167e+00 3.762201550844025688e-02
9.528000000000000000e+03 1.099734179873330664e+00 3.778564062591833334e-02
9.563000000000000000e+03 1.106231617040583926e+00 3.756414327975421408e-02
9.598000000000000000e+03 1.105592578812139681e+00 3.774851023577426024e-02
9.632000000000000000e+03 1.100737172829317823e+00 3.718561294127535610e-02
9.667000000000000000e+03 1.174477132322603756e+00 3.727818185285861757e-02
9.702000000000000000e+03 1.058154549318853999e+00 3.649336737203657394e-02
9.737000000000000000e+03 1.109012017695546248e+00 3.723171603246535483e-02
9.772000000000000000e+03 1.172584952400309577e+00 3.688995322802972321e-02
9.806000000000000000e+03 1.100529784896827623e+00 3.675867449802817238e-02
9.841000000000000000e+03 1.185515878004957724e+00 3.713513771599319391e-02
9.876000000000000000e+03 1.188368007511967583e+00 3.756403286848857687e-02
9.911000000000000000e+03 1.113725802994185443e+00 3.758520518334033944e-02
9.946000000000000000e+03 1.066835398972941107e+00 3.752358423625898332e-02
9.981000000000000000e+03 1.077790406948893942e+00 3.753929019661287475e-02
1.001600000000000000e+04 1.109105506909125571e+00 3.769228973095208740e-02
1.005000000000000000e+04 1.115534792063163971e+00 3.769475897421477317e-02
1.008500000000000000e+04 1.132519793265720054e+00 3.774752492276303023e-02
1.012000000000000000e+04 1.100853942360106918e+00 3.806495511362499584e-02
1.015500000000000000e+04 1.077009465856911818e+00 3.837011985641158862e-02
1.019000000000000000e+04 1.094582024760172079e+00 3.833584049057966320e-02
1.022500000000000000e+04 1.051144849997562636e+00 3.809162955096141029e-02
1.025900000000000000e+04 1.150032518254281433e+00 3.935590037861477070e-02
1.029400000000000000e+04 1.024975581393443802e+00 3.930264618294927736e-02
1.032900000000000000e+04 1.105015801758558069e+00 3.903386597095994531e-02
1.036400000000000000e+04 1.109309488494616192e+00 3.898309839627324414e-02
1.039900000000000000e+04 1.137546220840923494e+00 3.940560404680536200e-02
1.043400000000000000e+04 1.098871687091321103e+00 3.941701124160002651e-02
1.046800000000000000e+04 1.125583990140476276e+00 3.928828432719599223e-02
1.050300000000000000e+04 1.138213726092989209e+00 3.944233275175011710e-02
1.055600000000000000e+04 1.099465603765151345e+00 3.996805023986474414e-02
1.059100000000000000e+04 1.132792578596129918e+00 4.015390030965727136e-02
1.062500000000000000e+04 1.051072574200601073e+00 3.952896553647899242e-02
1.066000000000000000e+04 1.162563325545870052e+00 3.876187626518320245e-02
1.069500000000000000e+04 1.095808258897338794e+00 3.915147116644081271e-02
1.073000000000000000e+04 1.056336232555119770e+00 3.985113508317158354e-02
1.076500000000000000e+04 1.034697465794409910e+00 4.009822410190969078e-02
1.080000000000000000e+04 1.077006386576733643e+00 3.972519163482278459e-02
1.083500000000000000e+04 1.184782882636879586e+00 4.004602866499568786e-02
1.087000000000000000e+04 1.132144725451818656e+00 4.009976257120813348e-02
1.090400000000000000e+04 9.944624862297932744e-01 4.046607654580262892e-02
1.093900000000000000e+04 1.045917210612839598e+00 4.091170328780365656e-02
1.097400000000000000e+04 1.068665184415642511e+00 4.102871882478269921e-02
1.100900000000000000e+04 1.091129709052242713e+00 4.142203196292528616e-02
1.104400000000000000e+04 9.816809967994493125e-01 4.127323883338894495e-02
1.107900000000000000e+04 1.077922855908273192e+00 4.084265383982908088e-02
1.111400000000000000e+04 1.056182264136999116e+00 4.144612520709654857e-02
1.114900000000000000e+04 1.189697265023917039e+00 4.183163604739329605e-02
1.118400000000000000e+04 1.043497007141608535e+00 4.230429383129506032e-02
1.121900000000000000e+04 1.069809919809708632e+00 4.316545710106896999e-02
1.125300000000000000e+04 1.064878358249489620e+00 4.394201727718932693e-02
1.128800000000000000e+04 1.166496071360705100e+00 4.455228273239505293e-02
1.132300000000000000e+04 1.076181697135481619e+00 4.514738115917964895e-02
1.135800000000000000e+04 1.023284969388127186e+00 4.498910709258438501e-02
1.139300000000000000e+04 9.902531275275481271e-01 4.445903104018802954e-02
1.142800000000000000e+04 1.079124098420390476e+00 4.471259625934251997e-02
1.146200000000000000e+04 1.121834921871392554e+00 4.507563890922549471e-02
1.149700000000000000e+04 1.063466627607914328e+00 4.495771033786816889e-02
1.153200000000000000e+04 1.076174897056755064e+00 4.501897309502801009e-02
1.156700000000000000e+04 1.114833154476831734e+00 4.490644801342700415e-02
1.160200000000000000e+04 1.138954875857525195e+00 4.479902047742856386e-02
1.163700000000000000e+04 1.060651892516699002e+00 4.496286673597277295e-02
1.167200000000000000e+04 1.065264884136350565e+00 4.573648698106733829e-02
1.170700000000000000e+04 1.007345634818222813e+00 4.617651613453598730e-02
1.174100000000000000e+04 1.141810867621542158e+00 4.590293757264712893e-02
1.177600000000000000e+04 1.081181529982136791e+00 4.641121750895314119e-02
1.181100000000000000e+04 1.014693837653273478e+00 4.652966917927786605e-02
1.184600000000000000e+04 9.690589083656069302e-01 4.754701437489528004e-02
1.188100000000000000e+04 9.214830237957678527e-01 4.867482299318425659e-02
1.191600000000000000e+04 9.892689558429251795e-01 4.986420283963514943e-02
1.195100000000000000e+04 1.023157243027915886e+00 5.057562409644146550e-02
1.198500000000000000e+04 1.078753135788318218e+00 5.252034424684060010e-02
1.202000000000000000e+04 1.117417284884012263e+00 5.581565213952983939e-02
1.205500000000000000e+04 1.056468730472952311e+00 5.840890418373018839e-02
1.209000000000000000e+04 8.722172342811855827e-01 5.815630992325639820e-02
1.212500000000000000e+04 9.710432639192657645e-01 5.872344424232386895e-02
1.216000000000000000e+04 1.023004638809620115e+00 6.246875043282496681e-02
1.219500000000000000e+04 1.097229551624862687e+00 6.359452245918340019e-02
1.222900000000000000e+04 9.910314005091943601e-01 6.530190299247866370e-02
1.226400000000000000e+04 9.889056242853493384e-01 6.743514410293025008e-02
1.231300000000000000e+04 1.211668149089736746e+00 6.686583521665338814e-02
1.234700000000000000e+04 1.012800925709409272e+00 7.182602555899143815e-02
1.238200000000000000e+04 1.038334186410502680e+00 7.005767884378343024e-02
1.241700000000000000e+04 1.044919950465136527e+00 6.855623711745788273e-02
1.245200000000000000e+04 1.070732896948612511e+00 6.813012670603423027e-02
1.248700000000000000e+04 1.094480188014713029e+00 6.977133529481890917e-02
1.252200000000000000e+04 1.260188960034479999e+00 7.274353447687038898e-02
1.255700000000000000e+04 1.045293482038160748e+00 7.554396659796479285e-02
1.259100000000000000e+04 9.586491842781565964e-01 7.564712965663399069e-02
1.262600000000000000e+04 9.182360570184306958e-01 7.470718784322541439e-02
1.266100000000000000e+04 9.388469063765757516e-01 7.661408307481339108e-02
1.269600000000000000e+04 1.026008460253671650e+00 7.713187000124117898e-02
1.273100000000000000e+04 1.048076398800750875e+00 7.189370625877679333e-02
1.276600000000000000e+04 9.943156965988257934e-01 7.396452394772429217e-02
1.280000000000000000e+04 1.023986129464684147e+00 7.381519203438427490e-02
1.283500000000000000e+04 1.046838685490195875e+00 7.713412720929799238e-02
1.287000000000000000e+04 8.742466233854342406e-01 7.823851345796940804e-02
1.290500000000000000e+04 7.244779353326273874e-01 8.506890488939081174e-02
1.294000000000000000e+04 8.999204672454798049e-01 9.110525846344744161e-02
1.297500000000000000e+04 8.582460285991008186e-01 9.174513883231108502e-02
1.301000000000000000e+04 1.038505464869019512e+00 1.017421303462761745e-01
1.304400000000000000e+04 1.194183082872203983e+00 9.949328326564470248e-02
1.307900000000000000e+04 7.026417518506153925e-01 1.107426536980849474e-01
1.311400000000000000e+04 1.089132473028208148e+00 1.000000000000000000e+09
1.314900000000000000e+04 1.089132473028208148e+00 1.126717477773090115e-01
1.318400000000000000e+04 1.047116746234014961e+00 1.075669421789749586e-01
1.321900000000000000e+04 1.009221122834925488e+00 9.532190859362608959e-02
1.325400000000000000e+04 9.456752518901994087e-01 9.725199376262988471e-02
1.328800000000000000e+04 7.970000486601029888e-01 1.057787892786519329e-01
1.332300000000000000e+04 1.050497270539832995e+00 1.001224370115716966e-01
1.335800000000000000e+04 7.295350337063953861e-01 8.762966283307097037e-02
1.339300000000000000e+04 7.607998612805523253e-01 8.223610194944688812e-02
1.342800000000000000e+04 1.116750788004060579e+00 8.474184558789278621e-02
1.346300000000000000e+04 1.145614345886928342e+00 8.141520548642325328e-02
1.349700000000000000e+04 1.001228457370689773e+00 8.143300813326194432e-02
1.353200000000000000e+04 7.689508789701334779e-01 6.944812163018641848e-02
1.356700000000000000e+04 8.462652210226077054e-01 7.102464365416026604e-02
1.360200000000000000e+04 8.548802439254106211e-01 7.573290611798788596e-02
1.363700000000000000e+04 9.463146658898680119e-01 7.280634522204935954e-02
1.367200000000000000e+04 9.819466792990743098e-01 7.302922810646984841e-02
1.370700000000000000e+04 9.478708544468564812e-01 6.457385125451399477e-02
1.374200000000000000e+04 9.780411822026969793e-01 7.028224392303519807e-02
1.377700000000000000e+04 9.409293700017711259e-01 5.870547337619966277e-02
1.381100000000000000e+04 9.475092773309029548e-01 4.955946662783039525e-02
1.384600000000000000e+04 9.165316990116800788e-01 5.575226571728247177e-02
1.388100000000000000e+04 9.477370653177037418e-01 5.121163184090140458e-02
1.391600000000000000e+04 9.831680948238580298e-01 4.734456284257013842e-02
1.395100000000000000e+04 8.572461750581341633e-01 4.882377457241190294e-02
1.398600000000000000e+04 8.855909498552276826e-01 4.528054728264811757e-02
1.402100000000000000e+04 9.033896659469030643e-01 4.522526558415850689e-02
