0.000000000000000000e+00 9.548431703710495988e-01 4.894509343404948587e-02
3.500000000000000000e+01 1.060182060514148317e+00 4.842382337694395994e-02
6.900000000000000000e+01 1.047711900159066900e+00 4.826015873654561361e-02
1.040000000000000000e+02 1.036640804866981291e+00 4.869425032295952860e-02
1.390000000000000000e+02 9.757718215227934033e-01 4.956144669589188784e-02
1.740000000000000000e+02 1.021423073126688674e+00 4.929174814898451551e-02
2.090000000000000000e+02 9.761947939639232796e-01 4.954972753422841325e-02
2.440000000000000000e+02 9.501960100168589385e-01 4.970240745199530630e-02
2.790000000000000000e+02 9.323955206839694698e-01 4.945057496617623338e-02
3.130000000000000000e+02 9.874057489336750537e-01 4.944035301897718032e-02
3.480000000000000000e+02 1.048346604944189187e+00 5.035265935430640466e-02
3.830000000000000000e+02 9.442717072020815339e-01 4.971442725620373038e-02
4.180000000000000000e+02 1.011382041330370019e+00 5.049327053468626036e-02
4.530000000000000000e+02 9.624839779387206473e-01 5.087230095398411617e-02
4.870000000000000000e+02 8.994656675371133225e-01 5.067417392957286604e-02
5.220000000000000000e+02 9.653685111757368542e-01 5.032184747104644779e-02
5.570000000000000000e+02 9.844279882700591733e-01 5.086707547697697646e-02
5.920000000000000000e+02 1.037297399364959460e+00 5.079377636477918484e-02
6.270000000000000000e+02 9.800943612620865997e-01 5.135578441396289329e-02
6.620000000000000000e+02 9.492795041817284618e-01 5.065658750150459771e-02
6.970000000000000000e+02 1.050462200593633710e+00 4.969930714982996600e-02
7.310000000000000000e+02 9.554975840505872675e-01 5.041071194027692964e-02
7.660000000000000000e+02 1.083161859495441082e+00 5.001558183565887883e-02
8.010000000000000000e+02 9.530829022996082367e-01 5.035049038620036110e-02
8.360000000000000000e+02 7.997864570947144092e-01 5.028362730950269172e-02
8.710000000000000000e+02 8.942715671843516345e-01 5.079845129724844255e-02
9.060000000000000000e+02 9.490478872225686091e-01 5.052391278741630992e-02
9.400000000000000000e+02 9.744163365775788677e-01 5.052010083167852300e-02
9.750000000000000000e+02 8.434346057911046302e-01 5.089481260805516633e-02
1.010000000000000000e+03 9.533955639219142686e-01 5.131625431690849115e-02
1.045000000000000000e+03 9.320415805062844949e-01 5.159278098574435201e-02
1.080000000000000000e+03 1.006027629718459604e+00 5.051408054054501440e-02
1.115000000000000000e+03 9.072062583770069688e-01 5.094179745372876683e-02
1.150000000000000000e+03 9.615707218213955798e-01 5.131689307015302459e-02
1.184000000000000000e+03 8.394508651111344255e-01 5.102099269390397707e-02
1.219000000000000000e+03 8.877595554528560085e-01 5.178504845012395219e-02
1.254000000000000000e+03 9.567196357509143434e-01 5.110681553900445206e-02
1.289000000000000000e+03 9.353499016158979273e-01 5.146491243480113414e-02
1.324000000000000000e+03 8.493275805135288570e-01 5.201942061764892183e-02
1.359000000000000000e+03 8.649424820263467151e-01 5.171882749824566194e-02
1.394000000000000000e+03 9.257824017438958109e-01 5.171957913977776738e-02
1.428000000000000000e+03 9.148097097238496733e-01 5.185961803451131363e-02
1.463000000000000000e+03 8.456285696447930489e-01 5.202665857473865590e-02
1.498000000000000000e+03 8.929895462710959464e-01 5.206984831648478473e-02
1.533000000000000000e+03 8.195595127384794898e-01 5.223282247317713456e-02
1.568000000000000000e+03 8.638102694204490284e-01 5.237675959099962614e-02
1.603000000000000000e+03 1.032710292386798123e+00 5.220644638883582128e-02
1.638000000000000000e+03 8.337473463358543446e-01 5.242416445570643319e-02
1.672000000000000000e+03 7.949716723581791156e-01 5.283558119123998170e-02
1.707000000000000000e+03 8.909704893618538568e-01 5.293350690325667601e-02
1.794000000000000000e+03 8.361762873715060662e-01 5.339418953748493318e-02
1.829000000000000000e+03 8.228183718051877982e-01 5.365818889581154549e-02
1.864000000000000000e+03 1.002575314346245028e+00 5.350266034617163352e-02
1.899000000000000000e+03 8.833682459214736715e-01 5.429168254505241376e-02
1.934000000000000000e+03 8.517459427351758983e-01 5.354900237922056300e-02
1.968000000000000000e+03 8.355969557056904806e-01 5.396422507063249746e-02
2.003000000000000000e+03 7.664617162643435622e-01 5.411578380426997764e-02
2.038000000000000000e+03 7.673336988489680710e-01 5.344736473500658058e-02
2.073000000000000000e+03 8.626567071299185985e-01 5.372305264176740341e-02
2.108000000000000000e+03 8.023234037205226876e-01 5.353499695712203577e-02
2.143000000000000000e+03 7.373792742641492870e-01 5.382458247697698150e-02
2.178000000000000000e+03 8.521687345003836622e-01 5.426560555531963898e-02
2.213000000000000000e+03 7.700057172859359200e-01 5.411852707004269347e-02
2.248000000000000000e+03 8.112515946120281152e-01 5.419978907640402022e-02
2.283000000000000000e+03 8.283626036950085814e-01 5.440536654084868196e-02
2.318000000000000000e+03 7.122564293243938138e-01 5.454758121700110235e-02
2.353000000000000000e+03 7.469568440552551980e-01 5.495309193622831268e-02
2.388000000000000000e+03 7.869799835186427339e-01 5.449680959744926390e-02
2.422000000000000000e+03 6.941123704689619034e-01 5.382253920801180480e-02
2.457000000000000000e+03 8.444948927264976923e-01 5.460292476627568586e-02
2.492000000000000000e+03 8.088481628278469948e-01 5.462612433279924462e-02
2.527000000000000000e+03 6.821052088990765538e-01 5.531777239627217596e-02
2.562000000000000000e+03 6.809516704776477081e-01 5.507706997223182910e-02
2.597000000000000000e+03 7.955796509698165320e-01 5.465132999528541508e-02
2.632000000000000000e+03 8.044831013163460387e-01 5.541695463157012697e-02
2.667000000000000000e+03 7.123460033630328869e-01 5.489476170129536231e-02
2.702000000000000000e+03 7.274888769158424084e-01 5.513795062143587306e-02
2.737000000000000000e+03 7.809152627347408782e-01 5.501158265483981763e-02
2.772000000000000000e+03 7.775666830290022258e-01 5.468490809095865463e-02
2.807000000000000000e+03 7.428945555680249724e-01 5.528501463930205612e-02
2.842000000000000000e+03 7.284488305844417644e-01 5.543951997702373236e-02
2.876000000000000000e+03 8.540232487441710152e-01 5.557990521314465360e-02
2.911000000000000000e+03 8.070389390844385780e-01 5.571582171239378156e-02
2.946000000000000000e+03 8.988209067989937351e-01 5.573028425860680757e-02
2.981000000000000000e+03 8.412492321016703523e-01 5.560664424766226938e-02
3.016000000000000000e+03 8.369892282468871514e-01 5.576575157871959537e-02
3.051000000000000000e+03 7.604729321057411839e-01 5.597634817456093731e-02
3.086000000000000000e+03 8.718370076699610838e-01 5.587471408535666512e-02
3.120000000000000000e+03 8.730638479008930863e-01 5.621390816445732963e-02
3.155000000000000000e+03 7.951765642791835953e-01 5.543924050892736627e-02
3.190000000000000000e+03 7.997606840070036194e-01 5.540368983680531156e-02
3.225000000000000000e+03 7.705281253657227936e-01 5.599091666531420819e-02
3.260000000000000000e+03 8.230136022407797958e-01 5.486156185020465287e-02
3.295000000000000000e+03 9.126016021739578044e-01 5.452211328070726698e-02
3.330000000000000000e+03 8.421103964168500378e-01 5.477093980035237925e-02
3.364000000000000000e+03 7.810956041912819892e-01 5.480921715080946943e-02
3.399000000000000000e+03 8.346847421334768757e-01 5.488054950612815397e-02
3.434000000000000000e+03 7.822035240736996409e-01 5.434201422458427577e-02
3.469000000000000000e+03 8.827579235287511539e-01 5.445528854304814564e-02
3.504000000000000000e+03 8.845343440726384232e-01 5.476858576084244618e-02
3.594000000000000000e+03 9.115756601198695686e-01 5.436020755552339184e-02
3.629000000000000000e+03 7.885776719217797437e-01 5.409600356834227269e-02
3.664000000000000000e+03 8.873811430898260744e-01 5.343133846869862341e-02
3.699000000000000000e+03 9.123450731941203928e-01 5.410130745232601124e-02
3.734000000000000000e+03 9.718429293960618720e-01 5.430462497527514809e-02
3.769000000000000000e+03 8.531396618348812133e-01 5.385674489482757815e-02
3.804000000000000000e+03 8.675471545731507916e-01 5.509080028682225572e-02
3.838000000000000000e+03 8.272031116238537374e-01 5.439726045791197506e-02
3.873000000000000000e+03 8.296512492952144990e-01 5.638639548708466315e-02
3.908000000000000000e+03 8.901995865438555589e-01 5.580190452862497652e-02
3.943000000000000000e+03 8.768337405978582355e-01 5.596011547079116077e-02
3.978000000000000000e+03 9.156275116247915014e-01 5.559501911283816489e-02
4.013000000000000000e+03 8.838644347849925476e-01 5.496764909451384851e-02
4.048000000000000000e+03 9.602599717032695992e-01 5.570946480384934840e-02
4.083000000000000000e+03 8.363898808048092492e-01 5.554755980309054181e-02
4.117000000000000000e+03 8.922350726546014466e-01 5.492256898473706073e-02
4.152000000000000000e+03 8.474173463190530775e-01 5.559824205892530125e-02
4.187000000000000000e+03 8.318464442337867304e-01 5.543514864040610668e-02
4.222000000000000000e+03 9.784744025256896238e-01 5.502494220364454597e-02
4.257000000000000000e+03 1.009895639654382338e+00 5.523093784661681910e-02
4.292000000000000000e+03 9.549698915777609098e-01 5.513226326755645001e-02
4.327000000000000000e+03 9.249049564580058558e-01 5.446347789457051114e-02
4.361000000000000000e+03 8.386171836567969384e-01 5.602047444459271747e-02
4.396000000000000000e+03 8.808714014752958565e-01 5.568756163412396515e-02
4.431000000000000000e+03 8.298348155499670753e-01 5.659896094541798373e-02
4.466000000000000000e+03 8.480810081649406973e-01 5.586718786005826637e-02
4.501000000000000000e+03 9.909908766543695791e-01 5.652385645095905908e-02
4.536000000000000000e+03 8.836421223769382882e-01 5.587121101888957442e-02
4.571000000000000000e+03 8.658223850033314184e-01 5.508727687376554355e-02
4.606000000000000000e+03 8.910413771790547388e-01 5.569989324479072273e-02
4.641000000000000000e+03 1.034771603177492061e+00 5.651525879502163757e-02
4.676000000000000000e+03 1.041751509373078921e+00 5.633771306605167561e-02
4.711000000000000000e+03 1.091779116071257327e+00 5.617354210523669428e-02
4.745000000000000000e+03 9.933290663355320849e-01 5.657444897415648405e-02
4.780000000000000000e+03 9.850533673171054661e-01 5.604127189711341495e-02
4.815000000000000000e+03 8.964885123694278368e-01 5.690307770730625159e-02
4.850000000000000000e+03 1.030007934378389223e+00 5.582944417332129372e-02
4.885000000000000000e+03 1.125188838201374386e+00 5.729007034203283805e-02
4.920000000000000000e+03 8.928171539805713763e-01 5.794922075254339139e-02
4.955000000000000000e+03 8.846071245406548211e-01 5.754495962725670460e-02
4.990000000000000000e+03 9.157746652645435415e-01 5.658738665327792128e-02
5.025000000000000000e+03 1.017608643447153627e+00 5.693881751815451503e-02
5.059000000000000000e+03 9.211426037262538946e-01 5.705342620009911520e-02
5.094000000000000000e+03 9.688060093988598576e-01 5.699309008898560680e-02
5.129000000000000000e+03 1.059997609176112965e+00 5.620247392114707113e-02
5.164000000000000000e+03 9.866794062924775233e-01 5.606863668732742223e-02
5.199000000000000000e+03 9.811881698034329302e-01 5.641030580961770013e-02
5.234000000000000000e+03 9.769944338329344946e-01 5.610901763441855650e-02
5.269000000000000000e+03 1.129629203006627725e+00 5.690489701088510127e-02
5.304000000000000000e+03 9.307912342788358107e-01 5.657535446310438948e-02
5.442000000000000000e+03 9.866608087080207534e-01 5.691553001249314431e-02
5.477000000000000000e+03 1.011142305392334961e+00 5.671878428334737460e-02
5.512000000000000000e+03 1.010722414052942275e+00 5.715964191861188509e-02
5.547000000000000000e+03 1.100283515181894600e+00 5.710641967063316560e-02
5.582000000000000000e+03 1.084605991844187267e+00 5.682186299970350823e-02
5.616000000000000000e+03 1.057940481839294344e+00 5.775258604742856267e-02
5.651000000000000000e+03 1.075293202236339285e+00 5.683789467207520790e-02
5.686000000000000000e+03 1.015163918141992916e+00 5.718064226830136404e-02
5.721000000000000000e+03 9.798411771337641740e-01 5.651670184001447023e-02
5.756000000000000000e+03 1.026320085810848770e+00 5.688630722813596552e-02
5.791000000000000000e+03 1.060495405254774814e+00 5.706372281019416598e-02
5.826000000000000000e+03 1.011115045916835431e+00 5.769658086573040134e-02
5.861000000000000000e+03 1.076349506684629365e+00 5.736697132863369242e-02
5.896000000000000000e+03 1.000060802307070063e+00 5.706286415390796757e-02
5.930000000000000000e+03 1.198562173808898068e+00 5.732260315192101024e-02
5.965000000000000000e+03 9.710270887810029672e-01 5.723220186055578973e-02
6.000000000000000000e+03 1.055460711667119744e+00 5.727454950867975902e-02
6.035000000000000000e+03 1.014784722071082390e+00 5.730292608950486588e-02
6.070000000000000000e+03 1.017855905872688371e+00 5.710636289503061291e-02
6.105000000000000000e+03 1.034853422217178132e+00 5.668194889321548358e-02
6.140000000000000000e+03 1.038866116109615989e+00 5.652163238063909884e-02
6.175000000000000000e+03 1.149703824031905741e+00 5.710660141925558153e-02
6.210000000000000000e+03 1.115317932917474053e+00 5.628329349710477908e-02
6.245000000000000000e+03 1.060986077670363459e+00 5.704069741304914481e-02
6.280000000000000000e+03 1.029067623482185834e+00 5.668376197571509123e-02
6.315000000000000000e+03 9.919031287103892147e-01 5.660067834157817696e-02
6.349000000000000000e+03 1.079888166494140211e+00 5.629794560868565945e-02
6.384000000000000000e+03 1.055141117567813147e+00 5.665527679631972985e-02
6.419000000000000000e+03 1.067787956589244747e+00 5.659600605448689842e-02
6.454000000000000000e+03 1.001449112228402161e+00 5.529568981072770228e-02
6.489000000000000000e+03 9.078624944897454307e-01 5.527648550247780262e-02
6.524000000000000000e+03 9.409370769347918939e-01 5.649390124526878360e-02
6.559000000000000000e+03 9.965694636273347840e-01 5.683881950128492205e-02
6.593000000000000000e+03 1.116632817213742523e+00 5.673875540913107807e-02
6.628000000000000000e+03 1.140923982039949935e+00 5.728154001210834095e-02
6.663000000000000000e+03 1.118088377501089692e+00 5.757729845037618671e-02
6.698000000000000000e+03 1.077705068374305242e+00 5.779477180774408168e-02
6.733000000000000000e+03 9.999391976929300485e-01 5.762407900979204384e-02
6.768000000000000000e+03 1.064875334671931517e+00 5.787520243439558953e-02
6.802000000000000000e+03 1.097846393819366551e+00 5.853176221708254745e-02
6.837000000000000000e+03 1.055638880235799437e+00 5.875681277304089373e-02
6.872000000000000000e+03 1.075115331702227728e+00 5.894714437481862745e-02
6.907000000000000000e+03 1.048783847220434051e+00 5.927815652331640262e-02
6.942000000000000000e+03 1.110925092213630005e+00 5.930062789736464945e-02
6.977000000000000000e+03 1.058740695552238265e+00 5.361539219402117196e-02
7.012000000000000000e+03 1.040909545389379076e+00 5.018349316196499960e-02
7.047000000000000000e+03 1.058816746092278827e+00 5.033820902322906632e-02
7.082000000000000000e+03 1.133543052992031397e+00 5.083237095649453807e-02
7.116000000000000000e+03 1.076342205525879336e+00 5.011658365854369107e-02
7.151000000000000000e+03 1.137959036717427264e+00 5.030423705641411114e-02
7.197000000000000000e+03 1.082839280285013306e+00 5.062757899599731187e-02
7.232000000000000000e+03 1.109098846839104979e+00 5.073661207851051791e-02
7.266000000000000000e+03 1.087943973274920761e+00 5.016238216722471860e-02
7.301000000000000000e+03 1.123195767735931438e+00 5.056766207468018498e-02
7.336000000000000000e+03 1.063959757245236171e+00 5.035758188681192793e-02
7.371000000000000000e+03 1.112281829069451167e+00 5.075179409950245774e-02
7.406000000000000000e+03 1.036300252098368624e+00 5.010566510023884562e-02
7.441000000000000000e+03 1.174729202349688917e+00 5.078531821060135870e-02
7.476000000000000000e+03 1.033475420294329705e+00 5.004838664155845246e-02
7.510000000000000000e+03 1.169226881624352066e+00 5.035970440260682801e-02
7.545000000000000000e+03 9.862505894075733748e-01 5.034247449907323230e-02
7.580000000000000000e+03 1.139852193890381171e+00 5.044360496140605499e-02
7.615000000000000000e+03 1.231554706702815638e+00 5.053032741667153743e-02
7.650000000000000000e+03 1.135046141293702737e+00 5.133586902772337840e-02
7.685000000000000000e+03 1.172611935385479809e+00 5.106503324254450110e-02
7.719000000000000000e+03 1.042487088263585049e+00 5.071978417732395106e-02
7.754000000000000000e+03 1.089310078904861534e+00 5.050678536528689644e-02
7.789000000000000000e+03 1.182029083138486980e+00 5.138387178687722767e-02
7.824000000000000000e+03 1.079936865992232820e+00 5.097968544333522645e-02
7.859000000000000000e+03 1.100475445648276374e+00 5.076953806885976805e-02
7.894000000000000000e+03 1.116047571369435776e+00 5.041409194225209695e-02
7.929000000000000000e+03 1.142006209797791216e+00 5.118559610482354555e-02
7.964000000000000000e+03 1.194250186464458352e+00 5.129312837639820460e-02
7.999000000000000000e+03 1.059320511031954792e+00 5.078379948905143576e-02
8.034000000000000000e+03 1.204414818481318372e+00 5.156620734052438232e-02
8.068000000000000000e+03 1.141054323511873081e+00 5.142556839406602770e-02
8.103000000000000000e+03 1.150442208113220399e+00 5.093871049428717879e-02
8.138000000000000000e+03 1.128293259003342541e+00 5.159498247817879968e-02
8.173000000000000000e+03 1.142962690368550804e+00 5.173111699010563003e-02
8.208000000000000000e+03 1.082136899003593111e+00 5.183167298851405758e-02
8.243000000000000000e+03 1.095043143474474068e+00 5.141994463825886458e-02
8.277000000000000000e+03 1.067209506430913946e+00 5.200342082849558623e-02
8.312000000000000000e+03 1.019778452879818609e+00 5.243414502912947112e-02
8.347000000000000000e+03 1.127246649768294917e+00 5.223501001452290904e-02
8.382000000000000000e+03 1.090948641735832281e+00 5.226130712055418459e-02
8.417000000000000000e+03 1.200195080949269855e+00 5.261848298368600185e-02
8.452000000000000000e+03 1.168566973396692799e+00 5.276253034369538658e-02
8.487000000000000000e+03 1.034802963798301612e+00 5.245674591239325030e-02
8.522000000000000000e+03 1.104811631605390199e+00 5.287734387162620897e-02
8.557000000000000000e+03 1.097700360486851601e+00 5.196676429169379274e-02
8.591000000000000000e+03 1.164969911821456261e+00 5.239986299324254221e-02
8.627000000000000000e+03 1.105801175086303045e+00 5.236627831035783193e-02
8.661000000000000000e+03 9.788461928155088865e-01 5.220451485192919433e-02
8.696000000000000000e+03 9.916356642751656958e-01 5.291872754271496893e-02
8.731000000000000000e+03 1.149151731134469667e+00 5.303096912454365736e-02
8.766000000000000000e+03 1.148490778665296919e+00 5.372487681730234860e-02
8.801000000000000000e+03 1.126990967714222247e+00 5.324378464543735173e-02
8.836000000000000000e+03 1.164152420297845492e+00 5.316031464828976233e-02
8.870000000000000000e+03 1.091573164393378148e+00 5.343059930050363115e-02
8.905000000000000000e+03 1.131822069159013067e+00 5.298370015672312222e-02
8.948000000000000000e+03 1.022647722308029694e+00 5.348865050532188720e-02
8.983000000000000000e+03 9.306016591678352157e-01 5.351401419783188840e-02
9.017000000000000000e+03 1.094771354047609613e+00 5.297004558048359207e-02
9.052000000000000000e+03 1.021004907496707581e+00 5.355448945710186009e-02
9.087000000000000000e+03 1.221010432624704878e+00 5.431807667764464165e-02
9.122000000000000000e+03 1.177104640011713999e+00 5.293745778268500041e-02
9.157000000000000000e+03 1.082586256618003340e+00 5.356910490364884259e-02
9.192000000000000000e+03 1.184825109612281269e+00 5.408598370889113049e-02
9.227000000000000000e+03 1.173510678879635449e+00 5.303265873591841983e-02
9.262000000000000000e+03 9.929581526660412605e-01 5.339847551423617528e-02
9.296000000000000000e+03 1.088723097804096485e+00 5.373330423271111683e-02
9.331000000000000000e+03 1.212001890938072313e+00 5.406492405031278897e-02
9.366000000000000000e+03 1.046190969731228826e+00 5.387603631005632998e-02
9.401000000000000000e+03 1.006551210838889432e+00 5.382320884037431613e-02
9.436000000000000000e+03 1.069981914909506671e+00 5.431635725847017149e-02
9.471000000000000000e+03 1.002850247316437571e+00 5.391350253729193520e-02
9.505000000000000000e+03 1.066246680649931333e+00 5.388591863037327928e-02
9.540000000000000000e+03 9.905118384323455816e-01 5.441101924005810331e-02
9.575000000000000000e+03 1.050745377317084950e+00 5.397490289566770488e-02
9.610000000000000000e+03 1.164536547269854561e+00 5.552491424942343490e-02
9.645000000000000000e+03 1.126631191760713691e+00 5.582831174074143893e-02
9.680000000000000000e+03 1.041762449435212901e+00 5.567882507729881442e-02
9.714000000000000000e+03 9.512027496405279781e-01 5.640893200802098856e-02
9.749000000000000000e+03 1.072059481563092831e+00 5.690949284874671082e-02
9.784000000000000000e+03 1.132100421716361272e+00 5.799788030638000635e-02
9.819000000000000000e+03 1.079418797367284855e+00 5.735841432374030879e-02
9.854000000000000000e+03 1.169878982402893008e+00 5.778195993718775875e-02
9.888000000000000000e+03 1.106327708146248145e+00 5.799899558863522153e-02
9.923000000000000000e+03 1.175190506452779227e+00 5.875409999858743904e-02
9.958000000000000000e+03 1.047134702474137313e+00 5.837602213119159889e-02
9.993000000000000000e+03 1.071342244606299010e+00 5.823011390585828423e-02
1.002800000000000000e+04 1.023687990814544424e+00 5.841882018638830387e-02
1.006300000000000000e+04 9.828609993514517695e-01 5.836204582648472222e-02
1.009800000000000000e+04 1.005330407292116091e+00 6.001423527211724451e-02
1.013200000000000000e+04 1.165525008147715313e+00 5.945174450283636364e-02
1.016700000000000000e+04 9.690806889880172470e-01 5.900518516654749968e-02
1.020200000000000000e+04 1.113138085914729736e+00 5.901103084992186110e-02
1.023700000000000000e+04 1.011405378279410572e+00 5.937227301984698141e-02
1.027200000000000000e+04 1.078867803737765696e+00 5.943047292911748936e-02
1.030700000000000000e+04 1.053636544551237897e+00 6.053362740662880659e-02
1.034100000000000000e+04 1.047482152199060490e+00 5.946905745421917494e-02
1.037600000000000000e+04 8.911832456401470592e-01 6.036299309470473384e-02
1.041100000000000000e+04 1.087532635726634389e+00 6.169546602280617104e-02
1.044600000000000000e+04 1.121855585425623136e+00 6.048686517658472678e-02
1.048100000000000000e+04 1.021735854176952785e+00 6.040463621310846604e-02
1.051600000000000000e+04 1.072789267343915220e+00 6.156317279257583069e-02
1.055100000000000000e+04 1.156751170896249459e+00 6.103381838946938392e-02
1.058600000000000000e+04 9.402626485316912808e-01 6.278726638519709080e-02
1.062000000000000000e+04 9.821956705005807642e-01 6.226654859103114559e-02
1.065500000000000000e+04 1.042562182400248227e+00 6.189873202991350021e-02
1.069700000000000000e+04 9.926829508951807712e-01 6.196341236153526943e-02
1.073200000000000000e+04 1.017125522506790780e+00 6.269491896356124694e-02
1.076600000000000000e+04 1.041013496855109022e+00 6.224949029566075737e-02
1.080100000000000000e+04 1.025966557503007692e+00 6.328311572008668562e-02
1.083600000000000000e+04 9.928501386413343122e-01 6.321717098059215223e-02
1.087100000000000000e+04 1.051357857757589720e+00 6.530331504750384874e-02
1.090600000000000000e+04 1.025532336925519594e+00 6.455697251529138314e-02
1.094100000000000000e+04 1.045129981549802078e+00 6.453089166560611878e-02
1.097500000000000000e+04 1.066319563918590729e+00 6.562971468840708700e-02
1.101000000000000000e+04 9.113145140440905845e-01 6.467654980239806450e-02
1.104500000000000000e+04 1.003115066401129907e+00 6.509529262267602090e-02
1.108000000000000000e+04 9.527047479446422162e-01 6.525253310542372676e-02
1.111500000000000000e+04 9.210619652302326488e-01 6.505926869542918989e-02
1.115000000000000000e+04 1.080723550425483515e+00 6.538652401996081220e-02
1.118500000000000000e+04 1.029249573567786458e+00 6.641946697533698818e-02
1.121900000000000000e+04 1.087464849604305561e+00 6.520637206610158110e-02
1.125400000000000000e+04 1.012269080190226767e+00 6.524115628536746037e-02
1.128900000000000000e+04 1.034488371981893362e+00 6.588203624350229271e-02
1.132400000000000000e+04 1.010682776007482131e+00 6.651166451617313014e-02
1.135900000000000000e+04 9.718896848677859301e-01 6.549938994964275840e-02
1.139400000000000000e+04 9.658342143526236212e-01 6.595019193647250200e-02
1.142800000000000000e+04 1.063675538595780568e+00 6.600745949397271439e-02
1.146300000000000000e+04 1.092085753982793728e+00 6.510282521830368374e-02
1.149800000000000000e+04 1.183304944959109983e+00 6.583800677760130726e-02
1.153300000000000000e+04 8.966556328535436604e-01 6.529603514227753924e-02
1.156800000000000000e+04 9.953138499014876350e-01 6.525109672964554686e-02
1.160300000000000000e+04 1.122597118596024179e+00 6.533221643026843051e-02
1.163800000000000000e+04 8.936269052993746076e-01 6.560167418670428963e-02
1.167300000000000000e+04 9.645268540329829943e-01 6.515714566007657638e-02
1.170700000000000000e+04 1.027261553213462353e+00 6.498829671637987304e-02
1.174200000000000000e+04 8.324074899729821952e-01 6.511605177113709286e-02
1.177700000000000000e+04 9.168484916462485979e-01 6.562499077622242771e-02
1.181200000000000000e+04 9.694946658976790754e-01 6.575355682751683750e-02
1.184700000000000000e+04 1.080838674030111468e+00 6.486556796961494287e-02
1.188200000000000000e+04 1.057842095914898639e+00 6.553520505325531598e-02
1.191700000000000000e+04 9.730541190103481064e-01 6.678667564737338080e-02
1.195200000000000000e+04 9.279306420483880435e-01 6.664863149118045726e-02
1.198600000000000000e+04 1.002802819634846632e+00 6.699084881594076502e-02
1.202100000000000000e+04 9.629699696077738125e-01 6.606735456880004353e-02
1.205600000000000000e+04 8.955753932371419701e-01 6.674187311348354912e-02
1.209100000000000000e+04 1.004418375724796197e+00 6.740808367857964445e-02
1.212600000000000000e+04 9.839412578573845103e-01 6.701165793747974886e-02
1.216100000000000000e+04 9.911299656524701351e-01 6.625318564988326442e-02
1.219600000000000000e+04 1.086161488569296507e+00 6.681420452093392304e-02
1.223000000000000000e+04 9.932138029524970602e-01 6.806365985641425753e-02
1.226500000000000000e+04 9.864244292470952802e-01 6.720392247196005364e-02
1.230000000000000000e+04 9.054070311360041812e-01 6.823430751512821191e-02
1.233500000000000000e+04 9.126307804606098584e-01 6.958185006954864527e-02
1.237000000000000000e+04 9.143963119289152397e-01 6.837689562930049370e-02
1.240500000000000000e+04 8.892387633650241652e-01 6.864240083540573689e-02
