0.000000000000000000e+00 1.167263600067826479e+00 3.325081069405366047e-02
3.500000000000000000e+01 1.114485078998130207e+00 3.293500705639046400e-02
7.000000000000000000e+01 1.089112945808914379e+00 3.298842035411787138e-02
1.040000000000000000e+02 1.068865240029436281e+00 3.253102787404797691e-02
1.390000000000000000e+02 1.080620655197651159e+00 3.291527033621451104e-02
1.740000000000000000e+02 1.105043239137214472e+00 3.305962978366004668e-02
2.090000000000000000e+02 1.104611848356400028e+00 3.313665897289947565e-02
2.440000000000000000e+02 1.078428066270796570e+00 3.276652900318818840e-02
2.790000000000000000e+02 1.092320567398202824e+00 3.297520422251718625e-02
3.140000000000000000e+02 1.132299942222430911e+00 3.280746602895522751e-02
3.490000000000000000e+02 1.125303603588496681e+00 3.284850167361662993e-02
3.840000000000000000e+02 1.121514562510664836e+00 3.314380102746689732e-02
4.180000000000000000e+02 1.038842421896779333e+00 3.299430078942933164e-02
4.530000000000000000e+02 1.066323914802692840e+00 3.305546189548650565e-02
4.880000000000000000e+02 1.096924266497770750e+00 3.306635886837173272e-02
5.230000000000000000e+02 1.063540264766030363e+00 3.332983849075978749e-02
5.580000000000000000e+02 1.099515643914486196e+00 3.318639573063296433e-02
5.930000000000000000e+02 1.119163858079192275e+00 3.303659324938870018e-02
6.280000000000000000e+02 1.087396474804907864e+00 3.308035682635248470e-02
6.630000000000000000e+02 1.135176591220152575e+00 3.344743460960206832e-02
6.980000000000000000e+02 1.050378379808644569e+00 3.340448838295682205e-02
7.320000000000000000e+02 1.045094272371075439e+00 3.334575153189985736e-02
7.670000000000000000e+02 1.001180874140941590e+00 3.324230953617124396e-02
8.020000000000000000e+02 1.039198197022415338e+00 3.356095080890313803e-02
8.370000000000000000e+02 1.053815883822084354e+00 3.367417249440752408e-02
8.720000000000000000e+02 1.055257717461804079e+00 3.306592657017172476e-02
9.070000000000000000e+02 1.015208226988837170e+00 3.326089925193660701e-02
9.420000000000000000e+02 1.105089067612856857e+00 3.304689258328021711e-02
9.770000000000000000e+02 1.049005546500657138e+00 3.357579864811181120e-02
1.012000000000000000e+03 1.107911626224394208e+00 3.304846621129508416e-02
1.046000000000000000e+03 1.043940553123736903e+00 3.340539125250945734e-02
1.081000000000000000e+03 9.959229672962814917e-01 3.320440251715491703e-02
1.116000000000000000e+03 1.111589706278874878e+00 3.293948296956265148e-02
1.151000000000000000e+03 1.042748618828907237e+00 3.287928034646089848e-02
1.186000000000000000e+03 1.040715884112273448e+00 3.311713790504212940e-02
1.221000000000000000e+03 1.075784156589189244e+00 3.326337003869188347e-02
1.256000000000000000e+03 9.952328785026121061e-01 3.345587873942791612e-02
1.290000000000000000e+03 1.003176869824429218e+00 3.288473494824584870e-02
1.325000000000000000e+03 1.057153462263749066e+00 3.292764480896440832e-02
1.360000000000000000e+03 1.040240383564273063e+00 3.292606157759486729e-02
1.395000000000000000e+03 1.043781892058304184e+00 3.290647328390843701e-02
1.430000000000000000e+03 1.041449082234938039e+00 3.258569530914225826e-02
1.465000000000000000e+03 1.004890250582581412e+00 3.330003199682951553e-02
1.500000000000000000e+03 1.025205162664797776e+00 3.279310064016083270e-02
1.535000000000000000e+03 9.721513810649543563e-01 3.273918538936048533e-02
1.570000000000000000e+03 1.061851872956599108e+00 3.283574740057691732e-02
1.605000000000000000e+03 1.017905361394252584e+00 3.271432794731201493e-02
1.639000000000000000e+03 1.004454012086865022e+00 3.295609977784173805e-02
1.674000000000000000e+03 1.007925147230144258e+00 3.303126227341791205e-02
1.709000000000000000e+03 9.739422693072073978e-01 3.262316706083242396e-02
1.756000000000000000e+03 9.800463421101039962e-01 3.294734164527678144e-02
1.791000000000000000e+03 1.025432302142135432e+00 3.268497374447631998e-02
1.826000000000000000e+03 1.024748398890559464e+00 3.248242375742557003e-02
1.861000000000000000e+03 9.571252249277240054e-01 3.250768257699295644e-02
1.896000000000000000e+03 9.996167772751741731e-01 3.232313677959964410e-02
1.931000000000000000e+03 9.173534554499593874e-01 3.256876982479232907e-02
1.966000000000000000e+03 9.329070714745669735e-01 3.237290860212339860e-02
2.001000000000000000e+03 9.821159876468955607e-01 3.233287815971886553e-02
2.036000000000000000e+03 9.494164799419367862e-01 3.238162482949586557e-02
2.070000000000000000e+03 1.003515790226328086e+00 3.277864675986986998e-02
2.105000000000000000e+03 9.620490141379602900e-01 3.263211912527593656e-02
2.140000000000000000e+03 1.001007543837523217e+00 3.276088580260105854e-02
2.175000000000000000e+03 8.998483261525171972e-01 3.288556466848694543e-02
2.210000000000000000e+03 9.443595756039664391e-01 3.296691397152839292e-02
2.245000000000000000e+03 8.870447315921287101e-01 3.303736737108411287e-02
2.280000000000000000e+03 9.855728286980034447e-01 3.302934613733903707e-02
2.315000000000000000e+03 9.384600366996809218e-01 3.274146521348223621e-02
2.350000000000000000e+03 9.397110851675373189e-01 3.278405028902359186e-02
2.385000000000000000e+03 9.084169124711745091e-01 3.303766985253924621e-02
2.420000000000000000e+03 9.230823949492131808e-01 3.281539635506620922e-02
2.455000000000000000e+03 9.015469433747244077e-01 3.274130485376726407e-02
2.490000000000000000e+03 8.899049742525849682e-01 3.308313968401061650e-02
2.525000000000000000e+03 9.265507989472658856e-01 3.350250852452841405e-02
2.559000000000000000e+03 9.378670401188220485e-01 3.309103020529253342e-02
2.594000000000000000e+03 9.405230644853372901e-01 3.279318937296434727e-02
2.629000000000000000e+03 8.627811635313489269e-01 3.292402293221854959e-02
2.664000000000000000e+03 8.863995942910763981e-01 3.292687438468196170e-02
2.699000000000000000e+03 9.383295355262262216e-01 3.259502197432507381e-02
2.734000000000000000e+03 8.419541190185250157e-01 3.241042484532007106e-02
2.769000000000000000e+03 8.843431464217134108e-01 3.281834454665041867e-02
2.804000000000000000e+03 8.033086834331562009e-01 3.270264644351539296e-02
2.838000000000000000e+03 8.887237307186425239e-01 3.308103485359025625e-02
2.873000000000000000e+03 8.731699599124506106e-01 3.299325447299233244e-02
2.908000000000000000e+03 8.419397736354522488e-01 3.272637824717556515e-02
2.943000000000000000e+03 8.352698058111548418e-01 3.294150654919640597e-02
2.978000000000000000e+03 8.628433857109552019e-01 3.313798984918520096e-02
3.013000000000000000e+03 8.349742955482682971e-01 3.288583898344966255e-02
3.048000000000000000e+03 7.924536071865735387e-01 3.281729503367146472e-02
3.083000000000000000e+03 7.767008239835777594e-01 3.306561519838212976e-02
3.117000000000000000e+03 8.211053797299669998e-01 3.314340347639360002e-02
3.152000000000000000e+03 7.744019948140851151e-01 3.257827531751895933e-02
3.187000000000000000e+03 8.787221047052873324e-01 3.262932917572992225e-02
3.222000000000000000e+03 7.380285911999843185e-01 3.273542558369406386e-02
3.257000000000000000e+03 7.486842770964954319e-01 3.317219044098287245e-02
3.292000000000000000e+03 8.275196010638624644e-01 3.292088454065837666e-02
3.327000000000000000e+03 8.282559193737935033e-01 3.317017085648787944e-02
3.362000000000000000e+03 8.035268719068522358e-01 3.301915052624988800e-02
3.396000000000000000e+03 7.659619172530595099e-01 3.264979003443366917e-02
3.431000000000000000e+03 7.671157573539251207e-01 3.314419757547357182e-02
3.466000000000000000e+03 7.789812145657717402e-01 3.242499260219778440e-02
3.511000000000000000e+03 7.531259919904524924e-01 3.193555535435864401e-02
3.546000000000000000e+03 7.244465195811499170e-01 3.205189136732716076e-02
3.581000000000000000e+03 7.058838322042744196e-01 3.214502417975504539e-02
3.616000000000000000e+03 7.396209015148275112e-01 3.255206869864774033e-02
3.651000000000000000e+03 7.167381770699817745e-01 3.248870643858729756e-02
3.685000000000000000e+03 7.092112303541384666e-01 3.270497738880727423e-02
3.720000000000000000e+03 7.351483441958120979e-01 3.247980153565025591e-02
3.755000000000000000e+03 7.707765715997130229e-01 3.246564961763037660e-02
3.790000000000000000e+03 7.416508838015418714e-01 3.260002053975991076e-02
3.825000000000000000e+03 6.987158842792244862e-01 3.260172556893416868e-02
3.860000000000000000e+03 7.184575020186408922e-01 3.226054704456747524e-02
3.895000000000000000e+03 6.722601283352361845e-01 3.228715582594402639e-02
3.930000000000000000e+03 7.125701251875626863e-01 3.251296652528080922e-02
3.965000000000000000e+03 7.271100183318309762e-01 3.238161475444369108e-02
4.000000000000000000e+03 6.810364583405024153e-01 3.240942431353747988e-02
4.034000000000000000e+03 6.806056041462268391e-01 3.246689592467142532e-02
4.069000000000000000e+03 6.533188728951854207e-01 3.230384384800939063e-02
4.104000000000000000e+03 7.195652531716407729e-01 3.243315721199299673e-02
4.139000000000000000e+03 6.286393322201998535e-01 3.234327812262253327e-02
4.174000000000000000e+03 6.070332315441904214e-01 3.238868303940065779e-02
4.209000000000000000e+03 6.766140946462448902e-01 3.275641262698811979e-02
4.244000000000000000e+03 6.860732758120380304e-01 3.255594101205072644e-02
4.279000000000000000e+03 6.310769351141153338e-01 3.241960306668201924e-02
4.313000000000000000e+03 6.798561522631909604e-01 3.243050735225922604e-02
4.348000000000000000e+03 6.249274728306530857e-01 3.221180223428973810e-02
4.383000000000000000e+03 6.403443563594261034e-01 3.221588199154372389e-02
4.418000000000000000e+03 6.643513341051655585e-01 3.250876412873535820e-02
4.453000000000000000e+03 6.316638176023596785e-01 3.218901191832142933e-02
4.488000000000000000e+03 6.578559058884805300e-01 3.209074434094892625e-02
4.523000000000000000e+03 6.864979873315798509e-01 3.208578785948439094e-02
4.558000000000000000e+03 6.756982257165849992e-01 3.215329878169558009e-02
4.593000000000000000e+03 6.686240873719210276e-01 3.229885963840909563e-02
4.628000000000000000e+03 6.703654379415553421e-01 3.285048261291804994e-02
4.662000000000000000e+03 6.071143400263870893e-01 3.245435740305711858e-02
4.697000000000000000e+03 6.430726189922695291e-01 3.238957498217335390e-02
4.732000000000000000e+03 5.717089526860309467e-01 3.224948774807769730e-02
4.767000000000000000e+03 5.505368740277950534e-01 3.237613791763977594e-02
4.802000000000000000e+03 6.808880978846554299e-01 3.213791715448148512e-02
4.837000000000000000e+03 6.709543723711384189e-01 3.209787900995122317e-02
4.872000000000000000e+03 6.543701329578469617e-01 3.240090613048762086e-02
4.907000000000000000e+03 6.217069493898980115e-01 3.223942639281007078e-02
4.942000000000000000e+03 7.083537833362235636e-01 3.225638422120680887e-02
4.976000000000000000e+03 6.125558031770982348e-01 3.211211877506734563e-02
5.011000000000000000e+03 7.027448998050674911e-01 3.227368791577615165e-02
5.046000000000000000e+03 6.934160377484295257e-01 3.248043234252712824e-02
5.081000000000000000e+03 6.568394739685003980e-01 3.234098042934900608e-02
5.116000000000000000e+03 6.784544281132357524e-01 3.206766147847861514e-02
5.151000000000000000e+03 7.393608694805270387e-01 3.241897119266697047e-02
5.186000000000000000e+03 6.916374707819743506e-01 3.240596027423253700e-02
5.221000000000000000e+03 6.548447496310004778e-01 3.228263631777928550e-02
5.269000000000000000e+03 7.290524139385843316e-01 3.231037801999143283e-02
5.304000000000000000e+03 6.832529083726381902e-01 3.211236920332601052e-02
5.339000000000000000e+03 6.571542006000261615e-01 3.225801898252621258e-02
5.374000000000000000e+03 7.090381007688761894e-01 3.276735055786839795e-02
5.409000000000000000e+03 6.928721919814220254e-01 3.245067083657221518e-02
5.444000000000000000e+03 7.330488980712330793e-01 3.267833946565127518e-02
5.479000000000000000e+03 7.275153702265396705e-01 3.239664602087155565e-02
5.514000000000000000e+03 7.243964742886300767e-01 3.271111113091640377e-02
5.549000000000000000e+03 6.974296634655431371e-01 3.267931149280175335e-02
5.584000000000000000e+03 7.310641618973560130e-01 3.236146355702480826e-02
5.618000000000000000e+03 7.713395628069084076e-01 3.205923154953681936e-02
5.653000000000000000e+03 7.545350538735432488e-01 3.207577139858092119e-02
5.688000000000000000e+03 7.742559425990642730e-01 3.211732315344986016e-02
5.723000000000000000e+03 7.931986944430515774e-01 3.220307291281350459e-02
5.758000000000000000e+03 7.624900843654697224e-01 3.234682797819218164e-02
5.793000000000000000e+03 7.252959416798460124e-01 3.239281630786330912e-02
5.828000000000000000e+03 7.427162612850422008e-01 3.261962914082843640e-02
5.863000000000000000e+03 7.607788671480739673e-01 3.252738939045642097e-02
5.898000000000000000e+03 7.483566394977750891e-01 3.263717250340236048e-02
5.933000000000000000e+03 7.812088464523881948e-01 3.287377245906689810e-02
5.968000000000000000e+03 7.935941791306823090e-01 3.275444177630021381e-02
6.003000000000000000e+03 7.372835866548121952e-01 3.264255713978048840e-02
6.038000000000000000e+03 7.882670420533667288e-01 3.252851869254436840e-02
6.073000000000000000e+03 8.041220072990300505e-01 3.263763095752564292e-02
6.107000000000000000e+03 7.809843479090057272e-01 3.265775160911443820e-02
6.142000000000000000e+03 8.278664962561035345e-01 3.255760289086030712e-02
6.177000000000000000e+03 8.835444607029815378e-01 3.266847643272489249e-02
6.212000000000000000e+03 9.159169786986620654e-01 3.261322536799517863e-02
6.247000000000000000e+03 8.422131895818132374e-01 3.247992504358931248e-02
6.282000000000000000e+03 8.445808505205426586e-01 3.256015520809620034e-02
6.317000000000000000e+03 8.555563168593955936e-01 3.298539527845032598e-02
6.352000000000000000e+03 9.038395693995183722e-01 3.303668433633855789e-02
6.387000000000000000e+03 8.861987351452164097e-01 3.288103450608025058e-02
6.422000000000000000e+03 8.201211429879680104e-01 3.303795615760735799e-02
6.457000000000000000e+03 8.548718433230897418e-01 3.331542346867393672e-02
6.492000000000000000e+03 8.303253249345775577e-01 3.370055861520108303e-02
6.526000000000000000e+03 8.797447648712714008e-01 3.362844654796928734e-02
6.561000000000000000e+03 9.005214044073686086e-01 3.404754782054627421e-02
6.596000000000000000e+03 9.083477062683759096e-01 3.368921316186727216e-02
6.631000000000000000e+03 8.778113313600098833e-01 3.329263105192252492e-02
6.666000000000000000e+03 9.235366410832921424e-01 3.363320445697384753e-02
6.701000000000000000e+03 8.627539435297821857e-01 3.317599815686538695e-02
6.736000000000000000e+03 9.031940496693697806e-01 3.294126964881563535e-02
6.771000000000000000e+03 8.667742882099235269e-01 3.303720219597110902e-02
6.805000000000000000e+03 9.107628777300131873e-01 3.319914202891727922e-02
6.840000000000000000e+03 9.064666664980005617e-01 3.278414074632162584e-02
6.875000000000000000e+03 8.633201774911383186e-01 3.292996875279660673e-02
6.910000000000000000e+03 8.748934019136218598e-01 3.278975775153718936e-02
6.945000000000000000e+03 9.288799566371315208e-01 3.309259522162395079e-02
6.980000000000000000e+03 9.476348190107924951e-01 3.324781947601647414e-02
7.025000000000000000e+03 8.859626074191453426e-01 3.302405892804324145e-02
7.060000000000000000e+03 9.964133727698467613e-01 3.330060985477662633e-02
7.095000000000000000e+03 9.625492500179175792e-01 3.266106941907132716e-02
7.130000000000000000e+03 9.042524774632342277e-01 3.295338081204465114e-02
7.165000000000000000e+03 8.832757977457306175e-01 3.299069231323193546e-02
7.200000000000000000e+03 9.497363413965734802e-01 3.298593824700958577e-02
7.235000000000000000e+03 9.193609151827456527e-01 3.284067883854235176e-02
7.270000000000000000e+03 1.015446242088416939e+00 3.311701406567855305e-02
7.304000000000000000e+03 9.768312351541783567e-01 3.331172824817561773e-02
7.339000000000000000e+03 1.020823213173184918e+00 3.309860452471546227e-02
7.374000000000000000e+03 8.969479428210982430e-01 3.308093455972402341e-02
7.409000000000000000e+03 1.009941333500102845e+00 3.313079270309030044e-02
7.444000000000000000e+03 1.019583985704753948e+00 3.342979046393595999e-02
7.479000000000000000e+03 9.300355379750100404e-01 3.338518710315485638e-02
7.514000000000000000e+03 9.885360804245949540e-01 3.327139142694506696e-02
7.549000000000000000e+03 9.401467556919788082e-01 3.331494348128306165e-02
7.583000000000000000e+03 1.002069712894739562e+00 3.360372842458217435e-02
7.618000000000000000e+03 1.000383222724825938e+00 3.341027046578321641e-02
7.653000000000000000e+03 1.002648797792332402e+00 3.311061233765551226e-02
7.688000000000000000e+03 9.222421191953779074e-01 3.308170319164555062e-02
7.723000000000000000e+03 1.077071177511558675e+00 3.334306673016664002e-02
7.758000000000000000e+03 9.615958644128064225e-01 3.326122098233722651e-02
7.793000000000000000e+03 1.000428093922395067e+00 3.325750337470068790e-02
7.827000000000000000e+03 9.832977739897609260e-01 3.305761947417058116e-02
7.862000000000000000e+03 1.046035754449913480e+00 3.353306082342799588e-02
7.897000000000000000e+03 9.842760144099900188e-01 3.323216991368013046e-02
7.932000000000000000e+03 1.033336632299683089e+00 3.324125417258614462e-02
7.967000000000000000e+03 1.000873201435387605e+00 3.337874247064654548e-02
8.002000000000000000e+03 9.897343315496947014e-01 3.344467929131057088e-02
8.037000000000000000e+03 1.030502840768315664e+00 3.360610803682209657e-02
8.072000000000000000e+03 1.114418179341465587e+00 3.355637168349779459e-02
8.107000000000000000e+03 9.230382071650449216e-01 3.351931123602543833e-02
8.142000000000000000e+03 1.064480747335938116e+00 3.360977633597980740e-02
8.177000000000000000e+03 1.058784263953340465e+00 3.344850463312421668e-02
8.211000000000000000e+03 1.015683522467439648e+00 3.330464977792124692e-02
8.246000000000000000e+03 9.552992367183640310e-01 3.332738735185415690e-02
8.281000000000000000e+03 9.898201627986437101e-01 3.338746442879585163e-02
8.316000000000000000e+03 1.019867321537679228e+00 3.360423254372863627e-02
8.351000000000000000e+03 1.066846873552715458e+00 3.328998861526442227e-02
8.386000000000000000e+03 9.812115184042611293e-01 3.358989204797271227e-02
8.421000000000000000e+03 9.992191813029285274e-01 3.337945443990732869e-02
8.455000000000000000e+03 9.961329825857259124e-01 3.317966065796539021e-02
8.490000000000000000e+03 1.054765928111672357e+00 3.334562734328348765e-02
8.525000000000000000e+03 1.028654060008888926e+00 3.323075287831334101e-02
8.560000000000000000e+03 1.033437866140186401e+00 3.306099093674789990e-02
8.595000000000000000e+03 1.026815371931703691e+00 3.278471777468409953e-02
8.630000000000000000e+03 1.015826877479397705e+00 3.318121552341139063e-02
8.665000000000000000e+03 1.045505770841772097e+00 3.287728583798681103e-02
8.700000000000000000e+03 1.027407829568019570e+00 3.284251829951371354e-02
8.735000000000000000e+03 1.078496348604049082e+00 3.265943739268943602e-02
8.777000000000000000e+03 1.032856434205341456e+00 3.295673765249933912e-02
8.812000000000000000e+03 1.057889820830468786e+00 3.279183065634590222e-02
8.847000000000000000e+03 1.008401195160932406e+00 3.256412245056156118e-02
8.882000000000000000e+03 9.754544881158104808e-01 3.271110117327723915e-02
8.917000000000000000e+03 1.088411602008532597e+00 3.275605660175508888e-02
8.952000000000000000e+03 1.000958230293348850e+00 3.295658345485624752e-02
8.987000000000000000e+03 1.087774833587654921e+00 3.285907489538620468e-02
9.022000000000000000e+03 1.034168272998035487e+00 3.259263203947149884e-02
9.057000000000000000e+03 1.123096123045477901e+00 3.262492739667446212e-02
9.092000000000000000e+03 1.080180429487164639e+00 3.279455881252985039e-02
9.127000000000000000e+03 1.132455654838683934e+00 3.272705489065774742e-02
9.162000000000000000e+03 1.055896041845244326e+00 3.252337060897828730e-02
9.197000000000000000e+03 1.055492043976139493e+00 3.274938414756330129e-02
9.232000000000000000e+03 1.116063445268900667e+00 3.289631725041677890e-02
9.267000000000000000e+03 1.119402069395320609e+00 3.282351602369155269e-02
9.302000000000000000e+03 1.073379300526369207e+00 3.354597137894303749e-02
9.337000000000000000e+03 1.092038300379847948e+00 3.284499745585216235e-02
9.371000000000000000e+03 1.125942503562766372e+00 3.285485214391056785e-02
9.406000000000000000e+03 1.074108440893987382e+00 3.476352244655416673e-02
9.441000000000000000e+03 1.072212589806879501e+00 3.514463142400574974e-02
9.476000000000000000e+03 1.061853561134733503e+00 3.506796531970258340e-02
9.511000000000000000e+03 1.053871187707494661e+00 3.500412589204148633e-02
9.546000000000000000e+03 1.082305837848609453e+00 3.493618573224062385e-02
9.581000000000000000e+03 1.165795445024012666e+00 3.508360120424700718e-02
9.616000000000000000e+03 1.104856809458368838e+00 3.521197975800124252e-02
9.651000000000000000e+03 1.083818618162251335e+00 3.541863048679751852e-02
9.686000000000000000e+03 1.010693844578149037e+00 3.548561437118950834e-02
9.721000000000000000e+03 1.018058506475689295e+00 3.554680130387335296e-02
9.755000000000000000e+03 1.155907452316783379e+00 3.537405656000793680e-02
9.790000000000000000e+03 1.087536568413053129e+00 3.545155939159922581e-02
9.825000000000000000e+03 1.106806395486144234e+00 3.598616470501665027e-02
9.860000000000000000e+03 1.081164987908627584e+00 3.559258627285380450e-02
9.895000000000000000e+03 1.100706907033614401e+00 3.579103986611958249e-02
9.930000000000000000e+03 1.087769474596927299e+00 3.558263948101256929e-02
9.965000000000000000e+03 1.090026224126368515e+00 3.595612246471412143e-02
1.000000000000000000e+04 1.120177031093436026e+00 3.575138586053173279e-02
1.003500000000000000e+04 1.030413547778579852e+00 3.572828453327987069e-02
1.007000000000000000e+04 1.129438689085113356e+00 3.590735135662179861e-02
1.010500000000000000e+04 1.116926089726965943e+00 3.581863206351133117e-02
1.014000000000000000e+04 1.200206667567843111e+00 3.561071047511791404e-02
1.017500000000000000e+04 1.034952842994130373e+00 3.560122644364155375e-02
1.020900000000000000e+04 1.154704766419623274e+00 3.591244327044158108e-02
1.024400000000000000e+04 1.148748648192073674e+00 3.581199755442144445e-02
1.027900000000000000e+04 1.121559057305902218e+00 3.572941244764333418e-02
1.031400000000000000e+04 1.069285859197821154e+00 3.477376511645401819e-02
1.034900000000000000e+04 1.106961667814198247e+00 3.473352130266017801e-02
1.038400000000000000e+04 1.113404358695422092e+00 3.451648407332871815e-02
1.041900000000000000e+04 1.104163696450312093e+00 3.456955002296027007e-02
1.045400000000000000e+04 1.071417734183471415e+00 3.487503839472532591e-02
1.048900000000000000e+04 1.150181247668742301e+00 3.476772142538910731e-02
1.054100000000000000e+04 1.121419748858781373e+00 3.619091319663864798e-02
1.057600000000000000e+04 1.118766298011076410e+00 2.817611338316243150e-02
1.061000000000000000e+04 1.076954092703297672e+00 2.127046245690210682e-02
1.064500000000000000e+04 1.115284595380976462e+00 2.128533783048775635e-02
1.068000000000000000e+04 1.166999501492053559e+00 2.122898145340136947e-02
1.071500000000000000e+04 1.087101663950100994e+00 2.141964235675828179e-02
1.075000000000000000e+04 1.136554347217655803e+00 2.129318923958485599e-02
1.078500000000000000e+04 1.112584279154197331e+00 2.123732085024909039e-02
1.082000000000000000e+04 1.129744362397383739e+00 2.131882826168974773e-02
1.085500000000000000e+04 1.096341225137092312e+00 2.125802515840825163e-02
1.089000000000000000e+04 1.107073681137180854e+00 2.114450143981076724e-02
1.092500000000000000e+04 1.134131805924145642e+00 2.119791391329449437e-02
1.096000000000000000e+04 1.138252030416021299e+00 2.101226879582450413e-02
1.099500000000000000e+04 1.122040754478667024e+00 2.095052761155934834e-02
1.103000000000000000e+04 1.125710872010510899e+00 2.020706195770266903e-02
1.106500000000000000e+04 1.102786117227471774e+00 2.028443456967084918e-02
1.110000000000000000e+04 1.091664424216129303e+00 2.026540099903087824e-02
1.113500000000000000e+04 1.114425420628172958e+00 2.030530162344448136e-02
1.117000000000000000e+04 1.100446058924749559e+00 2.035859654932670182e-02
1.120500000000000000e+04 1.097778311672048979e+00 2.013140023943196452e-02
1.124000000000000000e+04 1.109424288897011834e+00 2.013471218022460166e-02
1.127400000000000000e+04 1.092178840921656180e+00 2.010083628991478355e-02
1.130900000000000000e+04 1.081587472441316589e+00 2.029366194014907421e-02
1.134400000000000000e+04 1.070249709842290065e+00 2.033208802692227854e-02
1.137900000000000000e+04 1.040740035972489208e+00 2.026543955749647574e-02
1.141400000000000000e+04 1.096739743229956821e+00 2.039594925956317653e-02
1.144900000000000000e+04 1.077616862591648461e+00 2.034962564053099596e-02
1.148400000000000000e+04 1.070757292618482071e+00 2.049645791096091699e-02
1.151900000000000000e+04 1.055299553521926503e+00 2.029880335027718294e-02
1.155300000000000000e+04 1.049624702778806595e+00 2.047224354911583374e-02
1.158800000000000000e+04 1.046049003946197598e+00 2.040170672025377191e-02
1.162300000000000000e+04 1.055815161510631706e+00 2.044039308440285738e-02
1.165800000000000000e+04 1.061849673953049411e+00 2.060961234878875073e-02
1.169300000000000000e+04 1.036981590951779220e+00 2.035883605261187140e-02
1.172800000000000000e+04 1.038495116724395206e+00 2.035659998433425946e-02
1.176300000000000000e+04 1.049704062294256612e+00 2.011882569505780982e-02
1.179800000000000000e+04 1.101957894357092238e+00 2.046459199442792615e-02
1.183300000000000000e+04 1.040029328236238060e+00 2.043335986306964863e-02
1.186800000000000000e+04 1.011015908779905548e+00 2.040600193204042748e-02
1.190300000000000000e+04 1.046365289604784365e+00 2.038084072411876571e-02
1.193700000000000000e+04 1.038810880803656467e+00 2.038316784516036942e-02
1.197200000000000000e+04 1.051112697560262044e+00 2.056367535598428720e-02
1.200700000000000000e+04 1.038421295864258243e+00 2.059434501178106225e-02
1.204200000000000000e+04 1.012270740032207295e+00 2.067217140138161505e-02
1.207700000000000000e+04 1.054539235707027345e+00 2.061355509846708386e-02
1.211200000000000000e+04 1.046255152795093624e+00 2.054084881404840551e-02
1.214700000000000000e+04 1.049679027408572551e+00 2.055939825143799846e-02
1.218200000000000000e+04 1.044045970347559305e+00 2.053031963150827102e-02
1.221600000000000000e+04 1.003537948674636970e+00 2.041408747001989543e-02
1.225100000000000000e+04 9.860024568859933058e-01 2.055898864385370325e-02
