0.000000000000000000e+00 1.289390634127116630e+00 1.181487459492948505e-01
3.500000000000000000e+01 1.190148776541107623e+00 1.171561331041659909e-01
7.000000000000000000e+01 1.166641545729032448e+00 1.174182270297566971e-01
1.040000000000000000e+02 1.523416431854787811e+00 1.159966870914498765e-01
1.390000000000000000e+02 1.338952169405040360e+00 1.171893006246120389e-01
1.740000000000000000e+02 1.118727246831530575e+00 1.175547348271511749e-01
2.090000000000000000e+02 1.428110820763979438e+00 1.178854011452061812e-01
2.440000000000000000e+02 1.506802768646813284e+00 1.165926184404560972e-01
2.790000000000000000e+02 1.223235039071987273e+00 1.172904601084354403e-01
3.140000000000000000e+02 1.366964662393407526e+00 1.166322095795113700e-01
3.490000000000000000e+02 1.083587017249618700e+00 1.168096920082567630e-01
3.840000000000000000e+02 1.278940188868270544e+00 1.179931453290217619e-01
4.180000000000000000e+02 1.166115578368052130e+00 1.175962016705094093e-01
4.530000000000000000e+02 1.432851375457309118e+00 1.177592731417203137e-01
4.880000000000000000e+02 1.507136728571089490e+00 1.178006549777884659e-01
5.230000000000000000e+02 1.127395218343612449e+00 1.186744778527565741e-01
5.580000000000000000e+02 1.501144578022173937e+00 1.182826410384495569e-01
5.930000000000000000e+02 1.131140993644381698e+00 1.176379255740166163e-01
6.280000000000000000e+02 1.333206953539089357e+00 1.178573355158979569e-01
6.630000000000000000e+02 1.512318278523395509e+00 1.192519112944219750e-01
6.980000000000000000e+02 1.207084617407468530e+00 1.191027157335904779e-01
7.320000000000000000e+02 1.241826991281314685e+00 1.188486887807878728e-01
7.670000000000000000e+02 1.387789797932938773e+00 1.185488145521771536e-01
8.020000000000000000e+02 1.345050513548521565e+00 1.197311886945871123e-01
8.370000000000000000e+02 1.250202485426763710e+00 1.200544116201032324e-01
8.720000000000000000e+02 1.506976380671070981e+00 1.179562059974672561e-01
9.070000000000000000e+02 1.494715329193425646e+00 1.186248226998636440e-01
9.420000000000000000e+02 1.616574194398386677e+00 1.178980886394896677e-01
9.770000000000000000e+02 1.483126103362106152e+00 1.197935796461761099e-01
1.012000000000000000e+03 1.318373038403499509e+00 1.178580190564238184e-01
1.046000000000000000e+03 1.373817929278056571e+00 1.192177777798025112e-01
1.081000000000000000e+03 1.224794690019892274e+00 1.184042515217918895e-01
1.116000000000000000e+03 1.697988817881190826e+00 1.174079768123668377e-01
1.151000000000000000e+03 1.531167901364348660e+00 1.172690356796773914e-01
1.186000000000000000e+03 1.568565821741551680e+00 1.181940970835429761e-01
1.221000000000000000e+03 1.185647235199524641e+00 1.186043402531344604e-01
1.256000000000000000e+03 1.396425193995926906e+00 1.193824771347487407e-01
1.290000000000000000e+03 1.267586628411363714e+00 1.173167388475274686e-01
1.325000000000000000e+03 1.293262763402905913e+00 1.173861963289500876e-01
1.360000000000000000e+03 1.497496955709567645e+00 1.174354015538724150e-01
1.395000000000000000e+03 1.278233448724991561e+00 1.173310285502173339e-01
1.430000000000000000e+03 1.465353593882143368e+00 1.162001972882138884e-01
1.465000000000000000e+03 1.443966423395555365e+00 1.188895250911773116e-01
1.500000000000000000e+03 1.502763306103527707e+00 1.169806562591069743e-01
1.535000000000000000e+03 1.297858136934761264e+00 1.167874147948806951e-01
1.570000000000000000e+03 1.491267166221227125e+00 1.170680277798812341e-01
1.605000000000000000e+03 9.943287520842234439e-01 1.165483249963898682e-01
1.639000000000000000e+03 1.609753946856476103e+00 1.175867963708084052e-01
1.674000000000000000e+03 1.298197280672843235e+00 1.178299876377078698e-01
1.709000000000000000e+03 1.253294201404417052e+00 1.163696811152562377e-01
1.756000000000000000e+03 8.391847854841184562e-01 1.173445374954831394e-01
1.791000000000000000e+03 1.527661049401023208e+00 1.165991806272932974e-01
1.826000000000000000e+03 1.204516430200067489e+00 1.158073173696500535e-01
1.861000000000000000e+03 1.253050481508392711e+00 1.159795761312365781e-01
1.896000000000000000e+03 6.687536332633874370e-01 1.151006089719266157e-01
1.931000000000000000e+03 1.376419566918867243e+00 1.163014576918799808e-01
1.966000000000000000e+03 1.193092709065303181e+00 1.154456008255204530e-01
2.001000000000000000e+03 1.010758996174816016e+00 1.152398523469587988e-01
2.036000000000000000e+03 1.177262747327028958e+00 1.154082049790322306e-01
2.070000000000000000e+03 7.516351387742793433e-01 1.167545597899675713e-01
2.105000000000000000e+03 1.204984120113946622e+00 1.164808001606753157e-01
2.140000000000000000e+03 1.139860168627905956e+00 1.168199139514178864e-01
2.175000000000000000e+03 1.285095551640478062e+00 1.173744532617225222e-01
2.210000000000000000e+03 8.691133786271105777e-01 1.175414011526093594e-01
2.245000000000000000e+03 1.115338069762455309e+00 1.178920715271298686e-01
2.280000000000000000e+03 1.019950305730473072e+00 1.174953118117011142e-01
2.315000000000000000e+03 8.397579151788606699e-01 1.167029678564568407e-01
2.350000000000000000e+03 8.391235946870961859e-01 1.169166923926568125e-01
2.385000000000000000e+03 7.822490294658047683e-01 1.178002672073770046e-01
2.420000000000000000e+03 7.401733739698224124e-01 1.169591253904195688e-01
2.455000000000000000e+03 8.180239020844838338e-01 1.166738357851802160e-01
2.490000000000000000e+03 7.649465291383927834e-01 1.179904052173729734e-01
2.525000000000000000e+03 7.637854181484495797e-01 1.194326505588793885e-01
2.559000000000000000e+03 7.769426549789649750e-01 1.179557754206268239e-01
2.594000000000000000e+03 5.771955542520552651e-01 1.169188708102910090e-01
2.629000000000000000e+03 8.625993229465240830e-01 1.175851098221181446e-01
2.664000000000000000e+03 7.202046496246070628e-01 1.175284403847812742e-01
2.699000000000000000e+03 7.493636142253473631e-01 1.162419669807161077e-01
2.734000000000000000e+03 6.550175781628154725e-01 1.156607526816168380e-01
2.769000000000000000e+03 7.411062203378003810e-01 1.171004263065437978e-01
2.804000000000000000e+03 7.560350406842918369e-01 1.167529666363717883e-01
2.838000000000000000e+03 1.043666388332864514e+00 1.181790025825206758e-01
2.873000000000000000e+03 7.217793572233655031e-01 1.177554293261094814e-01
2.908000000000000000e+03 8.841195877793832647e-01 1.169125360931440732e-01
2.943000000000000000e+03 7.823839907957921280e-01 1.176311251793241003e-01
2.978000000000000000e+03 8.742090593254967512e-01 1.184239266157104120e-01
3.013000000000000000e+03 7.800728195565463929e-01 1.174758699109314519e-01
3.048000000000000000e+03 8.795968688165608507e-01 1.172525331555003686e-01
3.083000000000000000e+03 9.100790928246189626e-01 1.182091840194647858e-01
3.117000000000000000e+03 7.411642802884738090e-01 1.184529741447755552e-01
3.152000000000000000e+03 9.069540341399261463e-01 1.164612057005071782e-01
3.187000000000000000e+03 7.324311471454587608e-01 1.165376468545923500e-01
3.222000000000000000e+03 9.585924995267091075e-01 1.170833105960934900e-01
3.257000000000000000e+03 8.844119103181768971e-01 1.186349328195120262e-01
3.292000000000000000e+03 7.680776859140857615e-01 1.176017982168752057e-01
3.327000000000000000e+03 8.384429531000313629e-01 1.185469993198142030e-01
3.362000000000000000e+03 7.369459523200633244e-01 1.180690051000177487e-01
3.396000000000000000e+03 1.161569705220953264e+00 1.168028154090849091e-01
3.431000000000000000e+03 8.364570329462871490e-01 1.185943695974156775e-01
3.466000000000000000e+03 6.899748592631924637e-01 1.159505970621596688e-01
3.511000000000000000e+03 8.899295781691646257e-01 1.143169390228591792e-01
3.546000000000000000e+03 8.340172751505261495e-01 1.147958685387654859e-01
3.581000000000000000e+03 6.243007156478123099e-01 1.149956196207991832e-01
3.616000000000000000e+03 7.837230745279918365e-01 1.164260524820080744e-01
3.651000000000000000e+03 9.628385817726168305e-01 1.163384388431390748e-01
3.685000000000000000e+03 8.354183554303202808e-01 1.170968741499338744e-01
3.720000000000000000e+03 6.870360931397044846e-01 1.161311459468713364e-01
3.755000000000000000e+03 1.057915447199209602e+00 1.161594376771785814e-01
3.790000000000000000e+03 1.038019380200919883e+00 1.167530563777817998e-01
3.825000000000000000e+03 9.082769699520123474e-01 1.167790843040151100e-01
3.860000000000000000e+03 6.034283569979898010e-01 1.154409190332981588e-01
3.895000000000000000e+03 7.388347015952373420e-01 1.155983505766824820e-01
3.930000000000000000e+03 9.255383180382783515e-01 1.164036287792984264e-01
3.965000000000000000e+03 8.486861520996482611e-01 1.158839260873113924e-01
4.000000000000000000e+03 7.604284358770261321e-01 1.160680212597429567e-01
4.034000000000000000e+03 7.895838943700930201e-01 1.162535330949530654e-01
4.069000000000000000e+03 7.239574476089676303e-01 1.157435170875017599e-01
4.104000000000000000e+03 9.562593470157612074e-01 1.162771588428630071e-01
4.139000000000000000e+03 7.715887596949282390e-01 1.158808005915372696e-01
4.174000000000000000e+03 6.360366443984574181e-01 1.161051504187822075e-01
4.209000000000000000e+03 8.895128569712854594e-01 1.174450145134888213e-01
4.244000000000000000e+03 7.776371484370461218e-01 1.166526969686977611e-01
4.279000000000000000e+03 7.022917568139944722e-01 1.161661567905292597e-01
4.313000000000000000e+03 1.028059536943362495e+00 1.162657572335140527e-01
4.348000000000000000e+03 9.081141381962745118e-01 1.155508085098980869e-01
4.383000000000000000e+03 8.196690463523067516e-01 1.154137004341422162e-01
4.418000000000000000e+03 8.447300873956510303e-01 1.164482255592650256e-01
4.453000000000000000e+03 9.925350389897862335e-01 1.152049389864395201e-01
4.488000000000000000e+03 7.117359307457492568e-01 1.149558810331942904e-01
4.523000000000000000e+03 7.196311372947368223e-01 1.150406100036587692e-01
4.558000000000000000e+03 1.051137169569296148e+00 1.153481680645818824e-01
4.593000000000000000e+03 1.142713558909580707e+00 1.157491080663035077e-01
4.628000000000000000e+03 7.356635713202219762e-01 1.175999082930321571e-01
4.662000000000000000e+03 9.136674754658573594e-01 1.163219780031137657e-01
4.697000000000000000e+03 1.048548595262651428e+00 1.161251728457067672e-01
4.732000000000000000e+03 9.612001575843648338e-01 1.158307935787540877e-01
4.767000000000000000e+03 1.084215749675522034e+00 1.163220643167429263e-01
4.802000000000000000e+03 1.037358944663286486e+00 1.152552536091205476e-01
4.837000000000000000e+03 1.044792773219309412e+00 1.150270615927457274e-01
4.872000000000000000e+03 9.605079490615228144e-01 1.161311367870693362e-01
4.907000000000000000e+03 1.223112511136602576e+00 1.156003126156316813e-01
4.942000000000000000e+03 7.787993091666377543e-01 1.155758308039943200e-01
4.976000000000000000e+03 1.065372330979064142e+00 1.152071661899943394e-01
5.011000000000000000e+03 9.229911393586923696e-01 1.156635878263386347e-01
5.046000000000000000e+03 1.159841562077012389e+00 1.164866428932725129e-01
5.081000000000000000e+03 9.326430855144220988e-01 1.159216098633962244e-01
5.116000000000000000e+03 1.095096753895607344e+00 1.151151650603068621e-01
5.151000000000000000e+03 1.181330987405199595e+00 1.162642283728930193e-01
5.186000000000000000e+03 8.708639399489566113e-01 1.161377188995507820e-01
5.221000000000000000e+03 1.106804079688028297e+00 1.158225050480217039e-01
5.269000000000000000e+03 8.672021929268697304e-01 1.156818780744662545e-01
5.304000000000000000e+03 8.702552740505581363e-01 1.151123926210796122e-01
5.339000000000000000e+03 1.019007329114796745e+00 1.156192542114989619e-01
5.374000000000000000e+03 9.189510579984240257e-01 1.173808235991194160e-01
5.409000000000000000e+03 7.953415479036138880e-01 1.162361562445793223e-01
5.444000000000000000e+03 9.759482847557947593e-01 1.170695987216622408e-01
5.479000000000000000e+03 1.029740620347702196e+00 1.159787695831605292e-01
5.514000000000000000e+03 1.147835825821878819e+00 1.172549511520806914e-01
5.549000000000000000e+03 9.622340885168731983e-01 1.170147471725463684e-01
5.584000000000000000e+03 9.736118918277117951e-01 1.159080191515020203e-01
5.618000000000000000e+03 1.131601650470409393e+00 1.147836425820454725e-01
5.653000000000000000e+03 9.833419430663187244e-01 1.148430524950243975e-01
5.688000000000000000e+03 1.017569571933386818e+00 1.150571591890420242e-01
5.723000000000000000e+03 1.030502701891712558e+00 1.152731673497073145e-01
5.758000000000000000e+03 1.038547296008330401e+00 1.158352107510257217e-01
5.793000000000000000e+03 1.279949475265038883e+00 1.161383061740319661e-01
5.828000000000000000e+03 1.074684361478451144e+00 1.168440083474012320e-01
5.863000000000000000e+03 9.186546418304812889e-01 1.163789868923964799e-01
5.898000000000000000e+03 1.354677085145460591e+00 1.170408159900454548e-01
5.933000000000000000e+03 1.043257666049163257e+00 1.176708854595412690e-01
5.968000000000000000e+03 1.054188998645543052e+00 1.172674575153169196e-01
6.003000000000000000e+03 1.085613780585602095e+00 1.168672417647330514e-01
6.038000000000000000e+03 1.061226039820918787e+00 1.164418381845847145e-01
6.073000000000000000e+03 7.730512596317041796e-01 1.166967522895026727e-01
6.107000000000000000e+03 7.213548155634729175e-01 1.168321326569768392e-01
6.142000000000000000e+03 7.260058225935910325e-01 1.163814075359364958e-01
6.177000000000000000e+03 9.819682054684611971e-01 1.168249154454755190e-01
6.212000000000000000e+03 8.000523567307755712e-01 1.164431137975717179e-01
6.247000000000000000e+03 1.167540328686239581e+00 1.162040213354017526e-01
6.282000000000000000e+03 1.064233922328959414e+00 1.164398826222074329e-01
6.317000000000000000e+03 8.493468056272017730e-01 1.178530978944776347e-01
6.352000000000000000e+03 8.791196509731935560e-01 1.180259268992273902e-01
6.387000000000000000e+03 1.068605682215310937e+00 1.175567702838364731e-01
6.422000000000000000e+03 9.291182726509589207e-01 1.181098399538604016e-01
6.457000000000000000e+03 1.166882124853833691e+00 1.192081309245614923e-01
6.492000000000000000e+03 1.016947453695765446e+00 1.205912320298090645e-01
6.526000000000000000e+03 1.058685331842131871e+00 1.202118178425780615e-01
6.561000000000000000e+03 1.017558064309787014e+00 1.216710754164648661e-01
6.596000000000000000e+03 9.763096172686436258e-01 1.201360424836490776e-01
6.631000000000000000e+03 1.107770597341357410e+00 1.190036716313036674e-01
6.666000000000000000e+03 7.462810691067882640e-01 1.201701048953018464e-01
6.701000000000000000e+03 8.606648024708580813e-01 1.186250980701780977e-01
6.736000000000000000e+03 1.169523225084863949e+00 1.177847044260612180e-01
6.771000000000000000e+03 1.125637566679351886e+00 1.181416381935528476e-01
6.805000000000000000e+03 1.101646592827459692e+00 1.187102869290824619e-01
6.840000000000000000e+03 1.097028730911198569e+00 1.172295353904419107e-01
6.875000000000000000e+03 8.916183155932811966e-01 1.177114976091013648e-01
6.910000000000000000e+03 1.049112517803554523e+00 1.172751040723695182e-01
6.945000000000000000e+03 8.611167552066507636e-01 1.181202481784096037e-01
6.980000000000000000e+03 9.223019266355630963e-01 1.186917052110379595e-01
7.025000000000000000e+03 9.213684037542303473e-01 1.180006780581491221e-01
7.060000000000000000e+03 1.037154609531891092e+00 1.189383468665865529e-01
7.095000000000000000e+03 9.137871021658363624e-01 1.166259681340348492e-01
7.130000000000000000e+03 1.066546717910234587e+00 1.177566333395965031e-01
7.165000000000000000e+03 9.039112267160026581e-01 1.179432442959832961e-01
7.200000000000000000e+03 1.162532924413335778e+00 1.178343594409319295e-01
7.235000000000000000e+03 8.567725900481405477e-01 1.172836069864846287e-01
7.270000000000000000e+03 8.010293993266917045e-01 1.181226431467467114e-01
7.304000000000000000e+03 1.199791134486089650e+00 1.190769742163775985e-01
7.339000000000000000e+03 7.418171055462302599e-01 1.180362307858403154e-01
7.374000000000000000e+03 9.772111215318518562e-01 1.182646637993391703e-01
7.409000000000000000e+03 8.673260714501624946e-01 1.182906251562751004e-01
7.444000000000000000e+03 1.071341240402277517e+00 1.194169622201950443e-01
7.479000000000000000e+03 9.372630390963370139e-01 1.192082848760559199e-01
7.514000000000000000e+03 7.997529204019357962e-01 1.187836564532510492e-01
7.549000000000000000e+03 8.568501797879577442e-01 1.190370859011602306e-01
7.583000000000000000e+03 1.221054216884031485e+00 1.200521197207463364e-01
7.618000000000000000e+03 8.745373375461313881e-01 1.193285122307796153e-01
7.653000000000000000e+03 8.966223455550855759e-01 1.183047670108303556e-01
7.688000000000000000e+03 8.844937613308390123e-01 1.181920094352241074e-01
7.723000000000000000e+03 4.472672778028207174e-01 1.188243333350315761e-01
7.758000000000000000e+03 6.888635848545866525e-01 1.187445297640512959e-01
7.793000000000000000e+03 7.680583333371907573e-01 1.187369312590134257e-01
7.827000000000000000e+03 9.241070748338259255e-01 1.180458927894781490e-01
7.862000000000000000e+03 5.856187649706297016e-01 1.195813721804138974e-01
7.897000000000000000e+03 1.129232482190125397e+00 1.187004120614193470e-01
7.932000000000000000e+03 7.846778010655113267e-01 1.186146700465954967e-01
7.967000000000000000e+03 8.278571777209506877e-01 1.191597358466928297e-01
8.002000000000000000e+03 7.438670524646930904e-01 1.193269654513079842e-01
8.037000000000000000e+03 9.651387746916474386e-01 1.200299487165104317e-01
8.072000000000000000e+03 7.973120934645031577e-01 1.196974297148405975e-01
8.107000000000000000e+03 9.557639898442121806e-01 1.198739286293197120e-01
8.142000000000000000e+03 8.745944077976455233e-01 1.200066988118318329e-01
8.177000000000000000e+03 1.040580547290989477e+00 1.194563258999139510e-01
8.211000000000000000e+03 8.665112922149684760e-01 1.189017666606407703e-01
8.246000000000000000e+03 8.126845356033398637e-01 1.189653667531293257e-01
8.281000000000000000e+03 8.550900638472256343e-01 1.192482774445399185e-01
8.316000000000000000e+03 8.069667951350326662e-01 1.200406531742890526e-01
8.351000000000000000e+03 8.407275392396266200e-01 1.188045589307060168e-01
8.386000000000000000e+03 8.727056370209852476e-01 1.199800702184552065e-01
8.421000000000000000e+03 8.583786546470811851e-01 1.191282292985685193e-01
8.455000000000000000e+03 9.060167376937500183e-01 1.185163908036221819e-01
8.490000000000000000e+03 7.691318448134659702e-01 1.189770384907003209e-01
8.525000000000000000e+03 8.840440742264492613e-01 1.186345751517141611e-01
8.560000000000000000e+03 7.886618958496770526e-01 1.180200076503400419e-01
8.595000000000000000e+03 9.010119349336924710e-01 1.170985521425800813e-01
8.630000000000000000e+03 7.064878121615053574e-01 1.184225184365313710e-01
8.665000000000000000e+03 7.230135936131255603e-01 1.172833240467608951e-01
8.700000000000000000e+03 8.268583426765411248e-01 1.172013078542064740e-01
8.735000000000000000e+03 7.830046176342824182e-01 1.165050778839893386e-01
8.777000000000000000e+03 6.800967873802042929e-01 1.175982193786949126e-01
8.812000000000000000e+03 9.984037040843818378e-01 1.171107408607063999e-01
8.847000000000000000e+03 6.967966686654230024e-01 1.162509376073233153e-01
8.882000000000000000e+03 7.744729257570234227e-01 1.167219907034122151e-01
8.917000000000000000e+03 6.489864811157972646e-01 1.167967164746698400e-01
8.952000000000000000e+03 8.713086435791564943e-01 1.176920395040051553e-01
8.987000000000000000e+03 7.243063296946539165e-01 1.172323978689066987e-01
9.022000000000000000e+03 1.034518377648563137e+00 1.164094677825731200e-01
9.057000000000000000e+03 8.235521027840457808e-01 1.163864027894015024e-01
9.092000000000000000e+03 7.377920655425980190e-01 1.169991447862901018e-01
9.127000000000000000e+03 9.690635762968008438e-01 1.166601969170615039e-01
9.162000000000000000e+03 9.222725676267180539e-01 1.160595662779205506e-01
9.197000000000000000e+03 8.264048042602177846e-01 1.168793337324779552e-01
9.232000000000000000e+03 6.679920701305854802e-01 1.172901562471377335e-01
9.267000000000000000e+03 7.236341404355445261e-01 1.170698666342798178e-01
9.302000000000000000e+03 1.028846765456762791e+00 1.197669136442876814e-01
9.337000000000000000e+03 6.195412579257051355e-01 1.171160070767505029e-01
9.371000000000000000e+03 5.489295055081581109e-01 1.171117969732615172e-01
9.406000000000000000e+03 7.204036761302093916e-01 1.242495402765877999e-01
9.441000000000000000e+03 1.076208146232582319e+00 1.256120952776932087e-01
9.476000000000000000e+03 1.030099490692103270e+00 1.254138518769395139e-01
9.511000000000000000e+03 1.007447254244342005e+00 1.251855380726596689e-01
9.546000000000000000e+03 1.063157327676616415e+00 1.249250404187526586e-01
9.581000000000000000e+03 8.843088693016342150e-01 1.252524967299745162e-01
9.616000000000000000e+03 6.643585695410877401e-01 1.257675032034265838e-01
9.651000000000000000e+03 7.385109416898240076e-01 1.265459160803862337e-01
9.686000000000000000e+03 1.174879054201892092e+00 1.269985809231117535e-01
9.721000000000000000e+03 6.141307672170348564e-01 1.270448832256217964e-01
9.755000000000000000e+03 9.716851299495965488e-01 1.264318252140694820e-01
9.790000000000000000e+03 8.893251608221802718e-01 1.267870194695910890e-01
9.825000000000000000e+03 6.854978824779577318e-01 1.286012418359492315e-01
9.860000000000000000e+03 8.633137242450444893e-01 1.272651361713373896e-01
9.895000000000000000e+03 9.412061026548391718e-01 1.279233783360585186e-01
9.930000000000000000e+03 1.052711382551775543e+00 1.272965633700595955e-01
9.965000000000000000e+03 9.371666886061225110e-01 1.284937778078561743e-01
1.000000000000000000e+04 9.555182253305416484e-01 1.277962293256956483e-01
1.003500000000000000e+04 9.154281538548849628e-01 1.277957659812443969e-01
1.007000000000000000e+04 8.332694998749915483e-01 1.283942967853822503e-01
1.010500000000000000e+04 1.129440215029640093e+00 1.281683142938227771e-01
1.014000000000000000e+04 1.001596295915618384e+00 1.273010053991047996e-01
1.017500000000000000e+04 9.594790112780317015e-01 1.273709985088882779e-01
1.020900000000000000e+04 6.677270740703007412e-01 1.282135764612478135e-01
1.024400000000000000e+04 1.030862875638822951e+00 1.279886163345311800e-01
1.027900000000000000e+04 6.594418977473935906e-01 1.276380448534649714e-01
1.031400000000000000e+04 8.088762400637727890e-01 1.242422866429082756e-01
1.034900000000000000e+04 9.152668149314168167e-01 1.240508937868893685e-01
1.038400000000000000e+04 1.056533077750817728e+00 1.233363255302880046e-01
1.041900000000000000e+04 9.616653022970509390e-01 1.234870209994915202e-01
1.045400000000000000e+04 6.324644600945618089e-01 1.244809590984823217e-01
1.048900000000000000e+04 1.256005257705237632e+00 1.239570559268171612e-01
1.054100000000000000e+04 1.060625978995863639e+00 1.295112173197525418e-01
1.057600000000000000e+04 9.533271001557125368e-01 9.972793040222055483e-02
1.061000000000000000e+04 1.078908338455646376e+00 7.418898076471465430e-02
1.064500000000000000e+04 1.143644636365154454e+00 7.414141607733457096e-02
1.068000000000000000e+04 1.300101941667908045e+00 7.398858933288877948e-02
1.071500000000000000e+04 1.331368240682746951e+00 7.482325354234901915e-02
1.075000000000000000e+04 1.259864229484956244e+00 7.415407748703535529e-02
1.078500000000000000e+04 1.270827099122224579e+00 7.407859376859277090e-02
1.082000000000000000e+04 1.381759064963590466e+00 7.431417300312603835e-02
1.085500000000000000e+04 1.424461259214558240e+00 7.429600278614764686e-02
1.089000000000000000e+04 1.179300368593244830e+00 7.368804698541644993e-02
1.092500000000000000e+04 1.293279920068657995e+00 7.383627683822445442e-02
1.096000000000000000e+04 1.540349265429520775e+00 7.336240228004130282e-02
1.099500000000000000e+04 1.419080330124802725e+00 7.306356030933849888e-02
1.103000000000000000e+04 1.374395337204435075e+00 7.025344072276420992e-02
1.106500000000000000e+04 1.233297669968128174e+00 7.046360773913909470e-02
1.110000000000000000e+04 1.367994899521195684e+00 7.047963309889938854e-02
1.113500000000000000e+04 1.352902347707817698e+00 7.054958700483808520e-02
1.117000000000000000e+04 1.332646846980331867e+00 7.084007940545460069e-02
1.120500000000000000e+04 1.330660532391611195e+00 7.003320346714698996e-02
1.124000000000000000e+04 1.415570300882738719e+00 7.004626790591475527e-02
1.127400000000000000e+04 1.234966285148391130e+00 6.992298833011303949e-02
1.130900000000000000e+04 1.339434503293647882e+00 7.055236494283964599e-02
1.134400000000000000e+04 1.404329871177423472e+00 7.075598717985843999e-02
1.137900000000000000e+04 1.289825408220659719e+00 7.046853325266524970e-02
1.141400000000000000e+04 1.349978040866345097e+00 7.090893628898194134e-02
1.144900000000000000e+04 1.531951420917928797e+00 7.083771126995494494e-02
1.148400000000000000e+04 1.514266823643109161e+00 7.138171222281547434e-02
1.151900000000000000e+04 1.539473341920992944e+00 7.070949705809985442e-02
1.155300000000000000e+04 1.440630378983215332e+00 7.131368290301563773e-02
1.158800000000000000e+04 1.278234828806053214e+00 7.097378135554938128e-02
1.162300000000000000e+04 1.305407203852133602e+00 7.114658950348572153e-02
1.165800000000000000e+04 1.317959719058670709e+00 7.186770508074732944e-02
1.169300000000000000e+04 1.429989969216987067e+00 7.106849868595235820e-02
1.172800000000000000e+04 1.261152820770673921e+00 7.102078493703066486e-02
1.176300000000000000e+04 1.385394808812717926e+00 7.013862988896696349e-02
1.179800000000000000e+04 1.169161005057599567e+00 7.111517790197433020e-02
1.183300000000000000e+04 1.389652563394838669e+00 7.121194234589160732e-02
1.186800000000000000e+04 1.324859794289201087e+00 7.118311350892297940e-02
1.190300000000000000e+04 1.369140517197587004e+00 7.103264314259025158e-02
1.193700000000000000e+04 1.354815310480906865e+00 7.105688055807118930e-02
1.197200000000000000e+04 1.494771518828685641e+00 7.183602418018271429e-02
1.200700000000000000e+04 1.299805768277111362e+00 7.176335237326669780e-02
1.204200000000000000e+04 1.442249840071045952e+00 7.219154068249940270e-02
1.207700000000000000e+04 1.440975627235734358e+00 7.198702822129142420e-02
1.211200000000000000e+04 1.391150223440089428e+00 7.171015232896391089e-02
1.214700000000000000e+04 1.471677480537140870e+00 7.174898518252584290e-02
1.218200000000000000e+04 1.282035707740860397e+00 7.158089692183970676e-02
1.221600000000000000e+04 1.306159269914886512e+00 7.116991425521414227e-02
1.225100000000000000e+04 1.341640065623021627e+00 7.178018847459360918e-02
