0.000000000000000000e+00 8.075141912462940885e-01 1.081032993987990354e-01
3.500000000000000000e+01 9.440661238642169550e-01 1.078258419156592485e-01
6.900000000000000000e+01 8.116086779474763757e-01 1.082394068658959208e-01
1.040000000000000000e+02 7.744203712403853190e-01 1.083814366789966760e-01
1.390000000000000000e+02 1.092883303246543480e+00 1.081424940675720647e-01
1.740000000000000000e+02 9.373492694009873949e-01 1.083429619991245624e-01
2.090000000000000000e+02 4.209751679274650882e-01 1.080759023604815905e-01
2.440000000000000000e+02 7.427225209663081973e-01 1.076979835631882432e-01
2.790000000000000000e+02 9.524694601818010087e-01 1.086996991665943879e-01
3.130000000000000000e+02 8.891552478387715341e-01 1.081191162790901411e-01
3.480000000000000000e+02 9.789755229847751927e-01 1.082576344501291477e-01
3.830000000000000000e+02 7.279907185025520366e-01 1.074886262220159788e-01
4.180000000000000000e+02 7.990408136980399201e-01 1.081504317579991409e-01
4.530000000000000000e+02 9.732185226606813178e-01 1.080451079192994018e-01
4.880000000000000000e+02 5.950189382413246797e-01 1.073610358160676098e-01
5.230000000000000000e+02 8.024998927655825343e-01 1.074548543834220743e-01
5.570000000000000000e+02 8.619948234399159581e-01 1.075760214692653705e-01
5.930000000000000000e+02 9.022728619639744929e-01 1.067587488202231677e-01
6.280000000000000000e+02 7.210506225635274768e-01 1.075216937887593371e-01
6.620000000000000000e+02 7.862462398331607760e-01 1.078510784282596946e-01
6.970000000000000000e+02 6.498726761177695543e-01 1.078058374965176619e-01
7.320000000000000000e+02 9.658787728466741163e-01 1.077521834184221455e-01
7.670000000000000000e+02 8.390472156572584828e-01 1.076335924418228146e-01
8.020000000000000000e+02 7.862138541824583715e-01 1.072238731841856918e-01
8.370000000000000000e+02 8.007567975759681822e-01 1.074436960275233360e-01
8.710000000000000000e+02 7.557415415690506011e-01 1.065839193294032677e-01
9.060000000000000000e+02 7.626260126648171100e-01 1.075385631913561013e-01
9.410000000000000000e+02 7.752424687815888671e-01 1.068159935097482277e-01
9.760000000000000000e+02 8.802618056027302629e-01 1.066493054815228630e-01
1.011000000000000000e+03 9.087353702483319529e-01 1.071442439601249103e-01
1.046000000000000000e+03 6.650150974885349342e-01 1.074494485125690735e-01
1.081000000000000000e+03 7.326244423567790376e-01 1.069553482860417376e-01
1.116000000000000000e+03 6.506755877410209665e-01 1.068508921475996853e-01
1.151000000000000000e+03 8.589108147033462926e-01 1.052947549945609657e-01
1.185000000000000000e+03 6.842093785016051255e-01 1.057162917314173473e-01
1.220000000000000000e+03 6.383643528696770764e-01 1.055419130792506627e-01
1.255000000000000000e+03 8.979139653127417020e-01 1.060203139386546312e-01
1.290000000000000000e+03 8.589904616708544660e-01 1.059983886162956940e-01
1.325000000000000000e+03 7.986727591934921211e-01 1.057958804864937985e-01
1.360000000000000000e+03 5.866505462894675560e-01 1.059331918195387939e-01
1.395000000000000000e+03 7.159231010295020736e-01 1.063953229885244989e-01
1.429000000000000000e+03 9.895315322834947747e-01 1.059014386270704794e-01
1.464000000000000000e+03 8.264731567899236131e-01 1.066995418276519281e-01
1.499000000000000000e+03 6.273768994226049944e-01 1.061496701392605352e-01
1.534000000000000000e+03 9.863102714116783742e-01 1.065422493967595474e-01
1.569000000000000000e+03 6.285326334538960946e-01 1.064687452671783247e-01
1.604000000000000000e+03 5.754591693604664826e-01 1.066267079505857918e-01
1.638000000000000000e+03 8.615719610599358314e-01 1.063113802440696642e-01
1.673000000000000000e+03 8.942625662182913659e-01 1.068352095726412404e-01
1.708000000000000000e+03 7.834719197061341678e-01 1.057996494882665062e-01
1.817000000000000000e+03 8.239928919891726933e-01 1.057970492655240513e-01
1.852000000000000000e+03 8.302622795555456570e-01 1.064854893608215142e-01
1.887000000000000000e+03 5.949648377181673276e-01 1.063649906406650275e-01
1.922000000000000000e+03 7.348450325907937009e-01 1.066894042917812535e-01
1.957000000000000000e+03 6.745269456603019131e-01 1.060772254630754918e-01
1.991000000000000000e+03 8.088661168930934009e-01 1.066257913933645884e-01
2.026000000000000000e+03 7.797411380540067993e-01 1.064283738250312306e-01
2.061000000000000000e+03 8.368303241252197378e-01 1.067897300506131242e-01
2.096000000000000000e+03 7.584788832940538850e-01 1.066598014744710443e-01
2.131000000000000000e+03 7.885493861259977866e-01 1.061362713953563630e-01
2.166000000000000000e+03 9.080066645792514990e-01 1.068686819396172660e-01
2.201000000000000000e+03 7.436447240061475616e-01 1.073299968525049664e-01
2.235000000000000000e+03 9.601776756365618670e-01 1.066798516250922757e-01
2.270000000000000000e+03 8.941130043168947772e-01 1.067034097009851440e-01
2.305000000000000000e+03 9.843259694051047504e-01 1.069840431906662753e-01
2.340000000000000000e+03 7.747520568209135261e-01 1.067648194205605000e-01
2.375000000000000000e+03 5.077212660921167631e-01 1.072987180792936424e-01
2.410000000000000000e+03 6.514152044948138265e-01 1.071577858412020301e-01
2.445000000000000000e+03 7.690495319272402375e-01 1.065577094605082015e-01
2.480000000000000000e+03 6.612592662182840142e-01 1.063439225896918028e-01
2.514000000000000000e+03 6.566737032310164812e-01 1.069342730248324103e-01
2.549000000000000000e+03 7.900992416220117276e-01 1.069082052088445867e-01
2.584000000000000000e+03 8.668395848227544720e-01 1.065848398436020361e-01
2.619000000000000000e+03 7.271112039414990846e-01 1.071300068238712350e-01
2.654000000000000000e+03 9.668819416874824269e-01 1.080365517362023298e-01
2.689000000000000000e+03 6.313493877242036811e-01 1.069577946617532305e-01
2.723000000000000000e+03 6.496028845304028243e-01 1.063186684056741105e-01
2.758000000000000000e+03 9.056348554662964068e-01 1.072102461904002463e-01
2.793000000000000000e+03 8.423515622773590783e-01 1.069655445513501696e-01
2.828000000000000000e+03 9.713492785717620093e-01 1.063946481458781929e-01
2.863000000000000000e+03 9.056928545022321364e-01 1.066729581829319873e-01
2.898000000000000000e+03 9.512081496070653452e-01 1.070979490484719743e-01
2.933000000000000000e+03 5.284024541431744382e-01 1.070886855723215403e-01
2.967000000000000000e+03 6.958658264640257274e-01 1.069768905958442540e-01
3.002000000000000000e+03 1.040749982791013606e+00 1.071442457368260992e-01
3.037000000000000000e+03 5.823945041861685601e-01 1.077194521483283152e-01
3.072000000000000000e+03 7.583881651770976173e-01 1.080320819078869204e-01
3.107000000000000000e+03 9.104051058943382069e-01 1.091233261648122677e-01
3.142000000000000000e+03 8.576740644448486162e-01 1.086916534521005229e-01
3.177000000000000000e+03 9.867295402350988454e-01 1.079863387330913943e-01
3.212000000000000000e+03 6.208342125030856806e-01 1.084290121697384229e-01
3.247000000000000000e+03 7.933831589124804573e-01 1.084840168053207848e-01
3.281000000000000000e+03 7.556832687189132258e-01 1.085231097500421737e-01
3.316000000000000000e+03 7.691700750834699063e-01 1.086225802414875763e-01
3.351000000000000000e+03 7.908568062235352691e-01 1.082874503978708269e-01
3.386000000000000000e+03 1.048137302440240726e+00 1.086399326092583190e-01
3.421000000000000000e+03 7.320501445473225344e-01 1.090560826061440780e-01
3.456000000000000000e+03 7.930065338754900273e-01 1.093750936393109163e-01
3.491000000000000000e+03 8.164618337698396067e-01 1.094157753161945079e-01
3.525000000000000000e+03 9.025611553565654477e-01 1.100430209294703254e-01
3.615000000000000000e+03 7.711813003566194702e-01 1.103615502747866545e-01
3.649000000000000000e+03 7.643329823607365459e-01 1.096379342001957552e-01
3.684000000000000000e+03 7.533312152568591991e-01 1.089296754521829752e-01
3.719000000000000000e+03 9.011662997068203840e-01 1.094491843314562285e-01
3.754000000000000000e+03 6.836521697717043988e-01 1.098952923901580364e-01
3.789000000000000000e+03 6.845590408851179864e-01 1.099560297126631198e-01
3.824000000000000000e+03 8.355401973716993780e-01 1.101965890831094613e-01
3.859000000000000000e+03 8.234514308352172129e-01 1.111054482265642629e-01
3.893000000000000000e+03 1.049560976325867312e+00 1.105203076417876074e-01
3.928000000000000000e+03 7.302959248961531369e-01 1.101813318955109366e-01
3.963000000000000000e+03 6.290714285909851933e-01 1.101016957377905364e-01
3.998000000000000000e+03 7.851321607792590695e-01 1.102758066308772850e-01
4.033000000000000000e+03 9.683451638768465486e-01 1.100701757298985090e-01
4.068000000000000000e+03 7.567316469754959973e-01 1.104558441375920463e-01
4.103000000000000000e+03 9.048685902560558159e-01 1.110472953026979820e-01
4.138000000000000000e+03 7.561563388226291149e-01 1.103955642272606008e-01
4.173000000000000000e+03 7.036390130125662612e-01 1.097196039065234247e-01
4.207000000000000000e+03 6.452891314899874553e-01 1.103222431042245044e-01
4.242000000000000000e+03 7.607213815048398109e-01 1.103129547935875893e-01
4.277000000000000000e+03 1.026238157219885760e+00 1.104283963440852723e-01
4.312000000000000000e+03 1.106826226836022498e+00 1.103452178665102201e-01
4.347000000000000000e+03 7.726370648347782311e-01 1.102936087050557790e-01
4.382000000000000000e+03 7.878821249475560506e-01 1.104917318116808295e-01
4.417000000000000000e+03 8.775470729746215337e-01 1.103212521673668928e-01
4.451000000000000000e+03 8.139329871695519802e-01 1.108522561926675726e-01
4.486000000000000000e+03 8.378101145758524160e-01 1.105872223695310852e-01
4.521000000000000000e+03 1.102334107382923145e+00 1.115498208839926786e-01
4.556000000000000000e+03 8.800163092248254326e-01 1.115395779883279620e-01
4.591000000000000000e+03 8.440319944450618284e-01 1.112359454235178624e-01
4.626000000000000000e+03 8.666053054411669843e-01 1.114028651236099732e-01
4.661000000000000000e+03 8.200409551595491120e-01 1.113476814852469576e-01
4.696000000000000000e+03 9.506734632483930802e-01 1.115395635847042793e-01
4.731000000000000000e+03 8.229723281913302602e-01 1.114422474045882044e-01
4.766000000000000000e+03 5.542226081266647952e-01 1.119733409568390015e-01
4.800000000000000000e+03 7.397677522684341644e-01 1.111432696455468688e-01
4.835000000000000000e+03 1.001211991006792035e+00 1.118295384662512937e-01
4.870000000000000000e+03 8.391770743753816930e-01 1.123510337134559223e-01
4.905000000000000000e+03 7.155643274010409227e-01 1.131473885146270508e-01
4.940000000000000000e+03 8.084247667884898458e-01 1.123657356734277107e-01
4.975000000000000000e+03 5.788942148022161449e-01 1.122340181743298609e-01
5.009000000000000000e+03 7.776525713242492532e-01 1.125214747881668198e-01
5.044000000000000000e+03 6.483508081770962272e-01 1.132678830796785968e-01
5.079000000000000000e+03 1.003000264183768975e+00 1.123050131849269023e-01
5.114000000000000000e+03 8.820769301184107070e-01 1.128794825163552812e-01
5.149000000000000000e+03 9.368717246241657914e-01 1.137232047214389447e-01
5.184000000000000000e+03 8.008801498765308891e-01 1.139395268093321839e-01
5.219000000000000000e+03 1.048958374965350382e+00 1.137050084381193982e-01
5.254000000000000000e+03 8.871206066081535058e-01 1.138021395221587434e-01
5.289000000000000000e+03 9.440713654064132321e-01 1.147258615468358806e-01
5.323000000000000000e+03 6.234039700271942763e-01 1.143916010815682754e-01
5.400000000000000000e+03 1.007766552202749244e+00 1.141854777968707713e-01
5.435000000000000000e+03 7.153079986701231796e-01 1.142640911578798740e-01
5.470000000000000000e+03 6.356154552271519043e-01 1.154989166353326269e-01
5.505000000000000000e+03 9.436542868783192040e-01 1.155758685223993582e-01
5.540000000000000000e+03 9.932642251906119713e-01 1.150804934914445854e-01
5.574000000000000000e+03 1.117866657471290548e+00 1.132169512230265518e-01
5.609000000000000000e+03 1.257608233203438175e+00 1.144203685483590055e-01
5.644000000000000000e+03 1.384379430958357249e+00 1.147332466780521393e-01
5.679000000000000000e+03 1.291566551556555309e+00 1.149026744094869268e-01
5.714000000000000000e+03 1.247230021218826757e+00 1.151509218349377334e-01
5.749000000000000000e+03 1.095396984740785840e+00 1.150407273508164269e-01
5.784000000000000000e+03 1.335639075079857019e+00 1.149946878342225920e-01
5.819000000000000000e+03 1.327746768599704419e+00 1.156380967002921673e-01
5.853000000000000000e+03 1.331272133642619648e+00 1.156186274126513175e-01
5.888000000000000000e+03 1.041627661273328176e+00 1.157056849896863499e-01
5.923000000000000000e+03 9.362143282082917572e-01 1.153557511744748854e-01
5.958000000000000000e+03 1.315031127098693187e+00 1.148874034336942324e-01
5.993000000000000000e+03 1.194669081977081992e+00 1.159261048569137781e-01
6.028000000000000000e+03 1.246645621362137080e+00 1.155398307431023119e-01
6.063000000000000000e+03 1.016968083819109969e+00 1.161172703927734473e-01
6.098000000000000000e+03 1.198556362309046053e+00 1.165654963850598497e-01
6.132000000000000000e+03 9.180642551459592404e-01 1.158954777182409357e-01
6.167000000000000000e+03 1.079618558278161444e+00 1.162839208708823374e-01
6.202000000000000000e+03 1.053068113567338315e+00 1.169176638873929974e-01
6.237000000000000000e+03 8.448968933074449961e-01 1.165332987315180341e-01
6.272000000000000000e+03 1.168872202416250561e+00 1.165337197559990629e-01
6.307000000000000000e+03 1.030931878888821984e+00 1.166913147188411992e-01
6.342000000000000000e+03 1.040878855076363241e+00 1.156829498002691775e-01
6.377000000000000000e+03 1.091560807001993760e+00 1.166285513160685017e-01
6.412000000000000000e+03 1.113419531778719440e+00 1.165516944874905314e-01
6.446000000000000000e+03 1.190826309124592530e+00 1.164967640583674940e-01
6.481000000000000000e+03 1.267603379098158456e+00 1.160046895705239001e-01
6.516000000000000000e+03 9.694475483624066525e-01 1.149088776474369161e-01
6.551000000000000000e+03 1.194923030018749666e+00 1.145540566449719522e-01
6.586000000000000000e+03 1.045271918946253376e+00 1.145645562995543099e-01
6.621000000000000000e+03 1.023093302516803638e+00 1.148079682077483010e-01
6.655000000000000000e+03 1.130397090927559578e+00 1.155207493950262954e-01
6.690000000000000000e+03 1.340399428412755389e+00 1.148258875786443006e-01
6.725000000000000000e+03 8.377904177216213277e-01 1.153817863110235681e-01
6.760000000000000000e+03 1.174570337363522343e+00 1.147923960741486504e-01
6.795000000000000000e+03 8.544608088717893235e-01 1.147674443456013632e-01
6.830000000000000000e+03 1.180317583580706264e+00 1.158741777272312562e-01
6.865000000000000000e+03 1.038347043719513696e+00 1.160586036225505352e-01
6.899000000000000000e+03 1.380738349858760428e+00 1.160488938658716523e-01
6.934000000000000000e+03 1.308472072640470385e+00 1.163070298515636453e-01
6.969000000000000000e+03 1.172571543834039831e+00 1.158009127061349619e-01
7.004000000000000000e+03 1.161188367464124349e+00 1.157476768652371119e-01
7.039000000000000000e+03 1.111574677918962806e+00 1.158051397803817190e-01
7.074000000000000000e+03 7.842593946872449262e-01 1.154552533028940370e-01
7.109000000000000000e+03 9.554876371999488915e-01 1.158584303464475634e-01
7.179000000000000000e+03 1.149605149401356163e+00 1.162396414569316916e-01
7.214000000000000000e+03 1.114028053723290057e+00 1.170406191569832166e-01
7.249000000000000000e+03 1.098658788194406322e+00 1.166578346017019818e-01
7.284000000000000000e+03 1.215526119293275364e+00 1.170264437043378597e-01
7.319000000000000000e+03 1.301237148790547860e+00 1.167565344761456042e-01
7.354000000000000000e+03 1.256451596939441639e+00 1.168703555765559371e-01
7.389000000000000000e+03 1.070906059781441266e+00 1.158770662881532520e-01
7.424000000000000000e+03 1.403403666056834309e+00 1.153797665132013511e-01
7.459000000000000000e+03 1.122006188034069263e+00 1.156204786883237023e-01
7.493000000000000000e+03 1.224220033813470554e+00 1.150208590292477323e-01
7.528000000000000000e+03 1.148374256284032224e+00 1.153838044569049925e-01
7.563000000000000000e+03 1.119813207086925111e+00 1.149590197718679263e-01
7.598000000000000000e+03 1.053836883472710984e+00 1.143971826776266909e-01
7.633000000000000000e+03 1.353519441955456815e+00 1.144507551972575587e-01
7.668000000000000000e+03 1.105184980449630983e+00 1.153593695165226890e-01
7.703000000000000000e+03 1.000758914081785855e+00 1.157235115628636318e-01
7.738000000000000000e+03 1.017237255029334708e+00 1.157171868277143689e-01
7.773000000000000000e+03 1.117550339749277200e+00 1.156319494116642005e-01
7.808000000000000000e+03 1.049759787223671470e+00 1.167611958254215349e-01
7.843000000000000000e+03 1.435957170905081792e+00 1.156352937942073250e-01
7.878000000000000000e+03 9.958658972335340254e-01 1.162591591153217530e-01
7.913000000000000000e+03 1.015553943398359360e+00 1.160866609143791084e-01
7.947000000000000000e+03 1.381980084257534269e+00 1.169113206800539428e-01
7.982000000000000000e+03 1.076394221476974167e+00 1.165489145302887747e-01
8.017000000000000000e+03 1.296084404249415956e+00 1.162324262803084984e-01
8.052000000000000000e+03 1.285471051303518797e+00 1.169532570512995667e-01
8.087000000000000000e+03 1.173257823268271771e+00 1.173840174631966132e-01
8.122000000000000000e+03 1.215353046901253897e+00 1.166018870985970624e-01
8.157000000000000000e+03 1.398611390876940419e+00 1.172374955065201424e-01
8.192000000000000000e+03 1.072999307843830241e+00 1.172930352692173467e-01
8.227000000000000000e+03 1.119437030033737290e+00 1.181423181718373461e-01
8.261000000000000000e+03 1.248175220360584037e+00 1.179875776246603475e-01
8.296000000000000000e+03 1.029564867248446758e+00 1.197908076210848216e-01
8.331000000000000000e+03 1.064779480401309764e+00 1.194817627269503107e-01
8.366000000000000000e+03 1.215055821603476582e+00 1.194835243801609381e-01
8.401000000000000000e+03 1.288268542254925819e+00 1.199573323420917853e-01
8.436000000000000000e+03 1.131908597808604533e+00 1.194373624820257024e-01
8.471000000000000000e+03 1.100831826472328911e+00 1.200285765176208330e-01
8.506000000000000000e+03 1.142931669811963591e+00 1.202710959236330812e-01
8.541000000000000000e+03 9.448301677060426673e-01 1.116743704418478728e-01
8.576000000000000000e+03 1.258774014279289810e+00 7.639645783675999557e-02
8.610000000000000000e+03 1.053612972211212639e+00 7.664123304110093127e-02
8.645000000000000000e+03 1.192308060272659231e+00 7.609928542368914195e-02
8.680000000000000000e+03 1.038717773205466210e+00 7.636864858955129398e-02
8.715000000000000000e+03 1.091933870255844319e+00 7.649894525503141141e-02
8.750000000000000000e+03 1.037140321848430968e+00 7.661612018388340439e-02
8.785000000000000000e+03 8.380216691899320391e-01 7.684761241867847648e-02
8.820000000000000000e+03 1.168113929610183677e+00 7.624208012584673955e-02
8.855000000000000000e+03 1.041494967991949183e+00 7.648926931598179491e-02
8.890000000000000000e+03 1.117358880918629671e+00 7.616369468382382102e-02
8.965000000000000000e+03 1.235659785521578069e+00 7.211122744753477309e-02
9.000000000000000000e+03 1.209110013596517597e+00 7.221470219801702506e-02
9.035000000000000000e+03 9.910315263315385703e-01 7.214601018174561509e-02
9.069000000000000000e+03 1.095518361463227786e+00 7.193829952929957361e-02
9.104000000000000000e+03 1.169024833356953952e+00 7.200263508523187250e-02
9.139000000000000000e+03 1.251421454102117803e+00 7.230248034661423961e-02
9.174000000000000000e+03 1.065679608677022383e+00 7.207877689350952743e-02
9.209000000000000000e+03 9.325503827186585326e-01 7.230500704819517455e-02
9.244000000000000000e+03 1.133976449155327249e+00 7.202454042656258881e-02
9.278000000000000000e+03 1.177958823798579413e+00 7.207149592055435428e-02
9.313000000000000000e+03 1.112654822084782058e+00 7.257565102121053824e-02
9.348000000000000000e+03 1.014307260174179603e+00 7.189118728564218574e-02
9.383000000000000000e+03 1.224823029996915169e+00 7.284027756065650228e-02
9.418000000000000000e+03 1.168646660075344013e+00 7.233304179968191860e-02
9.453000000000000000e+03 1.129438082737463933e+00 7.249692698264476043e-02
9.488000000000000000e+03 1.228562498035150607e+00 7.268655766280898711e-02
9.522000000000000000e+03 1.144535850605740590e+00 7.222730939522629956e-02
9.557000000000000000e+03 1.098091208801746266e+00 7.258799007875106624e-02
9.592000000000000000e+03 1.079885943194940801e+00 7.249825640469317878e-02
9.627000000000000000e+03 1.139109485202689953e+00 7.290667578119409964e-02
9.662000000000000000e+03 1.090439290864301025e+00 7.243253515394161568e-02
9.697000000000000000e+03 9.920089864556317361e-01 7.348450053144647831e-02
9.732000000000000000e+03 1.202432159872121042e+00 7.253168250202608747e-02
9.767000000000000000e+03 1.364979729827874300e+00 7.263258162822068542e-02
9.801000000000000000e+03 1.122110064374083116e+00 7.262995676000791323e-02
9.836000000000000000e+03 1.337431339122487461e+00 7.333259642649198051e-02
9.871000000000000000e+03 1.146924463364102253e+00 7.271750023626005754e-02
9.906000000000000000e+03 9.956502739620876063e-01 7.234363884073213846e-02
9.941000000000000000e+03 1.188570250651382443e+00 7.295987031366411857e-02
9.976000000000000000e+03 1.124496426555434914e+00 7.271761914726387888e-02
1.001100000000000000e+04 1.030656004804356041e+00 7.271020594090034372e-02
1.004500000000000000e+04 1.136176130119961991e+00 7.259612604771882582e-02
1.008000000000000000e+04 1.173005405087723441e+00 7.235638983572166560e-02
1.011500000000000000e+04 1.220628256991440397e+00 7.264075312974198340e-02
1.015000000000000000e+04 9.347443081104902518e-01 7.220899831042942862e-02
1.018500000000000000e+04 1.190701994916706807e+00 7.267685441199296659e-02
1.022000000000000000e+04 1.140558335727933192e+00 7.287708402729130286e-02
1.025500000000000000e+04 1.003374973704868278e+00 7.332068440744592130e-02
1.028900000000000000e+04 1.131140472876328573e+00 7.346266259178811653e-02
1.032400000000000000e+04 1.214852435977071599e+00 7.312390669877194549e-02
1.035900000000000000e+04 1.107764349698369566e+00 7.351991856215835119e-02
1.039400000000000000e+04 1.193903925531338395e+00 7.338513455558831611e-02
1.042900000000000000e+04 1.101287252636999003e+00 7.338308680317462418e-02
1.046400000000000000e+04 9.730156861027458026e-01 7.339985449076548429e-02
1.049900000000000000e+04 1.047158977213507702e+00 7.298278546052364146e-02
1.053300000000000000e+04 1.136027443384159508e+00 7.335547289734929699e-02
1.056800000000000000e+04 1.118604751410846587e+00 7.345253659151582126e-02
1.060300000000000000e+04 1.085675540764024394e+00 7.273797625171665726e-02
1.063800000000000000e+04 1.018001000759835017e+00 7.286309536436855194e-02
1.067300000000000000e+04 1.162475228391427695e+00 7.332973291457665910e-02
1.075800000000000000e+04 1.120279978279111077e+00 7.290861301466439182e-02
1.079300000000000000e+04 1.196754814779031451e+00 7.330820306926703889e-02
1.082800000000000000e+04 1.266083219432082130e+00 7.346497888230275886e-02
1.086300000000000000e+04 1.245077046098941320e+00 7.395017773497382374e-02
1.089700000000000000e+04 1.115300571929153772e+00 7.354539883438344916e-02
1.093200000000000000e+04 1.076740460075217731e+00 7.385486967440912931e-02
1.096700000000000000e+04 1.129650257740361763e+00 7.403716831649463648e-02
1.100200000000000000e+04 1.022097472712498512e+00 7.380069921815245182e-02
1.103700000000000000e+04 1.093471633276202226e+00 7.373152148390986482e-02
1.107200000000000000e+04 1.102365556753457820e+00 7.350545269261779535e-02
1.110700000000000000e+04 1.146018550038670591e+00 7.352094183710411457e-02
1.114200000000000000e+04 9.914334124578461083e-01 7.460323635388546593e-02
1.117700000000000000e+04 1.047825449029039513e+00 7.404819027144818322e-02
1.121100000000000000e+04 1.122505624877399244e+00 7.433982156110047201e-02
1.124600000000000000e+04 1.052817093371872570e+00 7.374195685606553530e-02
1.128100000000000000e+04 1.050309360304609863e+00 7.427197224112536134e-02
1.131600000000000000e+04 1.117646867233946795e+00 7.389620005364157251e-02
1.135100000000000000e+04 1.231525554640597431e+00 7.445336434260461933e-02
1.138600000000000000e+04 1.165043208448134582e+00 7.682478253363671239e-02
1.142100000000000000e+04 9.877734858796982653e-01 7.838765125409422052e-02
1.145600000000000000e+04 8.250140716228899773e-01 7.783072715941999342e-02
1.149100000000000000e+04 1.085030220531836287e+00 8.144739735820415161e-02
1.152500000000000000e+04 9.719987782099486218e-01 8.124911217719116285e-02
1.156000000000000000e+04 1.131218327857093531e+00 8.078518906575569980e-02
1.159500000000000000e+04 1.018520441782502228e+00 7.955666598121956257e-02
1.163000000000000000e+04 9.682859900926257257e-01 7.811310926264436461e-02
1.166500000000000000e+04 1.238066617970533523e+00 7.724880967804367837e-02
1.170000000000000000e+04 1.147655332258114447e+00 7.564324415939986668e-02
1.173500000000000000e+04 1.074047429159416867e+00 7.504354454882714021e-02
1.177000000000000000e+04 1.115487655570376546e+00 7.531536113557564527e-02
1.180500000000000000e+04 1.117595677451730829e+00 7.472030842624073632e-02
1.184000000000000000e+04 1.050844561913580666e+00 7.436828749453461285e-02
1.187400000000000000e+04 9.361382735011246625e-01 7.456785962850367988e-02
1.190900000000000000e+04 1.368733589513873472e+00 7.509041583967886180e-02
1.194400000000000000e+04 9.846248681458653618e-01 7.458026781594129240e-02
1.197900000000000000e+04 1.022225829193536439e+00 7.476334357480592108e-02
1.201400000000000000e+04 1.020187055299758949e+00 7.434666803261760770e-02
1.204900000000000000e+04 1.052842374792067881e+00 7.506091255545391250e-02
1.208400000000000000e+04 1.131920723857212208e+00 7.608704132523022579e-02
1.211900000000000000e+04 1.046973279343877294e+00 7.523686073540386543e-02
1.215400000000000000e+04 1.006449198284428803e+00 7.496412709939760666e-02
1.218800000000000000e+04 9.143540786083115268e-01 7.524772724864041418e-02
1.222300000000000000e+04 9.292231504334972358e-01 7.527204129612197203e-02
1.225800000000000000e+04 9.992410859182140337e-01 7.520684907286820375e-02
1.229300000000000000e+04 1.059485130875399861e+00 7.504788322341794660e-02
1.232800000000000000e+04 8.818376163496002285e-01 7.471083566035452428e-02
1.236300000000000000e+04 1.175796762672125295e+00 7.568748718602535952e-02
1.239800000000000000e+04 9.248229426969694078e-01 7.568852160875386148e-02
1.243200000000000000e+04 7.532306228471086218e-01 7.533311109387744176e-02
1.246700000000000000e+04 9.835953213142397678e-01 7.513600916847469613e-02
