0.000000000000000000e+00 1.002096840397945332e+00 8.298070090624026784e-02
3.500000000000000000e+01 1.022479970735834964e+00 8.272836056690539841e-02
6.900000000000000000e+01 1.261143800644510149e+00 8.324639432067419687e-02
1.040000000000000000e+02 1.132907152576850818e+00 8.330942697025053856e-02
1.390000000000000000e+02 1.077381387098857335e+00 8.293431129952444358e-02
1.740000000000000000e+02 1.025881825131334635e+00 8.308500572797049288e-02
2.090000000000000000e+02 9.972871745722000636e-01 8.318505839576176286e-02
2.440000000000000000e+02 1.013754397814971675e+00 8.265567674086937711e-02
2.790000000000000000e+02 8.707165201653662701e-01 8.336857342603792853e-02
3.130000000000000000e+02 1.121707502614420537e+00 8.308895309560279663e-02
3.480000000000000000e+02 8.060190543658395379e-01 8.291613121045182666e-02
3.830000000000000000e+02 1.232733182198348487e+00 8.266655024307685562e-02
4.180000000000000000e+02 1.004839930292613648e+00 8.313110713479793246e-02
4.530000000000000000e+02 9.922682454805352714e-01 8.290731366888176579e-02
4.880000000000000000e+02 1.070810634062841160e+00 8.251131151667216723e-02
5.230000000000000000e+02 8.882303328748438753e-01 8.249614057390837474e-02
5.570000000000000000e+02 9.839131887690593103e-01 8.258049752076268568e-02
5.930000000000000000e+02 9.899791732679255052e-01 8.203614028520075929e-02
6.280000000000000000e+02 9.968026697690336446e-01 8.259065864004379309e-02
6.620000000000000000e+02 9.576564015277863051e-01 8.280756369557634722e-02
6.970000000000000000e+02 1.061639237204472730e+00 8.293331822830427025e-02
7.320000000000000000e+02 1.005504913122329258e+00 8.274529501542345067e-02
7.670000000000000000e+02 8.824434565145542475e-01 8.260089397106260001e-02
8.020000000000000000e+02 1.053455808010208772e+00 8.236477249636653397e-02
8.370000000000000000e+02 1.069258746627513190e+00 8.248020567732775032e-02
8.710000000000000000e+02 9.250116872519452693e-01 8.183197966981038685e-02
9.060000000000000000e+02 1.057625358348740052e+00 8.264804506839795728e-02
9.410000000000000000e+02 1.076450677137658074e+00 8.200984938241004385e-02
9.760000000000000000e+02 1.064041995393433249e+00 8.195162919142910674e-02
1.011000000000000000e+03 1.120362864941217618e+00 8.228596953107766843e-02
1.046000000000000000e+03 8.841119950225639901e-01 8.240469357711754927e-02
1.081000000000000000e+03 9.207831827892242194e-01 8.219211819018965026e-02
1.116000000000000000e+03 9.906307737189218310e-01 8.209845436883866920e-02
1.151000000000000000e+03 1.125648954051085671e+00 8.083726107186514631e-02
1.185000000000000000e+03 1.074985509102412529e+00 8.123755294075969691e-02
1.220000000000000000e+03 9.749623632160147046e-01 8.097054480723153702e-02
1.255000000000000000e+03 1.075734667618390539e+00 8.127382869094341988e-02
1.290000000000000000e+03 1.132418367288668737e+00 8.142311086500858552e-02
1.325000000000000000e+03 9.324272429924364003e-01 8.115932536112048512e-02
1.360000000000000000e+03 8.196991544914130623e-01 8.130543445331994690e-02
1.395000000000000000e+03 7.840860260985154095e-01 8.155283385824682596e-02
1.429000000000000000e+03 1.076439112082627991e+00 8.126623542110576748e-02
1.464000000000000000e+03 9.814341874465711824e-01 8.181165618746349955e-02
1.499000000000000000e+03 9.238084281881177029e-01 8.151851698272610802e-02
1.534000000000000000e+03 9.552238362359987134e-01 8.169459293610846495e-02
1.569000000000000000e+03 1.069874740942704516e+00 8.173237555816953437e-02
1.604000000000000000e+03 1.079221424731679368e+00 8.189061620194404423e-02
1.638000000000000000e+03 9.732172673475438796e-01 8.154541861774390610e-02
1.673000000000000000e+03 1.046906302176741521e+00 8.197687102496836742e-02
1.708000000000000000e+03 1.043184942249044900e+00 8.121605018172931012e-02
1.817000000000000000e+03 9.920240081372296848e-01 8.127305195709927377e-02
1.852000000000000000e+03 9.146692406035946687e-01 8.168456567298926219e-02
1.887000000000000000e+03 1.034104605394068788e+00 8.174788694282730805e-02
1.922000000000000000e+03 9.405686239987480768e-01 8.189925835557552991e-02
1.957000000000000000e+03 1.090787989978258432e+00 8.147560241831655614e-02
1.991000000000000000e+03 9.789653667740254583e-01 8.183846157937435528e-02
2.026000000000000000e+03 9.144545704260326202e-01 8.157759901723728169e-02
2.061000000000000000e+03 9.090859661661297997e-01 8.187981304462146892e-02
2.096000000000000000e+03 1.026378757632039784e+00 8.186072319416701215e-02
2.131000000000000000e+03 1.096921117844410931e+00 8.146649037495085066e-02
2.166000000000000000e+03 8.837128225976400575e-01 8.187037309990143064e-02
2.201000000000000000e+03 8.935824702873721437e-01 8.227249313079511295e-02
2.235000000000000000e+03 1.111485740611408035e+00 8.182417961574822707e-02
2.270000000000000000e+03 1.006089906430872372e+00 8.184663037882813907e-02
2.305000000000000000e+03 8.905459732775967696e-01 8.199206208557738296e-02
2.340000000000000000e+03 1.089571259711519469e+00 8.194556053065042700e-02
2.375000000000000000e+03 9.894256403672104794e-01 8.239022774252723058e-02
2.410000000000000000e+03 1.062577076102177553e+00 8.230793468086849973e-02
2.445000000000000000e+03 1.003092065484412432e+00 8.178712792987069546e-02
2.480000000000000000e+03 9.155948618359612823e-01 8.163261041189376344e-02
2.514000000000000000e+03 8.649709657243974670e-01 8.202895314745979605e-02
2.549000000000000000e+03 9.292267977478169128e-01 8.198460674310560636e-02
2.584000000000000000e+03 1.017727257849834421e+00 8.187192692812343686e-02
2.619000000000000000e+03 9.638352831926656483e-01 8.222536965424011302e-02
2.654000000000000000e+03 1.118940465319855582e+00 8.284794545931009613e-02
2.689000000000000000e+03 1.064235123904609281e+00 8.218571938897312190e-02
2.723000000000000000e+03 1.048792195257147064e+00 8.166743940907854327e-02
2.758000000000000000e+03 9.923712950082685946e-01 8.229601532852102996e-02
2.793000000000000000e+03 1.059172325673907844e+00 8.206136980446862572e-02
2.828000000000000000e+03 1.042554309009550151e+00 8.162722577425672588e-02
2.863000000000000000e+03 9.880078512318019035e-01 8.188181071326405824e-02
2.898000000000000000e+03 9.373527899360342142e-01 8.212765218035514292e-02
2.933000000000000000e+03 9.438540631086000943e-01 8.223119579938979740e-02
2.967000000000000000e+03 1.060381270728049330e+00 8.216114272300471810e-02
3.002000000000000000e+03 1.109651960895155165e+00 8.228607503529183909e-02
3.037000000000000000e+03 1.199833267952564064e+00 8.291557078286904137e-02
3.072000000000000000e+03 9.690833964366588615e-01 8.293759654357096833e-02
3.107000000000000000e+03 9.229152768352191227e-01 8.379212954819131864e-02
3.142000000000000000e+03 9.151721119181009945e-01 8.340310057682408240e-02
3.177000000000000000e+03 9.989797802749724731e-01 8.278564167608906676e-02
3.212000000000000000e+03 9.310195377984942233e-01 8.331155300676117148e-02
3.247000000000000000e+03 1.105266179144665406e+00 8.337801776796539832e-02
3.281000000000000000e+03 1.089260645100222913e+00 8.347035447877365621e-02
3.316000000000000000e+03 1.038620531006872572e+00 8.345240133620092371e-02
3.351000000000000000e+03 8.671035194919213263e-01 8.305296179884527619e-02
3.386000000000000000e+03 1.092589600622564161e+00 8.332244074087889751e-02
3.421000000000000000e+03 1.026187313972483528e+00 8.379146816211760496e-02
3.456000000000000000e+03 1.031778220472516328e+00 8.402381406672866648e-02
3.491000000000000000e+03 1.166985048352606524e+00 8.409325204968472189e-02
3.525000000000000000e+03 1.077973249389830412e+00 8.457254502565678123e-02
3.615000000000000000e+03 1.119932108703076024e+00 8.484407662544350692e-02
3.649000000000000000e+03 1.019965273621552759e+00 8.423843406862141503e-02
3.684000000000000000e+03 9.597118963084071419e-01 8.370107031698476030e-02
3.719000000000000000e+03 9.861796591359002218e-01 8.399217920423428241e-02
3.754000000000000000e+03 9.482379923994019855e-01 8.436936865690110310e-02
3.789000000000000000e+03 1.070515323325147428e+00 8.452956540251573003e-02
3.824000000000000000e+03 1.001020219725027749e+00 8.457754965293926008e-02
3.859000000000000000e+03 8.880889607362751903e-01 8.515878626239010984e-02
3.893000000000000000e+03 1.191887046653442361e+00 8.478161423629622384e-02
3.928000000000000000e+03 1.038664930832893241e+00 8.466648252508310324e-02
3.963000000000000000e+03 1.017062218662289519e+00 8.456344693426179338e-02
3.998000000000000000e+03 8.394861009249006134e-01 8.458206175655402781e-02
4.033000000000000000e+03 8.727904392481902196e-01 8.432030377100897811e-02
4.068000000000000000e+03 1.024291584903490593e+00 8.477515373219028649e-02
4.103000000000000000e+03 1.145370818440839988e+00 8.526342128129771325e-02
4.138000000000000000e+03 9.828280816983224755e-01 8.470952018808981798e-02
4.173000000000000000e+03 1.115936250592000301e+00 8.429310499890041442e-02
4.207000000000000000e+03 9.288321085130893939e-01 8.470024418849810000e-02
4.242000000000000000e+03 9.245901877380893197e-01 8.473505550060009273e-02
4.277000000000000000e+03 9.746054847015526157e-01 8.466658924888312288e-02
4.312000000000000000e+03 1.201263268728498090e+00 8.469603073329301512e-02
4.347000000000000000e+03 8.079917309752838728e-01 8.465517557621149436e-02
4.382000000000000000e+03 9.782460704096370696e-01 8.476723311062481225e-02
4.417000000000000000e+03 1.046798124730705215e+00 8.466353902377514451e-02
4.451000000000000000e+03 1.122960574471841388e+00 8.510668806300421274e-02
4.486000000000000000e+03 6.380363540167357517e-01 8.474025070872696908e-02
4.521000000000000000e+03 9.541463591433017033e-01 8.557254263057395560e-02
4.556000000000000000e+03 1.157738577936644919e+00 8.567077244976067929e-02
4.591000000000000000e+03 1.126835972650133577e+00 8.539183554066549775e-02
4.626000000000000000e+03 7.419553017392115368e-01 8.538063858633646031e-02
4.661000000000000000e+03 9.886587571002989350e-01 8.542863231356427611e-02
4.696000000000000000e+03 1.110214582116658910e+00 8.563641821154793776e-02
4.731000000000000000e+03 1.001594053460168166e+00 8.549992895486746569e-02
4.766000000000000000e+03 9.929301523581406386e-01 8.605275408700613360e-02
4.800000000000000000e+03 8.871112983262291474e-01 8.536666481827198671e-02
4.835000000000000000e+03 8.967443309627004533e-01 8.570759351626391909e-02
4.870000000000000000e+03 9.594904240247459359e-01 8.622231064369947906e-02
4.905000000000000000e+03 9.587057090503533496e-01 8.687207730238091785e-02
4.940000000000000000e+03 7.557958404340765490e-01 8.618378554935125779e-02
4.975000000000000000e+03 1.008051651302974472e+00 8.630674674561662763e-02
5.009000000000000000e+03 9.809146936601320643e-01 8.636048214745495333e-02
5.044000000000000000e+03 9.486614841308176338e-01 8.705257802088994801e-02
5.079000000000000000e+03 7.934894809322183828e-01 8.605661808925310630e-02
5.114000000000000000e+03 8.597083651698024243e-01 8.660717447951708781e-02
5.149000000000000000e+03 9.020743310295528117e-01 8.726801108648121752e-02
5.184000000000000000e+03 9.304959944977987396e-01 8.750052613436237747e-02
5.219000000000000000e+03 9.503758259040786527e-01 8.719691773260485057e-02
5.254000000000000000e+03 7.897686651145385817e-01 8.728269806665250874e-02
5.289000000000000000e+03 7.486499746712662606e-01 8.800292453017048711e-02
5.323000000000000000e+03 9.605158743191125614e-01 8.791690986793568308e-02
5.400000000000000000e+03 8.799023689917825353e-01 8.759865471879174637e-02
5.435000000000000000e+03 8.831706397697332012e-01 8.778164571354334089e-02
5.470000000000000000e+03 8.793891227279202472e-01 8.871393514123243618e-02
5.505000000000000000e+03 5.873861781519489345e-01 8.863820442020277357e-02
5.540000000000000000e+03 8.997030621093200509e-01 8.824588893132463696e-02
5.574000000000000000e+03 7.317565192500122828e-01 8.677059821344486334e-02
5.609000000000000000e+03 9.266436446908016267e-01 8.767130223699966252e-02
5.644000000000000000e+03 6.610338986201034217e-01 8.786039920690538740e-02
5.679000000000000000e+03 7.360525755990425800e-01 8.804464289415157852e-02
5.714000000000000000e+03 5.702058630866621014e-01 8.819455291520966744e-02
5.749000000000000000e+03 7.537493034540920789e-01 8.821176614293038676e-02
5.784000000000000000e+03 8.095963099054391821e-01 8.811249366509130154e-02
5.819000000000000000e+03 8.991692744173578333e-01 8.867424692144705578e-02
5.853000000000000000e+03 6.187871941293966449e-01 8.862131418949101280e-02
5.888000000000000000e+03 4.947236806609587867e-01 8.866403153358597133e-02
5.923000000000000000e+03 7.759792634516445853e-01 8.853343389324173918e-02
5.958000000000000000e+03 8.084626667454256621e-01 8.806757889458419197e-02
5.993000000000000000e+03 7.654550671423530073e-01 8.887139922682285587e-02
6.028000000000000000e+03 4.738659068624024306e-01 8.854122526271693272e-02
6.063000000000000000e+03 7.309569960259838517e-01 8.899038445760985849e-02
6.098000000000000000e+03 6.277836015275455317e-01 8.930050849215001585e-02
6.132000000000000000e+03 7.320886854357567808e-01 8.892519669168055807e-02
6.167000000000000000e+03 6.964206221886977133e-01 8.927442263329392336e-02
6.202000000000000000e+03 9.502413548207079286e-01 8.980916760801516130e-02
6.237000000000000000e+03 7.024886763538300549e-01 8.943578149880537786e-02
6.272000000000000000e+03 5.554978117379026914e-01 8.930152574709288027e-02
6.307000000000000000e+03 7.995311038557328942e-01 8.951753747359443569e-02
6.342000000000000000e+03 6.594230311470177242e-01 8.863154947607573830e-02
6.377000000000000000e+03 8.176548774433077815e-01 8.944437279272902941e-02
6.412000000000000000e+03 8.513058627421362656e-01 8.948879018382277506e-02
6.446000000000000000e+03 7.315439406916427467e-01 8.928310723266548454e-02
6.481000000000000000e+03 5.864560037180083230e-01 8.886951724560426813e-02
6.516000000000000000e+03 6.946444011176809985e-01 8.810306427020206388e-02
6.551000000000000000e+03 7.447754681671990840e-01 8.784984300187306805e-02
6.586000000000000000e+03 4.954656756085311642e-01 8.784369882708216448e-02
6.621000000000000000e+03 6.189212956758038953e-01 8.799246694641288391e-02
6.655000000000000000e+03 7.317322838665940576e-01 8.860209756012146776e-02
6.690000000000000000e+03 6.670463215146558156e-01 8.796667446354140829e-02
6.725000000000000000e+03 5.335720706129445379e-01 8.845869660602007079e-02
6.760000000000000000e+03 6.337739799540029750e-01 8.799135113651408713e-02
6.795000000000000000e+03 5.547453355564243571e-01 8.805566673815225232e-02
6.830000000000000000e+03 5.882505964175077651e-01 8.875538945362342058e-02
6.865000000000000000e+03 6.976226791572419650e-01 8.903961726291667600e-02
6.899000000000000000e+03 4.896833128640241117e-01 8.891070504536977004e-02
6.934000000000000000e+03 5.426255158241278798e-01 8.911092308744503199e-02
6.969000000000000000e+03 7.066907975936338460e-01 8.878328875338045711e-02
7.004000000000000000e+03 5.215160969944574454e-01 8.876381600864877153e-02
7.039000000000000000e+03 4.408365754074485832e-01 8.874866018617999508e-02
7.074000000000000000e+03 5.256994049426985116e-01 8.860140696411074324e-02
7.109000000000000000e+03 5.385746171967639162e-01 8.883678872564267082e-02
7.179000000000000000e+03 5.366423615360262911e-01 8.908914516253893523e-02
7.214000000000000000e+03 4.126230319995118356e-01 8.974868691375895158e-02
7.249000000000000000e+03 5.806623909162080821e-01 8.939891760516552321e-02
7.284000000000000000e+03 5.080837583064293783e-01 8.968811551460667553e-02
7.319000000000000000e+03 5.689241003496380289e-01 8.946483614031430776e-02
7.354000000000000000e+03 7.500148070567266290e-01 8.962635516015435289e-02
7.389000000000000000e+03 5.926127932621929606e-01 8.877403429694345760e-02
7.424000000000000000e+03 4.900962851427571598e-01 8.831863902755442142e-02
7.459000000000000000e+03 5.050400221891994113e-01 8.861726326683429245e-02
7.493000000000000000e+03 6.235831571642354021e-01 8.820393064014225848e-02
7.528000000000000000e+03 5.697245896838684098e-01 8.841890518273158583e-02
7.563000000000000000e+03 4.622857531735490300e-01 8.807993161556892936e-02
7.598000000000000000e+03 6.198751640357466064e-01 8.772490662084665713e-02
7.633000000000000000e+03 7.155023740147211653e-01 8.776369984693978277e-02
7.668000000000000000e+03 4.954319621101029858e-01 8.842283489938525254e-02
7.703000000000000000e+03 3.845419674740324645e-01 8.868684295368998993e-02
7.738000000000000000e+03 4.525266048624721482e-01 8.863656179137922864e-02
7.773000000000000000e+03 6.042850383324135377e-01 8.874082906742220000e-02
7.808000000000000000e+03 7.369427346871576523e-01 8.963140707722379308e-02
7.843000000000000000e+03 5.414089549148346503e-01 8.852239421188520807e-02
7.878000000000000000e+03 7.695575545128297001e-01 1.000000000000000000e+09
7.913000000000000000e+03 7.695575545128297001e-01 8.914381881251412509e-02
7.947000000000000000e+03 6.428586186213064435e-01 8.959424145819236407e-02
7.982000000000000000e+03 6.378028482716442404e-01 8.942601273674675999e-02
8.017000000000000000e+03 5.681850489847797281e-01 8.905362535357841391e-02
8.052000000000000000e+03 5.999804308991509849e-01 8.965477984557623792e-02
8.087000000000000000e+03 6.685118723527655460e-01 9.006900451951124764e-02
8.122000000000000000e+03 8.183280174990800182e-01 8.953736197381839679e-02
8.157000000000000000e+03 7.024583633617257350e-01 8.994900660760436761e-02
8.192000000000000000e+03 7.985887517259551149e-01 9.000906613664415301e-02
8.227000000000000000e+03 7.171098650702336652e-01 9.072174800428989272e-02
8.261000000000000000e+03 9.855061241005746986e-01 9.073232292325321413e-02
8.296000000000000000e+03 7.522739431741338745e-01 9.200685731722187122e-02
8.331000000000000000e+03 5.681215901072385055e-01 9.170021567073109725e-02
8.366000000000000000e+03 8.036475136886891413e-01 9.172993749102602290e-02
8.401000000000000000e+03 8.941525785428550144e-01 9.214301575920272325e-02
8.436000000000000000e+03 8.023268287812914679e-01 9.173522413231049999e-02
8.471000000000000000e+03 7.725950798126498542e-01 9.208837531497077178e-02
8.506000000000000000e+03 9.502988816464958965e-01 9.237778228419979420e-02
8.541000000000000000e+03 1.053083103782110452e+00 8.582322647871913623e-02
8.576000000000000000e+03 1.051619897214704613e+00 5.831547812898066341e-02
8.610000000000000000e+03 9.261664834734034679e-01 5.847193260488471600e-02
8.645000000000000000e+03 1.017624452509854116e+00 5.800875919164198008e-02
8.680000000000000000e+03 1.093973254817832697e+00 5.832309301907085547e-02
8.715000000000000000e+03 1.015756122886243507e+00 5.845335445697576182e-02
8.750000000000000000e+03 7.890092117901595925e-01 5.832396276454793194e-02
8.785000000000000000e+03 8.995130484081067523e-01 5.857955257155070955e-02
8.820000000000000000e+03 1.120090999723766023e+00 5.826789908602328372e-02
8.855000000000000000e+03 1.038388583624670902e+00 5.838844887228560043e-02
8.890000000000000000e+03 1.111862798598172386e+00 5.824560247595260420e-02
8.965000000000000000e+03 1.126269282185823339e+00 5.498515507978837813e-02
9.000000000000000000e+03 1.169038656312296531e+00 5.519349168586579202e-02
9.035000000000000000e+03 1.087821756658172490e+00 5.509439520360139009e-02
9.069000000000000000e+03 9.357808788307896419e-01 5.474064462610499920e-02
9.104000000000000000e+03 1.124492077689523084e+00 5.495642617375141870e-02
9.139000000000000000e+03 1.054566471496165114e+00 5.513813538455027835e-02
9.174000000000000000e+03 1.206079790412602160e+00 5.508253558282664997e-02
9.209000000000000000e+03 9.592292016502100838e-01 5.517321170100946554e-02
9.244000000000000000e+03 1.051244197701186378e+00 5.485504594698586978e-02
9.278000000000000000e+03 1.121050738984973982e+00 5.504511662359956592e-02
9.313000000000000000e+03 1.052407543691638914e+00 5.532765952142870702e-02
9.348000000000000000e+03 1.056804632642497577e+00 5.485770690638054614e-02
9.383000000000000000e+03 1.037383345030362003e+00 5.545636167237550512e-02
9.418000000000000000e+03 1.161990726152233755e+00 5.518349464535528964e-02
9.453000000000000000e+03 1.076517261090051303e+00 5.519455775533294029e-02
9.488000000000000000e+03 1.152640233148144011e+00 5.550780452493025291e-02
9.522000000000000000e+03 1.002678718280295866e+00 5.506220671166638797e-02
9.557000000000000000e+03 1.071025773228834188e+00 5.534411877424994658e-02
9.592000000000000000e+03 1.120015865338019223e+00 5.534832229865209452e-02
9.627000000000000000e+03 1.120834808328596388e+00 5.568480915620316329e-02
9.662000000000000000e+03 1.038714915282887619e+00 5.520344997392571951e-02
9.697000000000000000e+03 9.906358715252244762e-01 5.601311094699067128e-02
9.732000000000000000e+03 1.294349675012484990e+00 5.539130151975908689e-02
9.767000000000000000e+03 1.161013618017253890e+00 5.528352426948739129e-02
9.801000000000000000e+03 1.097040380905377921e+00 5.528077370478740732e-02
9.836000000000000000e+03 1.020895363179846305e+00 5.578618770423730139e-02
9.871000000000000000e+03 1.216693978103764895e+00 5.554146599518400285e-02
9.906000000000000000e+03 1.123186719953665369e+00 5.526781685691049828e-02
9.941000000000000000e+03 1.168747623906335464e+00 5.567824296261292272e-02
9.976000000000000000e+03 1.054242000117070921e+00 5.542931696914589479e-02
1.001100000000000000e+04 1.187626526770683144e+00 5.563141837725915639e-02
1.004500000000000000e+04 1.132310634701508389e+00 5.543170537738576625e-02
1.008000000000000000e+04 1.105268354539247433e+00 5.523635973267344151e-02
1.011500000000000000e+04 9.606185498684957080e-01 5.530449721139341079e-02
1.015000000000000000e+04 1.227702610037555431e+00 5.530668013386735166e-02
1.018500000000000000e+04 1.152479156878672084e+00 5.542974289807042071e-02
1.022000000000000000e+04 1.251498859305293143e+00 5.556998884733412719e-02
1.025500000000000000e+04 1.177145729096979787e+00 5.605838131545225200e-02
1.028900000000000000e+04 1.201968137737814635e+00 5.604507943259799674e-02
1.032400000000000000e+04 1.218964706582657875e+00 5.576750374092279833e-02
1.035900000000000000e+04 1.173361619556864577e+00 5.623727430841494318e-02
1.039400000000000000e+04 1.218921159639515528e+00 5.616705713110471676e-02
1.042900000000000000e+04 1.138657390418305715e+00 5.610883867424419635e-02
1.046400000000000000e+04 1.142186487824662366e+00 5.602394980069382024e-02
1.049900000000000000e+04 1.308666838465955440e+00 5.590899630812289078e-02
1.053300000000000000e+04 1.281525496497475158e+00 5.613354924525743028e-02
1.056800000000000000e+04 1.276167898915378851e+00 5.620597004950707992e-02
1.060300000000000000e+04 1.279579319405742099e+00 5.564834665658800750e-02
1.063800000000000000e+04 1.215481383983199715e+00 5.574028266704369322e-02
1.067300000000000000e+04 1.206520206633076020e+00 5.599395938881102097e-02
1.075800000000000000e+04 1.254442704352622728e+00 5.581701718739967566e-02
1.079300000000000000e+04 1.238799929649078146e+00 5.598947984345772899e-02
1.082800000000000000e+04 1.161539138758596712e+00 5.594230073429388994e-02
1.086300000000000000e+04 1.214324417963022151e+00 5.636787133008459849e-02
1.089700000000000000e+04 1.154655389774131846e+00 5.611133666985234497e-02
1.093200000000000000e+04 1.340894211023757165e+00 5.655361442928349969e-02
1.096700000000000000e+04 1.262469786979061315e+00 5.653850190241963003e-02
1.100200000000000000e+04 1.049017481075055214e+00 5.624894328278835093e-02
1.103700000000000000e+04 1.101601185888637424e+00 5.623145452515522502e-02
1.107200000000000000e+04 1.217022183788445178e+00 5.614519574272154590e-02
1.110700000000000000e+04 1.303839864420612615e+00 5.615084723515049309e-02
1.114200000000000000e+04 1.211288937776893393e+00 5.699742634510655132e-02
1.117700000000000000e+04 1.283736946647396460e+00 5.665819449114885969e-02
1.121100000000000000e+04 1.336001422495817881e+00 5.693135661607968967e-02
1.124600000000000000e+04 1.301999264978362936e+00 5.643448786466385286e-02
1.128100000000000000e+04 1.254028503956950313e+00 5.676212029446574270e-02
1.131600000000000000e+04 1.204143755765882062e+00 5.637790162946778455e-02
1.135100000000000000e+04 1.331264511122409955e+00 5.690535368400836957e-02
1.138600000000000000e+04 1.283868708969011729e+00 5.873085319244281122e-02
1.142100000000000000e+04 1.291958609143613934e+00 6.014095037731808507e-02
1.145600000000000000e+04 1.108712968839209667e+00 5.957240400520326384e-02
1.149100000000000000e+04 1.241501950003985222e+00 6.230094637288816073e-02
1.152500000000000000e+04 1.294687011780100594e+00 6.228141912695154409e-02
1.156000000000000000e+04 1.272292054112572846e+00 6.194070671565923836e-02
1.159500000000000000e+04 1.157232266250357799e+00 6.082309200543698641e-02
1.163000000000000000e+04 1.064861599928706992e+00 5.973998398634544627e-02
1.166500000000000000e+04 1.284591768103043208e+00 5.905585692648795959e-02
1.170000000000000000e+04 1.187701821208178243e+00 5.790380494223593827e-02
1.173500000000000000e+04 1.279981767168464790e+00 5.737454973776011380e-02
1.177000000000000000e+04 1.159712372940034042e+00 5.751867974318959631e-02
1.180500000000000000e+04 1.178662142236513777e+00 5.712147104868701281e-02
1.184000000000000000e+04 1.057002223534787122e+00 5.674460874020099965e-02
1.187400000000000000e+04 1.016638916404258630e+00 5.701848761097266793e-02
1.190900000000000000e+04 1.158557585100818521e+00 5.727711599540513676e-02
1.194400000000000000e+04 1.158410569122777289e+00 5.702372454811262259e-02
1.197900000000000000e+04 1.132112023930999856e+00 5.720396232856780894e-02
1.201400000000000000e+04 1.318636434691849990e+00 5.701343979019982133e-02
1.204900000000000000e+04 1.227030029982376647e+00 5.742666547179235692e-02
1.208400000000000000e+04 1.071648627629573136e+00 5.807318433053777068e-02
1.211900000000000000e+04 1.214223991340674491e+00 5.772253265283783241e-02
1.215400000000000000e+04 1.260608778597382518e+00 5.739454655687987322e-02
1.218800000000000000e+04 1.177026930953075201e+00 5.757269775190499567e-02
1.222300000000000000e+04 1.039334124539300630e+00 5.747568945910885851e-02
1.225800000000000000e+04 1.136896887282693447e+00 5.763933129207759326e-02
1.229300000000000000e+04 1.130466023547526344e+00 5.745949488159766277e-02
1.232800000000000000e+04 1.156355379557034269e+00 5.733151242820389015e-02
1.236300000000000000e+04 1.119530665378292822e+00 5.776774373369646803e-02
1.239800000000000000e+04 1.078129412513785912e+00 5.806942977401185341e-02
1.243200000000000000e+04 9.649472825618599092e-01 5.767916936948706136e-02
1.246700000000000000e+04 1.032769749326574393e+00 5.753461910962165415e-02
