0.000000000000000000e+00 9.811563843409426555e-01 5.031422949313303986e-03
3.500000000000000000e+01 9.995790210795687525e-01 5.021653676775827274e-03
6.900000000000000000e+01 9.857253178593604614e-01 5.035534886220463698e-03
1.040000000000000000e+02 9.938678561429552527e-01 5.047740516517363815e-03
1.390000000000000000e+02 9.853994001826231752e-01 5.023355712287727246e-03
1.740000000000000000e+02 9.879836447844739800e-01 5.038227627229763077e-03
2.090000000000000000e+02 9.907911888601111938e-01 5.039436295114225160e-03
2.440000000000000000e+02 9.779244118525085572e-01 5.011181367382174130e-03
2.790000000000000000e+02 9.873970016266673255e-01 5.055906327406027405e-03
3.130000000000000000e+02 9.875705147831943531e-01 5.030027022621124874e-03
3.480000000000000000e+02 9.843191072604442482e-01 5.030563094225627349e-03
3.830000000000000000e+02 9.886737991372337442e-01 5.011059188685754520e-03
4.180000000000000000e+02 9.776786263600744098e-01 5.031547608569073536e-03
4.530000000000000000e+02 1.002261754398705573e+00 5.033073396945059175e-03
4.880000000000000000e+02 9.942470693216333144e-01 5.010862664543066884e-03
5.230000000000000000e+02 9.908685871094611297e-01 5.006733842713072258e-03
5.570000000000000000e+02 9.869973081478293775e-01 5.006702726928770678e-03
5.930000000000000000e+02 9.759954820511130835e-01 4.972269614776744784e-03
6.280000000000000000e+02 9.909190606685288616e-01 5.009067458830278319e-03
6.620000000000000000e+02 9.803251459973952864e-01 5.018453976814008129e-03
6.970000000000000000e+02 9.832957269314992477e-01 5.023026055215196878e-03
7.320000000000000000e+02 9.945434067386464960e-01 5.020481874695939192e-03
7.670000000000000000e+02 9.851072602685917445e-01 5.013606024148237542e-03
8.020000000000000000e+02 9.932081969019960210e-01 4.998255270568107041e-03
8.370000000000000000e+02 9.890113356953617041e-01 5.003782969323129597e-03
8.710000000000000000e+02 9.945699267898195917e-01 4.978739412536336943e-03
9.060000000000000000e+02 1.001594883472578523e+00 5.022230505220526796e-03
9.410000000000000000e+02 9.963244840291647364e-01 4.987535650019625337e-03
9.760000000000000000e+02 9.989071566041548556e-01 4.981713807392753809e-03
1.011000000000000000e+03 9.985363865926415450e-01 5.000776604449578243e-03
1.046000000000000000e+03 9.987104090664337130e-01 5.014113585039958049e-03
1.081000000000000000e+03 9.897131949071501511e-01 4.995318517623312596e-03
1.116000000000000000e+03 9.893137689758348952e-01 4.990509739948331518e-03
1.151000000000000000e+03 9.939176139425794920e-01 4.927383432005869035e-03
1.185000000000000000e+03 1.009444380883479875e+00 4.958761495855877957e-03
1.220000000000000000e+03 9.932192458815182201e-01 4.938373465942130607e-03
1.255000000000000000e+03 9.894325963436089166e-01 4.953575460993129079e-03
1.290000000000000000e+03 1.012080586854973374e+00 4.963449375858890004e-03
1.325000000000000000e+03 9.980732148309168217e-01 4.952906593768281913e-03
1.360000000000000000e+03 1.006092215170186321e+00 4.964791693534155101e-03
1.395000000000000000e+03 1.005088438023570507e+00 4.978841870907771590e-03
1.429000000000000000e+03 9.984839548906950801e-01 4.949714571006061034e-03
1.464000000000000000e+03 9.958783153459512816e-01 4.987444794027467640e-03
1.499000000000000000e+03 9.933029661372234642e-01 4.966685185965327536e-03
1.534000000000000000e+03 1.008442223193451115e+00 4.983526319137966329e-03
1.569000000000000000e+03 9.903709622214574848e-01 4.969280585873371049e-03
1.604000000000000000e+03 9.956665493183496363e-01 4.984310387985566027e-03
1.638000000000000000e+03 1.003600375668064482e+00 4.974571371281970994e-03
1.673000000000000000e+03 1.009585532925902918e+00 5.000510634130494320e-03
1.708000000000000000e+03 1.000780631935452192e+00 4.948804999514957136e-03
1.817000000000000000e+03 9.940763365663463080e-01 4.950356111579436169e-03
1.852000000000000000e+03 9.987338248845486488e-01 4.981971049284972773e-03
1.887000000000000000e+03 1.000789380482435931e+00 4.982550598985561324e-03
1.922000000000000000e+03 9.983846744927584727e-01 4.990313851410839961e-03
1.957000000000000000e+03 9.989253992402575832e-01 4.963554963914354815e-03
1.991000000000000000e+03 1.010187599132999159e+00 4.992248414953127759e-03
2.026000000000000000e+03 1.004293029381579494e+00 4.980650355178011662e-03
2.061000000000000000e+03 1.000069554152551499e+00 4.989731097120760940e-03
2.096000000000000000e+03 1.002135027723354055e+00 4.994766314236240637e-03
2.131000000000000000e+03 1.002876255294801622e+00 4.964495121252261896e-03
2.166000000000000000e+03 1.015787272191742696e+00 5.004518364507938057e-03
2.201000000000000000e+03 1.000230113501916707e+00 5.015474971285465919e-03
2.235000000000000000e+03 9.983181155131690687e-01 4.985396910033702486e-03
2.270000000000000000e+03 9.963069033274660757e-01 4.983073088457376162e-03
2.305000000000000000e+03 1.004699573107767030e+00 5.001558757846360018e-03
2.340000000000000000e+03 9.972024910833526823e-01 4.991081945526595898e-03
2.375000000000000000e+03 1.010052923761986854e+00 5.023517984073490143e-03
2.410000000000000000e+03 9.927716320759258917e-01 5.009614717954856931e-03
2.445000000000000000e+03 9.998891387692537824e-01 4.985284148576688695e-03
2.480000000000000000e+03 9.972645445817402976e-01 4.973877033194414043e-03
2.514000000000000000e+03 1.001116499200581655e+00 5.001131798348638739e-03
2.549000000000000000e+03 9.965150290611461958e-01 4.997823426904681073e-03
2.584000000000000000e+03 9.972014913901511290e-01 4.989226257154830667e-03
2.619000000000000000e+03 1.005302682314015650e+00 5.010480572365819119e-03
2.654000000000000000e+03 1.015526000554205055e+00 5.051102709361759459e-03
2.689000000000000000e+03 9.928360010624323051e-01 4.999825831814940988e-03
2.723000000000000000e+03 1.003837082080429433e+00 4.975691329173666591e-03
2.758000000000000000e+03 1.000289780687470875e+00 5.012308230807356775e-03
2.793000000000000000e+03 9.976745115118341722e-01 4.994271922452988774e-03
2.828000000000000000e+03 9.825616248274444686e-01 4.967397507960698809e-03
2.863000000000000000e+03 9.768146476764799635e-01 4.978200350478248319e-03
2.898000000000000000e+03 1.003787942177202464e+00 5.004805219112386412e-03
2.933000000000000000e+03 9.935199048714642434e-01 5.006917649210307526e-03
2.967000000000000000e+03 9.917025262645862149e-01 4.997237902171067746e-03
3.002000000000000000e+03 9.861148479188243110e-01 4.995300333073395514e-03
3.037000000000000000e+03 1.005311402091356054e+00 5.035633888136377238e-03
3.072000000000000000e+03 9.912286860234765795e-01 5.036865412406432534e-03
3.107000000000000000e+03 1.004881131944085793e+00 5.091616685234086684e-03
3.142000000000000000e+03 9.976142174099016380e-01 5.067375863003227739e-03
3.177000000000000000e+03 9.987825721991955286e-01 5.033263690149353091e-03
3.212000000000000000e+03 9.950869471087638862e-01 5.059587087437352436e-03
3.247000000000000000e+03 9.909215040689477449e-01 5.059361811271789397e-03
3.281000000000000000e+03 1.010527378069481008e+00 5.069130160713730335e-03
3.316000000000000000e+03 9.952070268560228028e-01 5.062535218990591238e-03
3.351000000000000000e+03 9.899396999084389970e-01 5.041250787555677515e-03
3.386000000000000000e+03 9.896646693398324368e-01 5.055039689096831566e-03
3.421000000000000000e+03 9.955415646151952735e-01 5.081208571867897039e-03
3.456000000000000000e+03 9.847130812911739639e-01 5.087946971760739893e-03
3.491000000000000000e+03 9.945344524052460722e-01 5.093309802056873899e-03
3.525000000000000000e+03 1.000823567169054851e+00 5.118249963126980141e-03
3.615000000000000000e+03 9.973220704771851297e-01 5.134456001417488438e-03
3.649000000000000000e+03 9.863619147119120356e-01 5.098902983904410845e-03
3.684000000000000000e+03 9.920222952080230971e-01 5.076744484779661948e-03
3.719000000000000000e+03 9.850749210761368113e-01 5.090258397904425837e-03
3.754000000000000000e+03 1.011985817670810750e+00 5.122032571050998476e-03
3.789000000000000000e+03 9.905255846272820186e-01 5.116308226264023110e-03
3.824000000000000000e+03 9.823969787463677772e-01 5.121068295364563858e-03
3.859000000000000000e+03 9.954362831602455719e-01 5.157318281765288330e-03
3.893000000000000000e+03 1.000770331234261290e+00 5.135736925482956884e-03
3.928000000000000000e+03 9.993319481775775337e-01 5.128446747834807147e-03
3.963000000000000000e+03 9.846240277425123422e-01 5.119287520236556234e-03
3.998000000000000000e+03 9.952845702202256506e-01 5.128406797963436931e-03
4.033000000000000000e+03 9.943575260641556168e-01 5.112780019678095020e-03
4.068000000000000000e+03 1.008368103782111946e+00 5.142198866884404272e-03
4.103000000000000000e+03 9.835270822841936100e-01 5.155433881997693694e-03
4.138000000000000000e+03 1.005760463653862624e+00 5.138048897613910378e-03
4.173000000000000000e+03 9.912637259648610089e-01 5.105849948165038649e-03
4.207000000000000000e+03 9.979651055192669817e-01 5.135368535859597544e-03
4.242000000000000000e+03 9.910202611803955453e-01 5.128057907502031089e-03
4.277000000000000000e+03 9.930075457283602525e-01 5.128266806192903482e-03
4.312000000000000000e+03 9.993511198959770248e-01 5.121304527342337466e-03
4.347000000000000000e+03 1.002425209955614127e+00 5.131987840197633870e-03
4.382000000000000000e+03 9.922488653736405428e-01 5.129426349961020530e-03
4.417000000000000000e+03 9.868693856553888422e-01 5.123905938452475231e-03
4.451000000000000000e+03 9.943061117535663129e-01 5.142308596187287854e-03
4.486000000000000000e+03 9.835960238644745335e-01 5.131806737405019032e-03
4.521000000000000000e+03 1.004243512976100705e+00 5.175331023756523686e-03
4.556000000000000000e+03 9.880972871153507198e-01 5.172185977620963500e-03
4.591000000000000000e+03 9.959213522642595962e-01 5.161145135934186445e-03
4.626000000000000000e+03 9.887267552511779245e-01 5.163463402941326219e-03
4.661000000000000000e+03 1.003350137936728448e+00 5.170094540066936563e-03
4.696000000000000000e+03 9.915226558689418379e-01 5.173989468771652937e-03
4.731000000000000000e+03 9.879823373156814137e-01 5.167083066288091601e-03
4.766000000000000000e+03 9.907264046604223884e-01 5.195695887630054702e-03
4.800000000000000000e+03 9.852612158390707808e-01 5.153083349242251580e-03
4.835000000000000000e+03 9.836057435844256513e-01 5.175877418724502722e-03
4.870000000000000000e+03 9.955415982160351618e-01 5.206583321224874696e-03
4.905000000000000000e+03 9.779073736723022936e-01 5.238072291092896182e-03
4.940000000000000000e+03 9.957912939516098128e-01 5.208747943441751488e-03
4.975000000000000000e+03 9.830948811315951552e-01 5.202552961091374932e-03
5.009000000000000000e+03 9.811192473673958636e-01 5.208783705595364071e-03
5.044000000000000000e+03 9.777833035456720001e-01 5.241806669637057506e-03
5.079000000000000000e+03 9.874882044654147428e-01 5.199189329351813944e-03
5.114000000000000000e+03 9.919815820728139499e-01 5.228475521185630900e-03
5.149000000000000000e+03 9.914783749055670059e-01 5.261592803085581374e-03
5.184000000000000000e+03 9.802466162080731849e-01 5.268687926131800786e-03
5.219000000000000000e+03 9.786811177957086549e-01 5.254356171098608329e-03
5.254000000000000000e+03 9.787374930168332154e-01 5.261447039059412648e-03
5.289000000000000000e+03 9.889113171761776400e-01 5.302407793507575053e-03
5.323000000000000000e+03 9.942906835650764386e-01 5.294076883930270115e-03
5.400000000000000000e+03 9.814058014221612725e-01 5.275081276624809037e-03
5.435000000000000000e+03 9.806651111390637388e-01 5.281442445717505346e-03
5.470000000000000000e+03 9.930520595465165412e-01 5.344689467788658194e-03
5.505000000000000000e+03 9.843202610090534543e-01 5.336755347704782819e-03
5.540000000000000000e+03 9.824545350330111670e-01 5.310127013869348801e-03
5.574000000000000000e+03 9.803906614623062454e-01 5.232455135014748952e-03
5.609000000000000000e+03 9.902575943807281345e-01 5.281563847660266167e-03
5.644000000000000000e+03 9.836361039362360170e-01 5.289379508782082739e-03
5.679000000000000000e+03 9.837742053366718142e-01 5.304678206685670486e-03
5.714000000000000000e+03 9.960646533939877534e-01 5.316549461939732400e-03
5.749000000000000000e+03 9.862658197447903285e-01 5.310753718885387505e-03
5.784000000000000000e+03 9.950728185809618598e-01 5.306955838751157423e-03
5.819000000000000000e+03 9.890581694078300901e-01 5.330226670866192867e-03
5.853000000000000000e+03 9.884005948226032290e-01 5.333226817067633109e-03
5.888000000000000000e+03 9.959334121547565033e-01 5.344258104764259935e-03
5.923000000000000000e+03 9.951209820512890714e-01 5.330866709625377634e-03
5.958000000000000000e+03 9.824509866575935613e-01 5.297450135121744078e-03
5.993000000000000000e+03 1.000517911906975144e+00 5.349327518827757741e-03
6.028000000000000000e+03 9.723896595165515411e-01 5.322948377607670915e-03
6.063000000000000000e+03 9.785600005405272750e-01 5.343082727317373729e-03
6.098000000000000000e+03 9.878430054619339318e-01 5.367828195272668530e-03
6.132000000000000000e+03 9.957404631875759193e-01 5.351279287214099310e-03
6.167000000000000000e+03 9.922430121863504704e-01 5.364397352676029788e-03
6.202000000000000000e+03 9.936452506257044126e-01 5.386359144802412534e-03
6.237000000000000000e+03 9.898701785500699790e-01 5.371843761660649759e-03
6.272000000000000000e+03 9.910237068507338209e-01 5.368173393689460761e-03
6.307000000000000000e+03 1.002169781807894289e+00 5.380434927031016966e-03
6.342000000000000000e+03 9.840925885936386841e-01 5.328386644758089860e-03
6.377000000000000000e+03 9.918551569881154384e-01 5.374522783625369088e-03
6.412000000000000000e+03 9.925396642646893142e-01 5.373447651171847292e-03
6.446000000000000000e+03 9.856849687152248185e-01 5.363312111648080825e-03
6.481000000000000000e+03 9.769426553453787188e-01 5.345054608850752925e-03
6.516000000000000000e+03 9.761875359991831758e-01 5.298077419260993105e-03
6.551000000000000000e+03 9.829535380132917721e-01 5.285957678872738388e-03
6.586000000000000000e+03 9.853675216019358585e-01 5.289772671165779080e-03
6.621000000000000000e+03 9.802386277489938404e-01 5.298603373333793387e-03
6.655000000000000000e+03 9.909071300847727137e-01 5.328972722426193048e-03
6.690000000000000000e+03 9.999304458474486124e-01 5.296336195724025975e-03
6.725000000000000000e+03 1.003333390246826218e+00 5.329446822217752920e-03
6.760000000000000000e+03 9.863299654879745804e-01 5.295434565164875741e-03
6.795000000000000000e+03 1.001510345484941888e+00 5.302427635335602886e-03
6.830000000000000000e+03 1.007638952603354010e+00 5.345887511053299193e-03
6.865000000000000000e+03 9.918693611814733968e-01 5.345237551233115655e-03
6.899000000000000000e+03 9.904923530812338450e-01 5.345333689193563186e-03
6.934000000000000000e+03 9.922303358607619250e-01 5.356649352357543969e-03
6.969000000000000000e+03 1.025593349227165385e+00 5.350836982001837792e-03
7.004000000000000000e+03 9.986607520698305152e-01 5.344509138413684919e-03
7.039000000000000000e+03 9.953702251756575414e-01 5.340936088343029194e-03
7.074000000000000000e+03 9.951480961064286257e-01 5.327846697185500101e-03
7.109000000000000000e+03 9.990860033945151431e-01 5.344922432811157788e-03
7.179000000000000000e+03 1.002509214458938924e+00 5.358387283644462998e-03
7.214000000000000000e+03 1.011081827373686570e+00 5.395856809899893768e-03
7.249000000000000000e+03 1.005958114269131620e+00 5.381818420584700766e-03
7.284000000000000000e+03 1.011325935924850317e+00 5.398246744396372442e-03
7.319000000000000000e+03 1.001113760774376082e+00 5.376215525580129058e-03
7.354000000000000000e+03 1.019889304603929903e+00 5.391016274384763385e-03
7.389000000000000000e+03 9.942452842280193881e-01 5.347714184621534146e-03
7.424000000000000000e+03 1.002119073206806599e+00 5.326069939062252553e-03
7.459000000000000000e+03 1.016562442792068754e+00 5.348590261178064707e-03
7.493000000000000000e+03 1.011918894482575437e+00 5.318124655988763771e-03
7.528000000000000000e+03 1.013088237241918321e+00 5.333625449455535114e-03
7.563000000000000000e+03 1.008900689268728890e+00 5.311814626070749702e-03
7.598000000000000000e+03 9.998584724653862832e-01 5.286270118861055578e-03
7.633000000000000000e+03 9.979818994069333815e-01 5.288553990786349322e-03
7.668000000000000000e+03 1.008362009471029719e+00 5.330976168865172136e-03
7.703000000000000000e+03 1.011230759017015979e+00 5.347310970233576724e-03
7.738000000000000000e+03 1.002565041074087171e+00 5.341682451155308799e-03
7.773000000000000000e+03 9.976262453684143772e-01 5.333151588331501089e-03
7.808000000000000000e+03 1.009503019336589702e+00 5.391022262860887225e-03
7.843000000000000000e+03 9.998337637045495718e-01 5.330729276297553609e-03
7.878000000000000000e+03 1.002000911448187592e+00 5.365428457305241629e-03
7.913000000000000000e+03 1.002550336421822896e+00 5.358978923798034082e-03
7.947000000000000000e+03 1.001585072391244724e+00 5.387742685267309962e-03
7.982000000000000000e+03 1.015878987328825644e+00 5.379863481472125543e-03
8.017000000000000000e+03 1.006652950387307621e+00 5.357859023032900646e-03
8.052000000000000000e+03 1.007834236306414999e+00 5.390770900789927482e-03
8.087000000000000000e+03 1.017016823890714905e+00 5.413956955624694110e-03
8.122000000000000000e+03 1.003406816295140613e+00 5.372995322081706993e-03
8.157000000000000000e+03 1.006742250602790989e+00 5.403774759136974713e-03
8.192000000000000000e+03 1.011413018224613269e+00 5.410629711997932967e-03
8.227000000000000000e+03 1.022348981221579356e+00 5.451657249972105893e-03
8.261000000000000000e+03 1.010875579852087869e+00 5.438803044189717724e-03
8.296000000000000000e+03 1.019971565736711439e+00 5.517681859550841936e-03
8.331000000000000000e+03 1.010307227416269438e+00 5.498613636997685787e-03
8.366000000000000000e+03 1.015725334271349256e+00 5.494984334877510770e-03
8.401000000000000000e+03 1.011485546284546011e+00 5.518125026963158729e-03
8.436000000000000000e+03 1.018759956916008846e+00 5.500034275328404172e-03
8.471000000000000000e+03 1.012711059240142042e+00 5.518467061586483299e-03
8.506000000000000000e+03 1.007140119861619221e+00 5.526367790945613603e-03
8.541000000000000000e+03 1.039499025144314359e+00 1.000000000000000000e+09
8.576000000000000000e+03 1.039499025144314359e+00 3.973946967486434619e-03
8.610000000000000000e+03 1.026047245773628491e+00 3.986574188367801932e-03
8.645000000000000000e+03 1.028320678424172074e+00 3.957407231289548737e-03
8.680000000000000000e+03 1.028117802679307191e+00 3.975286309528535365e-03
8.715000000000000000e+03 1.033959567169143057e+00 3.978981407922904147e-03
8.750000000000000000e+03 1.030349516992468795e+00 3.982506705635527680e-03
8.785000000000000000e+03 1.032874069461950262e+00 3.995712594068676418e-03
8.820000000000000000e+03 1.024519185628541162e+00 3.963072656337874450e-03
8.855000000000000000e+03 1.031326776002315926e+00 3.976845932125387846e-03
8.890000000000000000e+03 1.014710066386330656e+00 1.000000000000000000e+09
8.965000000000000000e+03 1.014710066386330656e+00 3.807320615542873939e-03
9.000000000000000000e+03 1.022259997720065705e+00 3.824358512543653710e-03
9.035000000000000000e+03 1.011664150599804524e+00 3.820471256093933583e-03
9.069000000000000000e+03 1.021509967707892264e+00 3.808164454355977922e-03
9.104000000000000000e+03 1.026479280681365180e+00 3.813949821949083521e-03
9.139000000000000000e+03 1.021004460783115686e+00 3.825863527082305413e-03
9.174000000000000000e+03 1.019392741844757477e+00 3.817947572046725448e-03
9.209000000000000000e+03 1.031451802011119190e+00 1.000000000000000000e+09
9.244000000000000000e+03 1.031451802011119190e+00 3.821220008267618533e-03
9.278000000000000000e+03 1.024509455253996393e+00 3.821633168066227229e-03
9.313000000000000000e+03 1.009126737785117633e+00 3.827311173363508352e-03
9.348000000000000000e+03 1.030750231432982833e+00 3.816432596175479454e-03
9.383000000000000000e+03 1.033353463561062613e+00 3.848421001899256667e-03
9.418000000000000000e+03 1.022777333946401246e+00 3.822807142816278449e-03
9.453000000000000000e+03 1.011094122536735584e+00 3.816402218808889399e-03
9.488000000000000000e+03 1.018643496364952217e+00 3.835378854610951415e-03
9.522000000000000000e+03 1.026044432044658006e+00 3.819149053917733974e-03
9.557000000000000000e+03 1.019534991368545418e+00 3.835338543578085957e-03
9.592000000000000000e+03 1.015714233175526005e+00 3.827372248457147977e-03
9.627000000000000000e+03 1.013455309030740770e+00 3.838109383845141574e-03
9.662000000000000000e+03 1.032019766059324661e+00 3.835198794496270588e-03
9.697000000000000000e+03 1.026730444649244012e+00 3.881778871570028180e-03
9.732000000000000000e+03 1.021622648108384768e+00 3.828338281116878180e-03
9.767000000000000000e+03 1.004487814468525420e+00 3.819895139152830986e-03
9.801000000000000000e+03 1.030251485766450426e+00 3.836645225938006658e-03
9.836000000000000000e+03 1.021637845171624148e+00 3.865183059261237744e-03
9.871000000000000000e+03 1.020689712747201883e+00 3.841333784637267646e-03
9.906000000000000000e+03 1.008482411786837396e+00 3.819398868183070898e-03
9.941000000000000000e+03 1.018039465076850059e+00 3.855038505912779852e-03
9.976000000000000000e+03 1.027428724846949581e+00 3.848388358964457013e-03
1.001100000000000000e+04 1.010746359351881729e+00 3.841366552144045033e-03
1.004500000000000000e+04 1.012073469864227304e+00 3.834036628434758960e-03
1.008000000000000000e+04 1.012826423216057314e+00 3.828425468600989926e-03
1.011500000000000000e+04 1.036994783282273014e+00 3.852046105522696079e-03
1.015000000000000000e+04 1.011495237844138195e+00 3.825691261293466018e-03
1.018500000000000000e+04 1.010240358057023391e+00 3.839778545260645083e-03
1.022000000000000000e+04 9.992931325075949944e-01 3.837156984712975644e-03
1.025500000000000000e+04 1.009410150955813323e+00 3.860876238708406839e-03
1.028900000000000000e+04 1.007242738534853688e+00 3.863259488168163409e-03
1.032400000000000000e+04 1.006070190054171087e+00 3.847640304868691751e-03
1.035900000000000000e+04 1.003083372533704498e+00 3.868420923859548343e-03
1.039400000000000000e+04 1.003492121668210890e+00 3.859953414384025092e-03
1.042900000000000000e+04 1.029004839872476706e+00 3.877027462620326933e-03
1.046400000000000000e+04 1.009485213402603776e+00 3.870796697421455355e-03
1.049900000000000000e+04 1.001302569809519483e+00 3.844723126047018720e-03
1.053300000000000000e+04 9.983561249785628533e-01 3.859367572729599256e-03
1.056800000000000000e+04 1.035059580246654454e+00 3.884485564537679212e-03
1.060300000000000000e+04 9.957467168797292656e-01 3.836373057860298710e-03
1.063800000000000000e+04 9.967017216732870777e-01 3.840970190331059481e-03
1.067300000000000000e+04 1.010461367373826747e+00 3.871712210299204943e-03
1.075800000000000000e+04 1.011025889508588405e+00 3.852042709434101708e-03
1.079300000000000000e+04 1.003012671596309247e+00 3.861490135121538065e-03
1.082800000000000000e+04 1.009582277123436400e+00 3.866961632015006225e-03
1.086300000000000000e+04 1.013717862602325326e+00 3.885336128994647947e-03
1.089700000000000000e+04 1.001026647803200609e+00 3.872380305995150578e-03
1.093200000000000000e+04 1.000132241428230762e+00 3.886856410286327213e-03
1.096700000000000000e+04 1.008148835518663633e+00 3.894798555557641654e-03
1.100200000000000000e+04 1.012870450768799779e+00 3.884890802240791377e-03
1.103700000000000000e+04 9.976610389891902297e-01 3.877445490002943800e-03
1.107200000000000000e+04 1.003180813733518528e+00 3.873243473791383468e-03
1.110700000000000000e+04 1.008015508659081183e+00 3.872673133487902243e-03
1.114200000000000000e+04 1.002102957782582848e+00 3.920380128575059672e-03
1.117700000000000000e+04 1.010925746123510827e+00 3.894695780194265631e-03
1.121100000000000000e+04 1.005675643559619692e+00 3.914901837493930253e-03
1.124600000000000000e+04 1.009753423194651223e+00 3.891048369946572324e-03
1.128100000000000000e+04 1.002374971607198129e+00 3.904517166031968699e-03
1.131600000000000000e+04 1.005786309153114289e+00 3.885971182562835292e-03
1.135100000000000000e+04 1.005269425293662922e+00 3.907050987987989617e-03
1.138600000000000000e+04 9.965819797366567423e-01 3.998268665655089343e-03
1.142100000000000000e+04 9.950580259647768822e-01 4.069715504420251019e-03
1.145600000000000000e+04 1.008167175724758335e+00 4.057264095924746974e-03
1.149100000000000000e+04 9.985499319470896307e-01 4.194864965939337602e-03
1.152500000000000000e+04 9.973946767490224907e-01 4.186309904292574019e-03
1.156000000000000000e+04 9.943999297426446837e-01 4.169826341003971329e-03
1.159500000000000000e+04 1.000542098645895717e+00 4.119962847951902721e-03
1.163000000000000000e+04 1.000801493101947770e+00 4.066152782647224767e-03
1.166500000000000000e+04 1.009252044659828096e+00 4.028775659078690126e-03
1.170000000000000000e+04 1.003239947285085032e+00 3.965740341357651931e-03
1.173500000000000000e+04 9.998514418200448173e-01 3.936420075994523544e-03
1.177000000000000000e+04 1.005338377215316381e+00 3.951558204584569751e-03
1.180500000000000000e+04 1.006218761142180007e+00 3.932400724442461706e-03
1.184000000000000000e+04 1.008438042595668493e+00 3.918668138258647737e-03
1.187400000000000000e+04 1.000739618879717296e+00 3.926278197428119052e-03
1.190900000000000000e+04 1.015450375914880299e+00 3.947268870381627319e-03
1.194400000000000000e+04 1.008417251640102874e+00 3.929589771280247827e-03
1.197900000000000000e+04 1.012911230414276886e+00 3.939002201726679239e-03
1.201400000000000000e+04 1.001389272216595572e+00 3.913403618393266475e-03
1.204900000000000000e+04 1.009269092043315608e+00 3.947216207539835930e-03
1.208400000000000000e+04 1.010597929589782673e+00 3.990324046823537189e-03
1.211900000000000000e+04 1.007781683446547172e+00 3.961699542574323961e-03
1.215400000000000000e+04 1.007064374387661498e+00 3.943180360314287210e-03
1.218800000000000000e+04 1.001275918967402978e+00 3.952464593595972873e-03
1.222300000000000000e+04 1.007275305865538373e+00 3.955117182239530939e-03
1.225800000000000000e+04 1.012407677847442233e+00 3.955265176068972245e-03
1.229300000000000000e+04 9.937246253727972656e-01 3.936420692477743920e-03
1.232800000000000000e+04 1.002623095910317952e+00 3.935186874315723358e-03
1.236300000000000000e+04 1.003914330296227453e+00 3.957424554560672741e-03
1.239800000000000000e+04 1.003729788294309921e+00 3.978689555819385840e-03
1.243200000000000000e+04 1.006579213469820377e+00 3.960991007484021727e-03
1.246700000000000000e+04 9.956552978435427859e-01 3.938394398187757516e-03
