0.000000000000000000e+00 9.846858691572911715e-01 6.221505739943200899e-03
3.500000000000000000e+01 9.847477391970224092e-01 6.197221989478768171e-03
6.900000000000000000e+01 9.694416079529049046e-01 6.219334105562515300e-03
1.040000000000000000e+02 9.927778040221868494e-01 6.234501084083276731e-03
1.390000000000000000e+02 9.921875055179306679e-01 6.208212210746620087e-03
1.740000000000000000e+02 9.895160517176561088e-01 6.230390548614701124e-03
2.090000000000000000e+02 9.853851154535444579e-01 6.229142184221546884e-03
2.440000000000000000e+02 9.865063967852427673e-01 6.194181742697651635e-03
2.790000000000000000e+02 1.002410243619686447e+00 6.252395675355852840e-03
3.130000000000000000e+02 9.897082327254776990e-01 6.219748062157997269e-03
3.480000000000000000e+02 1.000836836208974567e+00 6.225350545333153789e-03
3.830000000000000000e+02 9.890978158612355742e-01 6.192884120421672696e-03
4.180000000000000000e+02 9.881485152459036359e-01 6.223187498493097311e-03
4.530000000000000000e+02 9.974172730815679122e-01 6.219465317015430809e-03
4.880000000000000000e+02 9.885212862322716454e-01 6.188969428530229425e-03
5.230000000000000000e+02 9.919990595760485030e-01 6.184843416419512352e-03
5.570000000000000000e+02 9.818001040991090056e-01 6.185993844602619487e-03
5.930000000000000000e+02 9.906076551028286659e-01 6.152669405028262165e-03
6.280000000000000000e+02 9.925931275563893985e-01 6.194806562601215365e-03
6.620000000000000000e+02 1.000694922368449813e+00 6.215986643744807194e-03
6.970000000000000000e+02 1.003808813981931225e+00 6.218995666759625542e-03
7.320000000000000000e+02 9.822962957803293982e-01 6.201586427434515117e-03
7.670000000000000000e+02 9.914233927841544780e-01 6.203745386318179796e-03
8.020000000000000000e+02 9.930415051392038617e-01 6.179182525451949390e-03
8.370000000000000000e+02 9.920611304334984171e-01 6.187407515482984226e-03
8.710000000000000000e+02 9.975048938541624111e-01 6.150573952079867526e-03
9.060000000000000000e+02 1.000856502297395867e+00 6.207105199746268225e-03
9.410000000000000000e+02 1.001871409838034355e+00 6.165890853396216800e-03
9.760000000000000000e+02 9.963129168709597971e-01 6.154231695591495452e-03
1.011000000000000000e+03 1.008530697724393965e+00 6.179553971656404597e-03
1.046000000000000000e+03 1.007465695335029832e+00 6.202284479548272368e-03
1.081000000000000000e+03 9.962800212329465666e-01 6.174803539240535447e-03
1.116000000000000000e+03 9.949035156205768837e-01 6.169614264770893926e-03
1.151000000000000000e+03 1.007635854819088017e+00 6.089121635737908787e-03
1.185000000000000000e+03 1.017667266249034919e+00 6.128273270623427367e-03
1.220000000000000000e+03 1.001447177216691964e+00 6.104077968142513494e-03
1.255000000000000000e+03 1.009650499707542393e+00 6.126494425514753331e-03
1.290000000000000000e+03 1.003377047442539638e+00 6.122996538106228320e-03
1.325000000000000000e+03 1.009214259245831302e+00 6.122687139107765159e-03
1.360000000000000000e+03 1.001872541486455548e+00 6.132206029209629795e-03
1.395000000000000000e+03 1.014937370137972694e+00 6.157249071030154036e-03
1.429000000000000000e+03 1.003154862250251966e+00 6.120384278203494510e-03
1.464000000000000000e+03 1.006649217964806775e+00 6.167022999879498944e-03
1.499000000000000000e+03 1.004195906356792678e+00 6.140145721603489266e-03
1.534000000000000000e+03 1.014918769841457902e+00 6.155741630254695819e-03
1.569000000000000000e+03 9.982911509770577840e-01 6.146968936651025020e-03
1.604000000000000000e+03 1.020190961512909666e+00 6.170108690112709703e-03
1.638000000000000000e+03 1.008659808385691692e+00 6.144899587224693024e-03
1.673000000000000000e+03 1.030170559704356004e+00 6.185163798206625395e-03
1.708000000000000000e+03 9.962833660320636886e-01 6.112570664547927433e-03
1.817000000000000000e+03 1.004391981283990765e+00 6.118883111036849294e-03
1.852000000000000000e+03 1.004529276964565065e+00 6.161155041687606249e-03
1.887000000000000000e+03 1.008745527592378233e+00 6.157865137636660095e-03
1.922000000000000000e+03 1.015302908824738282e+00 6.176189264816862347e-03
1.957000000000000000e+03 9.961189795884419773e-01 6.131225028866474878e-03
1.991000000000000000e+03 1.008567610199285536e+00 6.162523110218528360e-03
2.026000000000000000e+03 1.006287259088071817e+00 6.153241816128727365e-03
2.061000000000000000e+03 1.009914666799385685e+00 6.169900676448294811e-03
2.096000000000000000e+03 1.004256503134310252e+00 6.164605185200995249e-03
2.131000000000000000e+03 1.016293429328469555e+00 6.139351983706601776e-03
2.166000000000000000e+03 1.017683835820870408e+00 6.180751361998789405e-03
2.201000000000000000e+03 1.013527742222704697e+00 6.203781305020198561e-03
2.235000000000000000e+03 1.017939369097104807e+00 6.162229232547371087e-03
2.270000000000000000e+03 1.003422618644161268e+00 6.163239385616368742e-03
2.305000000000000000e+03 1.019099486820130185e+00 6.184596718457108580e-03
2.340000000000000000e+03 1.015216112238727542e+00 6.175517308849094028e-03
2.375000000000000000e+03 1.009340003035632538e+00 6.210416528162845777e-03
2.410000000000000000e+03 1.015123616423840414e+00 6.199446440004969042e-03
2.445000000000000000e+03 9.987223219247558514e-01 6.157164628607245810e-03
2.480000000000000000e+03 1.008239088749975476e+00 6.154011794401278296e-03
2.514000000000000000e+03 1.006075049543112998e+00 6.183985215798180890e-03
2.549000000000000000e+03 1.006331929536119940e+00 6.178330619509564414e-03
2.584000000000000000e+03 1.003510287052931549e+00 6.164254669230392544e-03
2.619000000000000000e+03 1.012572994717602981e+00 6.197409162693313760e-03
2.654000000000000000e+03 1.013384891594408810e+00 6.240092257648122490e-03
2.689000000000000000e+03 1.014307876597765112e+00 6.188651718171061557e-03
2.723000000000000000e+03 1.007462378511924106e+00 6.149718568179929519e-03
2.758000000000000000e+03 1.005385767739708447e+00 6.195990201435128304e-03
2.793000000000000000e+03 9.903598917120673972e-01 6.169563896972732504e-03
2.828000000000000000e+03 9.910253377983857526e-01 6.141682331226835760e-03
2.863000000000000000e+03 1.017642524826777972e+00 6.170529040633288519e-03
2.898000000000000000e+03 1.010972375785641697e+00 6.186773527719378191e-03
2.933000000000000000e+03 1.004172996501927706e+00 6.192051262093733500e-03
2.967000000000000000e+03 1.018077150680123166e+00 6.180561409717031350e-03
3.002000000000000000e+03 1.009548055082172713e+00 6.183670176371942710e-03
3.037000000000000000e+03 1.003057083462423504e+00 6.222470138342021777e-03
3.072000000000000000e+03 1.014656697729582113e+00 6.235422191826157402e-03
3.107000000000000000e+03 1.015222910703831083e+00 6.298556159263143765e-03
3.142000000000000000e+03 1.012158561085493957e+00 6.266841570175298026e-03
3.177000000000000000e+03 1.000809254249766855e+00 6.217885817233929219e-03
3.212000000000000000e+03 1.009354557868296531e+00 6.258823010411957051e-03
3.247000000000000000e+03 9.994177949378504344e-01 6.255934228383492994e-03
3.281000000000000000e+03 1.001713786549655039e+00 6.259762587187293024e-03
3.316000000000000000e+03 1.005453198481255361e+00 6.262814644798108364e-03
3.351000000000000000e+03 9.999532698328758018e-01 6.233955289820757896e-03
3.386000000000000000e+03 1.006510359528177689e+00 6.253543253171271570e-03
3.421000000000000000e+03 9.989865210100836723e-01 6.279694087546256430e-03
3.456000000000000000e+03 1.000632297906047574e+00 6.295194964979054612e-03
3.491000000000000000e+03 1.006925601223913835e+00 6.300386754535982139e-03
3.525000000000000000e+03 1.005668703935461039e+00 6.327817692917590831e-03
3.615000000000000000e+03 9.977058269386076539e-01 6.354674848457827693e-03
3.649000000000000000e+03 9.915566679584478793e-01 6.306315164761741414e-03
3.684000000000000000e+03 9.960493550657956163e-01 6.275081647589676390e-03
3.719000000000000000e+03 1.003779757224000591e+00 6.301058281518523776e-03
3.754000000000000000e+03 1.005728046785520080e+00 6.323160450018443061e-03
3.789000000000000000e+03 1.000887568848208620e+00 6.327475381048350798e-03
3.824000000000000000e+03 1.002534967377747943e+00 6.336297319738359336e-03
3.859000000000000000e+03 9.988462930380757054e-01 6.379149669917595113e-03
3.893000000000000000e+03 1.004438769972325396e+00 6.347583415703675867e-03
3.928000000000000000e+03 1.005542767493697642e+00 6.336641212894495931e-03
3.963000000000000000e+03 9.977918562793480772e-01 6.334642003038808492e-03
3.998000000000000000e+03 9.975386022536902875e-01 6.338900785212571790e-03
4.033000000000000000e+03 9.976584048723623477e-01 6.321322044461126499e-03
4.068000000000000000e+03 1.009547858550656318e+00 6.354965420208480605e-03
4.103000000000000000e+03 1.002239862349641353e+00 6.376977189341772982e-03
4.138000000000000000e+03 1.004523553389218948e+00 6.351100671536518381e-03
4.173000000000000000e+03 9.868696663069415065e-01 6.307706113449560240e-03
4.207000000000000000e+03 1.002432744677419274e+00 6.346467031346850196e-03
4.242000000000000000e+03 1.008452665886477195e+00 6.345689621588489725e-03
4.277000000000000000e+03 9.846801080934434180e-01 6.334783681971638096e-03
4.312000000000000000e+03 9.917396117859612614e-01 6.328539518503654288e-03
4.347000000000000000e+03 9.976846407890420654e-01 6.336982838666789346e-03
4.382000000000000000e+03 9.839184102372475760e-01 6.338029013398624456e-03
4.417000000000000000e+03 9.951810211069309631e-01 6.329994399901039612e-03
4.451000000000000000e+03 9.886186340696807573e-01 6.359848027368070027e-03
4.486000000000000000e+03 9.956832304098892639e-01 6.348051620383999769e-03
4.521000000000000000e+03 9.867811826606646131e-01 6.390615943966895633e-03
4.556000000000000000e+03 9.864008138108045776e-01 6.390647725154284010e-03
4.591000000000000000e+03 9.932657837526960298e-01 6.381708064433527783e-03
4.626000000000000000e+03 9.923551394533988157e-01 6.384031400640655281e-03
4.661000000000000000e+03 9.876583436336452415e-01 6.383766477129682038e-03
4.696000000000000000e+03 9.978592020242363914e-01 6.396850358064684605e-03
4.731000000000000000e+03 1.005123935230080923e+00 6.392587781641620275e-03
4.766000000000000000e+03 9.831447936982165015e-01 6.423319043330343037e-03
4.800000000000000000e+03 9.834581682397847135e-01 6.370553719063867630e-03
4.835000000000000000e+03 1.004132817859719973e+00 6.411043581054682618e-03
4.870000000000000000e+03 9.841873066835219452e-01 6.434948395310959544e-03
4.905000000000000000e+03 9.921121563091911399e-01 6.476024785335538284e-03
4.940000000000000000e+03 9.764491095668572651e-01 6.429371687424458200e-03
4.975000000000000000e+03 9.960228968638216163e-01 6.436769829150717874e-03
5.009000000000000000e+03 9.820945843155884925e-01 6.439439904202756866e-03
5.044000000000000000e+03 9.792113170609237915e-01 6.478040581409121382e-03
5.079000000000000000e+03 9.823038481110722975e-01 6.421451633585956165e-03
5.114000000000000000e+03 9.845991084164992246e-01 6.457981065700410181e-03
5.149000000000000000e+03 9.928467560526489377e-01 6.505271421710616918e-03
5.184000000000000000e+03 9.933045553111602421e-01 6.521507610599132192e-03
5.219000000000000000e+03 9.731805352100648676e-01 6.488612266064714904e-03
5.254000000000000000e+03 9.823858950933975764e-01 6.509709281340872282e-03
5.289000000000000000e+03 9.783843615507696878e-01 6.550790208372640235e-03
5.323000000000000000e+03 9.967822531537859909e-01 6.548468445772101520e-03
5.400000000000000000e+03 9.828361663043073682e-01 6.522315902910298495e-03
5.435000000000000000e+03 9.827531439559855642e-01 6.534266119954527594e-03
5.470000000000000000e+03 9.926722951618704993e-01 6.601406687951542722e-03
5.505000000000000000e+03 9.850513078033836800e-01 6.598773725950061834e-03
5.540000000000000000e+03 9.714305023548366336e-01 6.562323847712040435e-03
5.574000000000000000e+03 9.866633309821241093e-01 6.473718646454135715e-03
5.609000000000000000e+03 9.916633201842319778e-01 6.526280127740778647e-03
5.644000000000000000e+03 9.701485664431683809e-01 6.536401745953874035e-03
5.679000000000000000e+03 9.646095403776127064e-01 6.548628105888644121e-03
5.714000000000000000e+03 9.919791815532364998e-01 6.571701767878349552e-03
5.749000000000000000e+03 9.923473210987453497e-01 6.569146844778129928e-03
5.784000000000000000e+03 9.856500419979061789e-01 6.560348757374679166e-03
5.819000000000000000e+03 9.810054718163778720e-01 6.586266941858942743e-03
5.853000000000000000e+03 9.906411231327504341e-01 6.592925262914695571e-03
5.888000000000000000e+03 9.972933258703909898e-01 6.604986716809890281e-03
5.923000000000000000e+03 9.796684080378063042e-01 6.584878109051396991e-03
5.958000000000000000e+03 9.895055597021024107e-01 6.553716795646744898e-03
5.993000000000000000e+03 9.881119929751047692e-01 6.609298702434640398e-03
6.028000000000000000e+03 9.779646894487227238e-01 6.584228017892528734e-03
6.063000000000000000e+03 9.905722190658513560e-01 6.615531471488341440e-03
6.098000000000000000e+03 9.903328202283001591e-01 6.637349801058145017e-03
6.132000000000000000e+03 9.937042823892971999e-01 6.613711937605139778e-03
6.167000000000000000e+03 9.942320814821555830e-01 6.634057521571120990e-03
6.202000000000000000e+03 9.876315018188284167e-01 6.665526606222761836e-03
6.237000000000000000e+03 9.863320956161708564e-01 6.644044216023469937e-03
6.272000000000000000e+03 1.001232465282995143e+00 6.645425708740447350e-03
6.307000000000000000e+03 9.842465218263293236e-01 6.647844545460301902e-03
6.342000000000000000e+03 9.952530635783536361e-01 6.596712136584431500e-03
6.377000000000000000e+03 9.985285798195940865e-01 6.649617429028558367e-03
6.412000000000000000e+03 9.786491819519927970e-01 6.637651268640932037e-03
6.446000000000000000e+03 1.001133101363207212e+00 6.640970851441409077e-03
6.481000000000000000e+03 9.826597693432046476e-01 6.606258879775296286e-03
6.516000000000000000e+03 9.780505139954490668e-01 6.555555131715963893e-03
6.551000000000000000e+03 9.859566064342712988e-01 6.534120956402120727e-03
6.586000000000000000e+03 9.879704178630652756e-01 6.535867179154531380e-03
6.621000000000000000e+03 9.680832328910180529e-01 6.546323828043125979e-03
6.655000000000000000e+03 9.955073034831791734e-01 6.588897546215478906e-03
6.690000000000000000e+03 9.758183087874643391e-01 6.542083170909530204e-03
6.725000000000000000e+03 9.931702071394413744e-01 6.588900340419406171e-03
6.760000000000000000e+03 9.764693413151440682e-01 6.547826894398071744e-03
6.795000000000000000e+03 9.823498836118663702e-01 6.548826881674432894e-03
6.830000000000000000e+03 9.847909666761431868e-01 6.608536861149217831e-03
6.865000000000000000e+03 9.821995088073647295e-01 6.613563353487435757e-03
6.899000000000000000e+03 9.879371201976960837e-01 6.617885414696766944e-03
6.934000000000000000e+03 9.905979871203053344e-01 6.627302698272855182e-03
6.969000000000000000e+03 9.918781990444788255e-01 6.601640662268663286e-03
7.004000000000000000e+03 9.972488070991718523e-01 6.611173632874024590e-03
7.039000000000000000e+03 9.932157220585329238e-01 6.602499807233935467e-03
7.074000000000000000e+03 1.005800573814157772e+00 6.596176053280858494e-03
7.109000000000000000e+03 9.770841015311143574e-01 6.600990514696855604e-03
7.179000000000000000e+03 9.969513800113225521e-01 6.622939830937052234e-03
7.214000000000000000e+03 1.004262296238672691e+00 6.672176157019332580e-03
7.249000000000000000e+03 9.819045060428389649e-01 6.641424339314232900e-03
7.284000000000000000e+03 1.003928935752858687e+00 6.668144571749687506e-03
7.319000000000000000e+03 9.974514480281753137e-01 6.648482544505666947e-03
7.354000000000000000e+03 9.980507129630946661e-01 6.657947848381866492e-03
7.389000000000000000e+03 9.975413535126338438e-01 6.607950685775760419e-03
7.424000000000000000e+03 9.945619996290303577e-01 6.580974491971052290e-03
7.459000000000000000e+03 1.001397636658817536e+00 6.604065482433384149e-03
7.493000000000000000e+03 9.964247251275387685e-01 6.564037709526732503e-03
7.528000000000000000e+03 1.009826173379543723e+00 6.588033844273166219e-03
7.563000000000000000e+03 9.740864267294936374e-01 6.551164083171768897e-03
7.598000000000000000e+03 9.939267206209253525e-01 6.540280728551928734e-03
7.633000000000000000e+03 1.010262512435702975e+00 6.539459999647399650e-03
7.668000000000000000e+03 1.001586512759764513e+00 6.587691273151124668e-03
7.703000000000000000e+03 1.014448471009600228e+00 6.614333077137026819e-03
7.738000000000000000e+03 9.999262021604438111e-01 6.600159796235755688e-03
7.773000000000000000e+03 1.005293811610246779e+00 6.599970767669465464e-03
7.808000000000000000e+03 9.987124428529712272e-01 6.656266009627951306e-03
7.843000000000000000e+03 1.003798926972959249e+00 6.590795618176100573e-03
7.878000000000000000e+03 1.007756022081687686e+00 6.632074010778024262e-03
7.913000000000000000e+03 9.903075281774459393e-01 6.622295101757512403e-03
7.947000000000000000e+03 1.003272510227921410e+00 6.664209777829711162e-03
7.982000000000000000e+03 1.002546917593448272e+00 6.647859246376776506e-03
8.017000000000000000e+03 9.909009743325598585e-01 6.619043314326234981e-03
8.052000000000000000e+03 1.008202741000598035e+00 6.668425355537082808e-03
8.087000000000000000e+03 1.001283388736990743e+00 6.689496868579536924e-03
8.122000000000000000e+03 9.946773749448856172e-01 6.647684871185994063e-03
8.157000000000000000e+03 1.010490495208490769e+00 6.681039190405207821e-03
8.192000000000000000e+03 9.955018141734767179e-01 6.681895544057355786e-03
8.227000000000000000e+03 1.008933005170682184e+00 6.736649160617667539e-03
8.261000000000000000e+03 1.004139654029872819e+00 6.720471466728664828e-03
8.296000000000000000e+03 1.018225488530930978e+00 6.821205815875551470e-03
8.331000000000000000e+03 1.007915917896470726e+00 6.801943924639964820e-03
8.366000000000000000e+03 1.017069147472682955e+00 6.802422064451879406e-03
8.401000000000000000e+03 1.013980300194479822e+00 6.825073969424603169e-03
8.436000000000000000e+03 1.002036081873188600e+00 6.794651450287772856e-03
8.471000000000000000e+03 1.011308524518367280e+00 6.827773302592821981e-03
8.506000000000000000e+03 1.023366104979749780e+00 6.844456877385858042e-03
8.541000000000000000e+03 1.030989532297827527e+00 1.000000000000000000e+09
8.576000000000000000e+03 1.030989532297827527e+00 4.828819469983315973e-03
8.610000000000000000e+03 1.027423830233036073e+00 4.850396555168982708e-03
8.645000000000000000e+03 1.017952438065872212e+00 4.805116384962264224e-03
8.680000000000000000e+03 1.025171316018453238e+00 4.830204237117981768e-03
8.715000000000000000e+03 1.025840841570632600e+00 4.837991977987009772e-03
8.750000000000000000e+03 1.017545647083744065e+00 4.836763512848100792e-03
8.785000000000000000e+03 1.025888024965722511e+00 4.855676339549585240e-03
8.820000000000000000e+03 1.008622025228528063e+00 4.809948971790221732e-03
8.855000000000000000e+03 1.017666233752544835e+00 4.831820224086603999e-03
8.890000000000000000e+03 1.010595049313416149e+00 4.808935297824716570e-03
8.965000000000000000e+03 1.018626791205609505e+00 4.627073214287439132e-03
9.000000000000000000e+03 1.010957624487935913e+00 4.637268802521138898e-03
9.035000000000000000e+03 1.016913322359541239e+00 4.644113405819022544e-03
9.069000000000000000e+03 1.007862068673976541e+00 4.611826555985851402e-03
9.104000000000000000e+03 1.014058341132426877e+00 4.623715712474959702e-03
9.139000000000000000e+03 1.019897128429959166e+00 4.647019029088950495e-03
9.174000000000000000e+03 1.019856281300594247e+00 4.632525509028849638e-03
9.209000000000000000e+03 1.029887299543939427e+00 4.657336899753204869e-03
9.244000000000000000e+03 1.015533339019330406e+00 4.625551292421013067e-03
9.278000000000000000e+03 1.014272634906503434e+00 4.632123533465012759e-03
9.313000000000000000e+03 1.020749923911167256e+00 4.658935645077232415e-03
9.348000000000000000e+03 1.023493667768002435e+00 4.627747397912098000e-03
9.383000000000000000e+03 1.004050154012993135e+00 4.656788494917612348e-03
9.418000000000000000e+03 1.010576732068130923e+00 4.633677899215984768e-03
9.453000000000000000e+03 1.002741005096134508e+00 4.638627065982941534e-03
9.488000000000000000e+03 1.019988171584841341e+00 4.659804912119719193e-03
9.522000000000000000e+03 1.002239209977780376e+00 4.623424651349401608e-03
9.557000000000000000e+03 1.014529839722686289e+00 4.654769864078889610e-03
9.592000000000000000e+03 1.023116802219387278e+00 4.654451204409644147e-03
9.627000000000000000e+03 1.006556369570838161e+00 4.667398446861138056e-03
9.662000000000000000e+03 1.004805862909106118e+00 4.634445309035489964e-03
9.697000000000000000e+03 1.011528883541615631e+00 4.701219599013976846e-03
9.732000000000000000e+03 1.010799567060615578e+00 4.643037246628313290e-03
9.767000000000000000e+03 1.011388912802385631e+00 4.649555698895682307e-03
9.801000000000000000e+03 1.005222467520543450e+00 4.640812012433742639e-03
9.836000000000000000e+03 1.011323800964143649e+00 4.682217550960136691e-03
9.871000000000000000e+03 1.016272304521813830e+00 4.658291983770729977e-03
9.906000000000000000e+03 1.008886198673389245e+00 4.641515722677155668e-03
9.941000000000000000e+03 1.005729161851067754e+00 4.676446297752947200e-03
9.976000000000000000e+03 1.000617084126488976e+00 4.652434883715955878e-03
1.001100000000000000e+04 1.004182195125590260e+00 4.662504125336797839e-03
1.004500000000000000e+04 9.999739833384878596e-01 4.653102898694290099e-03
1.008000000000000000e+04 1.004934761181262681e+00 4.640230544857682805e-03
1.011500000000000000e+04 1.013040366397828462e+00 4.659630255305343381e-03
1.015000000000000000e+04 1.003772258305345888e+00 4.641012684915772450e-03
1.018500000000000000e+04 1.002060240006809488e+00 4.650002863484398001e-03
1.022000000000000000e+04 9.999384989084199038e-01 4.653953872589814376e-03
1.025500000000000000e+04 1.002033210036391786e+00 4.682282020859328438e-03
1.028900000000000000e+04 1.004754445419730580e+00 4.692059760239911982e-03
1.032400000000000000e+04 9.898651308822729034e-01 4.656797015376961703e-03
1.035900000000000000e+04 9.937043573704494870e-01 4.691104862210301180e-03
1.039400000000000000e+04 9.979948019427349326e-01 4.687445963129039349e-03
1.042900000000000000e+04 1.006954144572056675e+00 4.689696959224812570e-03
1.046400000000000000e+04 9.954351245340682386e-01 4.686741617560804922e-03
1.049900000000000000e+04 1.004705038882019563e+00 4.668261288657069540e-03
1.053300000000000000e+04 1.002070797186253026e+00 4.686116900846662610e-03
1.056800000000000000e+04 1.002793737722452949e+00 4.694790843602355407e-03
1.060300000000000000e+04 1.004552321117078373e+00 4.661428046015891197e-03
1.063800000000000000e+04 9.819790276355987446e-01 4.655414767823783800e-03
1.067300000000000000e+04 9.958674687374065027e-01 4.685619065944644085e-03
1.075800000000000000e+04 9.915013215224068865e-01 4.658818074875092571e-03
1.079300000000000000e+04 1.005584233629294388e+00 4.686125894357546541e-03
1.082800000000000000e+04 9.977596029793559529e-01 4.684181137487597631e-03
1.086300000000000000e+04 1.005033158910583424e+00 4.712904318363809672e-03
1.089700000000000000e+04 1.005257775899687900e+00 4.699788670794361779e-03
1.093200000000000000e+04 1.002064156559175467e+00 4.722347183887075708e-03
1.096700000000000000e+04 1.000595848751777206e+00 4.721049240348916716e-03
1.100200000000000000e+04 9.977223756579617353e-01 4.704355806634693410e-03
1.103700000000000000e+04 1.002082245860055121e+00 4.709821001971576000e-03
1.107200000000000000e+04 9.828165579007270836e-01 4.689979842821899447e-03
1.110700000000000000e+04 9.990522614189081274e-01 4.692657791810616458e-03
1.114200000000000000e+04 1.001957105227399225e+00 4.754938346868621719e-03
1.117700000000000000e+04 9.940946179836006591e-01 4.722221783637224959e-03
1.121100000000000000e+04 9.988646128231117860e-01 4.739339302138254051e-03
1.124600000000000000e+04 9.860713684183521899e-01 4.697026849236700038e-03
1.128100000000000000e+04 9.942618648382635094e-01 4.732450143739334696e-03
1.131600000000000000e+04 9.916805270018628216e-01 4.707635083267753748e-03
1.135100000000000000e+04 1.000840797677118310e+00 4.738254583626017209e-03
1.138600000000000000e+04 9.810239860093844522e-01 4.847016795127003300e-03
1.142100000000000000e+04 9.869706433542875246e-01 4.941253618104782253e-03
1.145600000000000000e+04 9.853766206203741218e-01 4.913161656428088192e-03
1.149100000000000000e+04 9.955566815605390030e-01 5.098730598088042736e-03
1.152500000000000000e+04 9.918232015903579724e-01 5.086691298492403493e-03
1.156000000000000000e+04 9.875940091193096126e-01 5.070110913345781019e-03
1.159500000000000000e+04 9.885109258008427657e-01 4.997023390354430813e-03
1.163000000000000000e+04 9.867452262790059603e-01 4.935221726328294437e-03
1.166500000000000000e+04 9.946290046884606051e-01 4.881304510716623878e-03
1.170000000000000000e+04 9.920428986867951826e-01 4.803405788692715478e-03
1.173500000000000000e+04 1.003969763479155120e+00 4.778187168515353293e-03
1.177000000000000000e+04 1.002959069704563833e+00 4.795508298342673024e-03
1.180500000000000000e+04 9.938310694508917242e-01 4.760141872818901207e-03
1.184000000000000000e+04 9.966353150618527668e-01 4.744393791875805774e-03
1.187400000000000000e+04 1.000741898624815329e+00 4.767192221401506461e-03
1.190900000000000000e+04 9.971542612948387507e-01 4.778909027881997514e-03
1.194400000000000000e+04 9.832747973751211346e-01 4.745679772769951371e-03
1.197900000000000000e+04 9.953765836393384525e-01 4.767235187667192425e-03
1.201400000000000000e+04 9.907506965029635460e-01 4.741438586437472964e-03
1.204900000000000000e+04 1.005926073808455223e+00 4.786979535386179201e-03
1.208400000000000000e+04 9.906254240165631719e-01 4.832076775046893237e-03
1.211900000000000000e+04 1.004963115244878580e+00 4.798846214098024740e-03
1.215400000000000000e+04 9.999816136365681229e-01 4.779872165451341977e-03
1.218800000000000000e+04 1.000615926821428081e+00 4.790537257131550521e-03
1.222300000000000000e+04 1.000018386363431766e+00 4.796737300822792593e-03
1.225800000000000000e+04 1.007283409097149418e+00 4.797964500215323204e-03
1.229300000000000000e+04 9.993511137776873721e-01 4.782978247806577571e-03
1.232800000000000000e+04 9.938188859920005225e-01 4.773073755384400936e-03
1.236300000000000000e+04 9.983658585305996702e-01 4.800659532316709464e-03
1.239800000000000000e+04 9.999621896270584065e-01 4.825288047122924112e-03
1.243200000000000000e+04 9.999177877402148917e-01 4.801339283129234421e-03
1.246700000000000000e+04 9.945512336496284966e-01 4.782757898158843633e-03
