0.000000000000000000e+00 1.183625537453841137e+00 5.617888843535413096e-02
3.500000000000000000e+01 1.257443243461702220e+00 5.600961932124019077e-02
6.900000000000000000e+01 1.120405147671624801e+00 5.622847237440719431e-02
1.040000000000000000e+02 9.690333253128803337e-01 5.623882791071754123e-02
1.390000000000000000e+02 1.106932662993837635e+00 5.606665276471892168e-02
1.740000000000000000e+02 1.056781962132297803e+00 5.626416536239680494e-02
2.090000000000000000e+02 1.095438354621558030e+00 5.622383127619705323e-02
2.440000000000000000e+02 1.332192216075298141e+00 5.601056261533934877e-02
2.790000000000000000e+02 1.175353903895497210e+00 5.645144741274572137e-02
3.130000000000000000e+02 1.154565681536440458e+00 5.617206369306186609e-02
3.480000000000000000e+02 1.192791770995859757e+00 5.621923462380009479e-02
3.830000000000000000e+02 1.182840963026979386e+00 5.592331444883717750e-02
4.180000000000000000e+02 1.067753260248523128e+00 5.619079747822124798e-02
4.530000000000000000e+02 1.132341911202482843e+00 5.610200689468944346e-02
4.880000000000000000e+02 1.107216450333981861e+00 5.584100787311450931e-02
5.230000000000000000e+02 1.054396397490525272e+00 5.583213991801178055e-02
5.570000000000000000e+02 1.061981013154592146e+00 5.580364270699761375e-02
5.930000000000000000e+02 1.240047946916990718e+00 5.554058322243340950e-02
6.280000000000000000e+02 1.080832786813464175e+00 5.586740431469451595e-02
6.620000000000000000e+02 1.152700419060898707e+00 5.604633345057803695e-02
6.970000000000000000e+02 1.038248742606156849e+00 5.605038828038878818e-02
7.320000000000000000e+02 9.973210398484663175e-01 5.590971194082157425e-02
7.670000000000000000e+02 1.208371954355471845e+00 5.598857281638711797e-02
8.020000000000000000e+02 1.048401594287664107e+00 5.566460534524767662e-02
8.370000000000000000e+02 9.887131255833906396e-01 5.575794346325023410e-02
8.710000000000000000e+02 1.012415062164542245e+00 5.540021979115736933e-02
9.060000000000000000e+02 1.178816061023013395e+00 5.596577494132885106e-02
9.410000000000000000e+02 1.338850271500525713e+00 5.567192967305455847e-02
9.760000000000000000e+02 1.269212155398067088e+00 5.549670821627547546e-02
1.011000000000000000e+03 1.119171049471055834e+00 5.565304628643849560e-02
1.046000000000000000e+03 1.225842525323519672e+00 5.591713150435469876e-02
1.081000000000000000e+03 1.293400612986004949e+00 5.572211082232812057e-02
1.116000000000000000e+03 1.031501692556167304e+00 5.560945524223254166e-02
1.151000000000000000e+03 1.250923900965308144e+00 5.480788622029224982e-02
1.185000000000000000e+03 1.176736831975116360e+00 5.507968532920179405e-02
1.220000000000000000e+03 1.216271465931262563e+00 5.497116917570709499e-02
1.255000000000000000e+03 1.070995033680422814e+00 5.514308466430761779e-02
1.290000000000000000e+03 1.119036346539579618e+00 5.514330413592873070e-02
1.325000000000000000e+03 9.940802964887001103e-01 5.499566296002298543e-02
1.360000000000000000e+03 1.084206298074965602e+00 5.517144631693161883e-02
1.395000000000000000e+03 1.156037773724354345e+00 5.534743219490294297e-02
1.429000000000000000e+03 1.237566347331887195e+00 5.511772127052879527e-02
1.464000000000000000e+03 1.089985541950881043e+00 5.551048305139700406e-02
1.499000000000000000e+03 1.108414290608016328e+00 5.529021073378853623e-02
1.534000000000000000e+03 1.195577948350201591e+00 5.541033286954288178e-02
1.569000000000000000e+03 9.790206616372538750e-01 5.536324545662898305e-02
1.604000000000000000e+03 9.791494869774169940e-01 5.546375834773781960e-02
1.638000000000000000e+03 1.078733380726540902e+00 5.525426497548917987e-02
1.673000000000000000e+03 1.166293728542391772e+00 5.560668408513980143e-02
1.708000000000000000e+03 1.097633272093720969e+00 5.501608202320917157e-02
1.817000000000000000e+03 1.118287169497894640e+00 5.509835074593502635e-02
1.852000000000000000e+03 1.166719542129290632e+00 5.544360194346283077e-02
1.887000000000000000e+03 1.245287044547884747e+00 5.544568769388458218e-02
1.922000000000000000e+03 1.287824930704575266e+00 5.560001976016955977e-02
1.957000000000000000e+03 1.320516574505171237e+00 5.528973791858707992e-02
1.991000000000000000e+03 1.231125510476615448e+00 5.550372796181184121e-02
2.026000000000000000e+03 1.110562814906660201e+00 5.533543169355831931e-02
2.061000000000000000e+03 1.125210657583318286e+00 5.551207483584725405e-02
2.096000000000000000e+03 1.114988262406555686e+00 5.552714830241167049e-02
2.131000000000000000e+03 9.536869670310431646e-01 5.512478099198835080e-02
2.166000000000000000e+03 1.009622782977207756e+00 5.554327603498918076e-02
2.201000000000000000e+03 1.089706552014946483e+00 5.580964543084265123e-02
2.235000000000000000e+03 1.156029719461280747e+00 5.543285482341420156e-02
2.270000000000000000e+03 1.038536771289779947e+00 5.546924749380198472e-02
2.305000000000000000e+03 1.059472579532657388e+00 5.558351876632622313e-02
2.340000000000000000e+03 1.207540883737026949e+00 5.556377833173326702e-02
2.375000000000000000e+03 1.224862578805774094e+00 1.000000000000000000e+09
2.410000000000000000e+03 1.224862578805774094e+00 5.583624575090481712e-02
2.445000000000000000e+03 1.027216288161254321e+00 5.543645832974999216e-02
2.480000000000000000e+03 1.187014576905347285e+00 5.537518047289433087e-02
2.514000000000000000e+03 1.088040331479912748e+00 5.562283237158520410e-02
2.549000000000000000e+03 1.198564011902810478e+00 5.561752926714116918e-02
2.584000000000000000e+03 1.137296748017410541e+00 5.548146685438948983e-02
2.619000000000000000e+03 1.347649440422309830e+00 5.584458041165157871e-02
2.654000000000000000e+03 1.097081163499895817e+00 5.612084908538889083e-02
2.689000000000000000e+03 1.251402963049423445e+00 5.568749899931491054e-02
2.723000000000000000e+03 1.150134057826224465e+00 5.534379356860678195e-02
2.758000000000000000e+03 8.605221066301190769e-01 5.566379962350711391e-02
2.793000000000000000e+03 1.038441909979286315e+00 5.554133353015471702e-02
2.828000000000000000e+03 1.089872266748773910e+00 5.527992527017510510e-02
2.863000000000000000e+03 1.104080838988375168e+00 5.546145569968977118e-02
2.898000000000000000e+03 1.011508363270294586e+00 5.563718771762402732e-02
2.933000000000000000e+03 1.131827760371097336e+00 5.574565035688879011e-02
2.967000000000000000e+03 1.051059705909029640e+00 5.565553975461568631e-02
3.002000000000000000e+03 1.147431106093133479e+00 5.568202832959887050e-02
3.037000000000000000e+03 1.098987425861250644e+00 5.605086606097354346e-02
3.072000000000000000e+03 1.326019383613541658e+00 5.623801519094188961e-02
3.107000000000000000e+03 1.131539433397440675e+00 5.675039683744763364e-02
3.142000000000000000e+03 1.152327649983116098e+00 5.646220479715296364e-02
3.177000000000000000e+03 1.129312243876451571e+00 5.605870391296659955e-02
3.212000000000000000e+03 9.862221332119166517e-01 5.629185132918856915e-02
3.247000000000000000e+03 9.269788467330974946e-01 5.633057521840313664e-02
3.281000000000000000e+03 9.863884574462220556e-01 5.635261429137702893e-02
3.316000000000000000e+03 1.213695667488527974e+00 5.647193805964791091e-02
3.351000000000000000e+03 9.986666430031421182e-01 5.613886313995301164e-02
3.386000000000000000e+03 8.038102559542995573e-01 5.627844559869351476e-02
3.421000000000000000e+03 9.149036000845910399e-01 5.655298257208837137e-02
3.456000000000000000e+03 1.023114158638098736e+00 5.674476010723545488e-02
3.491000000000000000e+03 1.188114321244599481e+00 5.684526890237168867e-02
3.525000000000000000e+03 1.245395086178958222e+00 5.716026083212061293e-02
3.615000000000000000e+03 1.036803140742623253e+00 5.733887572727815879e-02
3.649000000000000000e+03 1.357756944093235996e+00 5.703653629593505303e-02
3.684000000000000000e+03 1.080843622923662206e+00 5.658791421252179488e-02
3.719000000000000000e+03 1.096517903405999972e+00 5.679355231497951184e-02
3.754000000000000000e+03 1.163251957239622492e+00 5.709127587456896274e-02
3.789000000000000000e+03 1.226572791569264576e+00 5.714562796979266029e-02
3.824000000000000000e+03 1.134831028726490443e+00 5.715726266652009641e-02
3.859000000000000000e+03 1.174211299544993148e+00 5.759948723523099223e-02
3.893000000000000000e+03 1.079522214344217357e+00 5.728070242044587534e-02
3.928000000000000000e+03 1.020625411081740763e+00 5.715187980282661340e-02
3.963000000000000000e+03 1.077908051988885951e+00 5.713999936389302370e-02
3.998000000000000000e+03 1.245143750503822089e+00 5.729074698477258643e-02
4.033000000000000000e+03 1.138799306837392278e+00 5.706358181169577520e-02
4.068000000000000000e+03 9.471254158655384447e-01 5.724729637721580333e-02
4.103000000000000000e+03 1.035540454970535595e+00 5.750620932557157228e-02
4.138000000000000000e+03 1.131890366485274413e+00 5.729800461428043862e-02
4.173000000000000000e+03 1.002810400384182232e+00 5.690411004301275388e-02
4.207000000000000000e+03 1.190697158307707948e+00 5.729064091734757669e-02
4.242000000000000000e+03 1.103829523622492870e+00 5.724358811322170781e-02
4.277000000000000000e+03 9.184971989595043240e-01 5.713918118571586352e-02
4.312000000000000000e+03 1.161874438741258508e+00 5.716376067541614064e-02
4.347000000000000000e+03 1.142110502352331025e+00 5.730484873765723935e-02
4.382000000000000000e+03 1.113926877092831669e+00 5.727308996709890715e-02
4.417000000000000000e+03 9.416816327880693782e-01 5.715360959705925725e-02
4.451000000000000000e+03 1.023979447412324273e+00 5.740404006137842657e-02
4.486000000000000000e+03 1.168832871974857079e+00 5.736210359946118664e-02
4.521000000000000000e+03 1.141094578464242115e+00 5.777282079330775533e-02
4.556000000000000000e+03 1.061520776338363614e+00 5.778291157003537931e-02
4.591000000000000000e+03 1.203233499557701425e+00 5.774307622685555946e-02
4.626000000000000000e+03 1.117105947132233323e+00 5.772177862073830240e-02
4.661000000000000000e+03 1.130250964500765898e+00 5.776412470561260309e-02
4.696000000000000000e+03 1.065236408427866488e+00 5.778673644820759431e-02
4.731000000000000000e+03 9.977172138376285693e-01 5.772458821979270516e-02
4.766000000000000000e+03 1.057230877633661192e+00 5.809438078245887649e-02
4.800000000000000000e+03 1.061928228250095252e+00 5.761215846461836126e-02
4.835000000000000000e+03 1.010780887983672605e+00 5.789179118546213670e-02
4.870000000000000000e+03 1.022585858504617917e+00 5.819222333687437687e-02
4.905000000000000000e+03 1.221537871002172704e+00 5.870382668087456568e-02
4.940000000000000000e+03 1.250602203022928682e+00 5.828181840489081444e-02
4.975000000000000000e+03 1.138309416983537714e+00 5.823242792118290406e-02
5.009000000000000000e+03 1.038081191160806993e+00 5.827318812526523922e-02
5.044000000000000000e+03 1.076702733065590945e+00 5.870863561103598777e-02
5.079000000000000000e+03 1.089411329545625806e+00 5.813514387786938853e-02
5.114000000000000000e+03 1.044592212774508422e+00 5.843385927786213380e-02
5.149000000000000000e+03 9.984409887151711738e-01 5.881730227499982339e-02
5.184000000000000000e+03 1.088995332140076489e+00 5.902099610944146202e-02
5.219000000000000000e+03 9.581455859370694439e-01 5.876657652836581730e-02
5.254000000000000000e+03 1.078496988196360640e+00 5.891701211695177243e-02
5.289000000000000000e+03 1.048337735886839539e+00 5.935141370009668071e-02
5.323000000000000000e+03 1.004063899388202730e+00 5.924731559826484917e-02
5.400000000000000000e+03 1.170393843842209236e+00 5.913888836176475067e-02
5.435000000000000000e+03 1.077211898731792239e+00 5.919042181987196893e-02
5.470000000000000000e+03 1.081323749994444139e+00 5.982690229541806626e-02
5.505000000000000000e+03 1.204819361306327163e+00 5.987536455300263016e-02
5.540000000000000000e+03 1.174032091297182667e+00 5.952283839939097321e-02
5.574000000000000000e+03 1.198038264702579792e+00 5.862024615835675911e-02
5.609000000000000000e+03 8.149350258765929444e-01 5.901016311832969069e-02
5.644000000000000000e+03 1.061306911823971522e+00 5.928692458925651637e-02
5.679000000000000000e+03 1.252787776963972588e+00 5.949553587231037194e-02
5.714000000000000000e+03 9.884526236151108813e-01 5.949848305833982387e-02
5.749000000000000000e+03 9.514222000913492572e-01 5.944816315507948229e-02
5.784000000000000000e+03 1.036630138776368337e+00 5.940923348514872554e-02
5.819000000000000000e+03 9.358310501394236924e-01 5.968710531637425737e-02
5.853000000000000000e+03 1.018168824660751870e+00 5.972238007562432477e-02
5.888000000000000000e+03 1.008293254209793322e+00 5.979842204679326756e-02
5.923000000000000000e+03 1.108667833066292463e+00 5.970665122555626758e-02
5.958000000000000000e+03 1.052050466741452084e+00 5.937121696591064757e-02
5.993000000000000000e+03 6.658880840704317627e-01 5.974171668775284105e-02
6.028000000000000000e+03 8.898233913178928978e-01 5.965304582454241528e-02
6.063000000000000000e+03 8.660494789662702697e-01 5.989875586386693429e-02
6.098000000000000000e+03 9.769485882959860756e-01 6.013921767573061905e-02
6.132000000000000000e+03 8.716197270776330219e-01 5.991102093266256756e-02
6.167000000000000000e+03 9.374404221278282989e-01 6.010025323357186949e-02
6.202000000000000000e+03 9.701293206273527980e-01 6.036392083641294037e-02
6.237000000000000000e+03 9.617699871664976419e-01 6.022539191134038822e-02
6.272000000000000000e+03 1.056988370714927239e+00 6.020641857364255473e-02
6.307000000000000000e+03 9.613962052570549366e-01 6.021218145774673985e-02
6.342000000000000000e+03 9.494171636332028319e-01 5.968241554242916663e-02
6.377000000000000000e+03 9.821462700175236371e-01 6.022566614597683193e-02
6.412000000000000000e+03 7.905195731428537043e-01 6.008871785877113042e-02
6.446000000000000000e+03 1.005472007857387329e+00 6.016942293724091007e-02
6.481000000000000000e+03 1.085264887612473084e+00 5.992411213547989973e-02
6.516000000000000000e+03 8.438904144234105065e-01 5.933821779421163956e-02
6.551000000000000000e+03 9.567528752616613064e-01 5.912994558211193824e-02
6.586000000000000000e+03 8.349240681520931906e-01 5.913751499147341245e-02
6.621000000000000000e+03 1.065968050296619341e+00 5.933704557124452883e-02
6.655000000000000000e+03 9.355622986206030278e-01 5.964194485463084755e-02
6.690000000000000000e+03 7.681149343330225809e-01 5.916259475022399295e-02
6.725000000000000000e+03 9.984636729220992546e-01 5.960235796526913016e-02
6.760000000000000000e+03 1.008682893399517333e+00 5.931221340096824030e-02
6.795000000000000000e+03 9.080029861191794005e-01 5.931126200724625569e-02
6.830000000000000000e+03 8.916490270153029085e-01 5.977411659502677999e-02
6.865000000000000000e+03 9.193947188227679090e-01 5.989626774319693064e-02
6.899000000000000000e+03 9.215042916697485653e-01 5.987043504778954278e-02
6.934000000000000000e+03 1.058645484096062184e+00 6.004931998750675376e-02
6.969000000000000000e+03 1.066506787185355742e+00 5.983268048391451183e-02
7.004000000000000000e+03 1.048551896135585304e+00 5.979682713999167482e-02
7.039000000000000000e+03 9.482424988535299581e-01 5.976848124673629636e-02
7.074000000000000000e+03 6.682052478992790423e-01 5.955337202575786831e-02
7.109000000000000000e+03 1.009872623093552191e+00 5.982745682898048256e-02
7.179000000000000000e+03 9.019119535023736312e-01 5.994558825890365650e-02
7.214000000000000000e+03 1.130752367309587392e+00 6.044301812022194464e-02
7.249000000000000000e+03 1.055734637766628792e+00 6.023275766949086341e-02
7.284000000000000000e+03 9.553767357578772934e-01 6.038935180013257908e-02
7.319000000000000000e+03 1.130487679264954748e+00 6.029421929412866893e-02
7.354000000000000000e+03 8.424411720525512015e-01 6.023516276330098673e-02
7.389000000000000000e+03 8.655120483852359881e-01 5.981402523164409263e-02
7.424000000000000000e+03 1.014147632926042597e+00 5.953510277939341733e-02
7.459000000000000000e+03 9.476259891353251419e-01 5.972416895225285405e-02
7.493000000000000000e+03 9.731674071101312773e-01 5.939275916502356062e-02
7.528000000000000000e+03 1.100289992453359122e+00 5.961467710273724019e-02
7.563000000000000000e+03 9.309944226052604410e-01 5.935704606514636411e-02
7.598000000000000000e+03 8.769221834250497949e-01 5.908074235132140806e-02
7.633000000000000000e+03 8.343725532189618654e-01 5.905802736599696096e-02
7.668000000000000000e+03 9.541863275061341909e-01 5.954241571188994414e-02
7.703000000000000000e+03 9.812853763611522062e-01 5.979605430610564210e-02
7.738000000000000000e+03 8.973934054105990876e-01 5.969741693095163143e-02
7.773000000000000000e+03 1.010659633123716317e+00 5.969677742350389810e-02
7.808000000000000000e+03 1.030324356844677158e+00 6.026774869166611620e-02
7.843000000000000000e+03 7.137035511920141184e-01 5.954005955849932252e-02
7.878000000000000000e+03 9.126177976568780048e-01 6.002727991313350914e-02
7.913000000000000000e+03 7.266161083721465186e-01 5.989404972536440525e-02
7.947000000000000000e+03 9.341933181223344151e-01 6.026549952974799562e-02
7.982000000000000000e+03 1.023291011689796637e+00 6.016519825725456100e-02
8.017000000000000000e+03 9.680831534645369940e-01 5.999607452947001984e-02
8.052000000000000000e+03 1.074670072132797749e+00 6.035721600338622705e-02
8.087000000000000000e+03 1.077424548430272910e+00 6.060732714633981777e-02
8.122000000000000000e+03 9.817803868812317036e-01 6.011820875835396927e-02
8.157000000000000000e+03 7.806047025653484184e-01 6.041627539354912230e-02
8.192000000000000000e+03 9.937632694595727179e-01 6.054014747296682097e-02
8.227000000000000000e+03 9.558686084279994777e-01 6.100230409107927632e-02
8.261000000000000000e+03 1.009209331472278759e+00 6.091720703363613654e-02
8.296000000000000000e+03 9.414555929233807685e-01 6.179213606625777455e-02
8.331000000000000000e+03 9.393884894279584952e-01 6.162645144526968100e-02
8.366000000000000000e+03 1.009374444415579664e+00 6.158325479450525025e-02
8.401000000000000000e+03 8.163238690698836342e-01 6.180824160194628436e-02
8.436000000000000000e+03 1.062826115514134973e+00 6.160035381371861685e-02
8.471000000000000000e+03 8.854202175362304583e-01 6.184215556772173356e-02
8.506000000000000000e+03 1.008059643123103699e+00 6.199976160352907439e-02
8.541000000000000000e+03 1.105178806944896230e+00 5.799527799029326192e-02
8.576000000000000000e+03 9.092532927485456051e-01 4.091179801987104847e-02
8.610000000000000000e+03 1.057357606209018863e+00 4.121582457278219480e-02
8.645000000000000000e+03 9.378893241707261241e-01 4.078423772895198307e-02
8.680000000000000000e+03 9.643578559155026042e-01 4.103348733170628787e-02
8.715000000000000000e+03 9.356773408237566425e-01 4.106008164343109140e-02
8.750000000000000000e+03 8.845624054821364934e-01 4.105868225538501087e-02
8.785000000000000000e+03 9.241450960696108163e-01 4.125823809682618165e-02
8.820000000000000000e+03 6.895665167613995727e-01 4.072962915866690237e-02
8.855000000000000000e+03 1.166739577269046313e+00 4.114253439809643920e-02
8.890000000000000000e+03 8.650765247434865080e-01 4.083623789373118373e-02
8.965000000000000000e+03 9.632010597555086262e-01 3.888114838739999829e-02
9.000000000000000000e+03 9.669970737743572853e-01 3.898689436381822665e-02
9.035000000000000000e+03 8.192664281823508476e-01 3.897562890616413506e-02
9.069000000000000000e+03 8.992630732721836884e-01 3.883917534851898806e-02
9.104000000000000000e+03 9.061832689127906626e-01 3.885069108048802566e-02
9.139000000000000000e+03 9.319795452760351040e-01 3.901171553624859650e-02
9.174000000000000000e+03 8.668609899077366343e-01 3.892995989738139845e-02
9.209000000000000000e+03 8.978777207254525772e-01 3.911166430862237503e-02
9.244000000000000000e+03 7.994073788524728164e-01 3.884436767623639791e-02
9.278000000000000000e+03 7.056058666736085838e-01 3.876093169321667697e-02
9.313000000000000000e+03 1.005373472794951706e+00 3.919777112514297862e-02
9.348000000000000000e+03 9.409592269497097927e-01 3.887174404385078386e-02
9.383000000000000000e+03 7.707114581390808183e-01 3.916955300602256718e-02
9.418000000000000000e+03 7.464107803477422198e-01 3.891045874776426911e-02
9.453000000000000000e+03 8.555711969202275391e-01 3.898246544160013233e-02
9.488000000000000000e+03 7.433112807890083218e-01 3.910057250426807879e-02
9.522000000000000000e+03 8.695589309764119035e-01 3.896197943235516631e-02
9.557000000000000000e+03 8.628445956068923062e-01 3.910798820111268531e-02
9.592000000000000000e+03 7.416675508775008030e-01 3.902269688462665226e-02
9.627000000000000000e+03 7.875191140279422797e-01 3.921907932618630410e-02
9.662000000000000000e+03 7.530070878381941446e-01 3.891095378770027813e-02
9.697000000000000000e+03 9.015639440790407244e-01 3.965313443477509747e-02
9.732000000000000000e+03 9.249992892271399203e-01 3.908818872284038071e-02
9.767000000000000000e+03 9.647170630793387991e-01 3.911675724695373724e-02
9.801000000000000000e+03 9.956330811923166380e-01 3.912585388517002272e-02
9.836000000000000000e+03 8.471058786650070838e-01 3.938161291815223813e-02
9.871000000000000000e+03 1.006021075251124275e+00 3.926356606323495868e-02
9.906000000000000000e+03 8.885498572078758261e-01 3.907887988714871252e-02
9.941000000000000000e+03 6.767562360056421644e-01 3.925376718004482818e-02
9.976000000000000000e+03 8.956150828878666204e-01 3.918156530372871732e-02
1.001100000000000000e+04 8.475969723100720277e-01 3.923649049050612764e-02
1.004500000000000000e+04 8.619099711081231741e-01 3.917560980080014854e-02
1.008000000000000000e+04 8.022735437239336687e-01 3.897693833559937038e-02
1.011500000000000000e+04 9.130202286454704996e-01 3.916539262427803925e-02
1.015000000000000000e+04 7.720134939304403865e-01 3.892413276013774459e-02
1.018500000000000000e+04 9.329445770771797042e-01 3.916622375523680366e-02
1.022000000000000000e+04 7.087926713673488033e-01 3.912979487264790085e-02
1.025500000000000000e+04 7.906781905692031875e-01 3.946529726601667731e-02
1.028900000000000000e+04 8.162896243126640528e-01 3.951267154470492621e-02
1.032400000000000000e+04 9.095580527754076883e-01 3.932251071212315013e-02
1.035900000000000000e+04 9.485800219967910341e-01 3.969972511433528944e-02
1.039400000000000000e+04 7.540556015962133207e-01 3.943650892686605125e-02
1.042900000000000000e+04 8.693509891974428028e-01 3.950529971829756792e-02
1.046400000000000000e+04 9.554473034768125039e-01 3.967482858008661989e-02
1.049900000000000000e+04 8.578420937091978393e-01 3.930967875443505677e-02
1.053300000000000000e+04 7.632464774044103173e-01 3.943011161657834079e-02
1.056800000000000000e+04 9.139840331833020137e-01 3.957697159071918436e-02
1.060300000000000000e+04 8.819095045924193466e-01 3.921708699476999377e-02
1.063800000000000000e+04 8.147857396575691746e-01 3.926772605915430925e-02
1.067300000000000000e+04 8.073976666419545589e-01 3.949620727457109348e-02
1.075800000000000000e+04 9.783485154165586506e-01 3.940311876393162022e-02
1.079300000000000000e+04 6.769029388556669913e-01 3.933556736367024159e-02
1.082800000000000000e+04 8.883369234250861890e-01 3.950340013219615781e-02
1.086300000000000000e+04 7.995770189732517297e-01 3.969814918822280048e-02
1.089700000000000000e+04 8.761593409367873786e-01 3.958497154954244979e-02
1.093200000000000000e+04 8.985098427010300703e-01 3.985252830417405912e-02
1.096700000000000000e+04 9.738169566591607929e-01 3.987335711267698396e-02
1.100200000000000000e+04 9.758974797245464350e-01 3.976965168007802476e-02
1.103700000000000000e+04 7.747509698744402540e-01 3.963753509580711376e-02
1.107200000000000000e+04 9.663585983313199845e-01 3.963402764865462530e-02
1.110700000000000000e+04 7.493597674124703456e-01 3.950626387254758953e-02
1.114200000000000000e+04 1.009129319169770111e+00 4.023622105437169721e-02
1.117700000000000000e+04 9.655501252823214253e-01 3.993952949319534013e-02
1.121100000000000000e+04 9.238539434571704234e-01 4.004209890490529472e-02
1.124600000000000000e+04 8.454740454170132091e-01 3.971692941322657600e-02
1.128100000000000000e+04 9.053374972098182649e-01 4.000859504934999727e-02
1.131600000000000000e+04 8.728025683890339170e-01 3.977520465521618143e-02
1.135100000000000000e+04 7.627796780166250512e-01 3.989615106667245698e-02
1.138600000000000000e+04 8.353149913579144270e-01 4.109399795825514901e-02
1.142100000000000000e+04 8.634168293341234479e-01 4.204754273175324158e-02
1.145600000000000000e+04 8.158982567003769670e-01 4.173597101927682684e-02
1.149100000000000000e+04 9.022010433914402494e-01 4.356204914773632170e-02
1.152500000000000000e+04 7.474126587571136016e-01 4.333912159186160268e-02
1.156000000000000000e+04 9.632431925060854772e-01 4.325380023404182955e-02
1.159500000000000000e+04 8.738403209721111731e-01 4.258520959103680170e-02
1.163000000000000000e+04 1.001363721927486017e+00 4.202381195043745910e-02
1.166500000000000000e+04 9.596072383432463493e-01 4.148801142069278441e-02
1.170000000000000000e+04 8.403709216946755323e-01 4.064707671445304260e-02
1.173500000000000000e+04 8.873651672598061868e-01 4.034215969270037866e-02
1.177000000000000000e+04 9.578143309413671425e-01 4.054934813433991314e-02
1.180500000000000000e+04 8.356144740787723180e-01 4.018539256792932196e-02
1.184000000000000000e+04 9.564032361347196698e-01 4.011215595286235502e-02
1.187400000000000000e+04 8.021460073766191190e-01 4.016759294423662141e-02
1.190900000000000000e+04 9.310940829391709528e-01 4.037447659387397025e-02
1.194400000000000000e+04 7.965939813714922879e-01 4.014066269369725992e-02
1.197900000000000000e+04 8.858473061198250953e-01 4.027633574690302198e-02
1.201400000000000000e+04 9.623485460436245198e-01 4.011637603901960919e-02
1.204900000000000000e+04 8.657370816861597040e-01 4.033145767625010564e-02
1.208400000000000000e+04 9.678690832515419729e-01 4.096562334944209988e-02
1.211900000000000000e+04 9.445966197052133584e-01 4.053028210035986706e-02
1.215400000000000000e+04 9.675505212994812698e-01 4.045856570330981505e-02
1.218800000000000000e+04 1.075059706377468949e+00 4.060856771892539657e-02
1.222300000000000000e+04 8.953129413814210347e-01 4.054125170574045256e-02
1.225800000000000000e+04 8.980586242714131417e-01 4.051525059036191478e-02
1.229300000000000000e+04 9.537508045381035693e-01 4.043121938014316435e-02
1.232800000000000000e+04 8.951775322468620288e-01 4.034781486912106946e-02
1.236300000000000000e+04 1.001333356996857882e+00 4.066027889006896406e-02
1.239800000000000000e+04 9.393419880665009325e-01 4.084316019642709322e-02
1.243200000000000000e+04 9.422016816470114575e-01 4.067290933385535323e-02
1.246700000000000000e+04 9.656445877611352646e-01 4.055789583592493003e-02
