0.000000000000000000e+00 1.151283552445820924e+00 7.810842915840532363e-02
3.500000000000000000e+01 1.381009964779217558e+00 7.785986880307546598e-02
6.900000000000000000e+01 1.273878366973020038e+00 7.817288887200748992e-02
1.040000000000000000e+02 1.343455389405513456e+00 7.832858391359982797e-02
1.390000000000000000e+02 1.013544445344315648e+00 7.790194042847502220e-02
1.740000000000000000e+02 1.174791897718016065e+00 7.820767489652825921e-02
2.090000000000000000e+02 1.182647178067482541e+00 7.823151844822794077e-02
2.440000000000000000e+02 1.199139958934893668e+00 7.780946233895164044e-02
2.790000000000000000e+02 1.190971213089337288e+00 7.850278507785771187e-02
3.130000000000000000e+02 1.339822954584874104e+00 7.815653075360425028e-02
3.480000000000000000e+02 1.295412222226076882e+00 7.817097453201940493e-02
3.830000000000000000e+02 1.244230930580507488e+00 7.774479185829311079e-02
4.180000000000000000e+02 1.060553116949927377e+00 7.809737431532903784e-02
4.530000000000000000e+02 1.101962485880508602e+00 7.796045705653574520e-02
4.880000000000000000e+02 1.284108772555168976e+00 7.772027553510731102e-02
5.230000000000000000e+02 1.226863621397002557e+00 7.759794156367921802e-02
5.570000000000000000e+02 1.176572542255123421e+00 7.763876660639006111e-02
5.930000000000000000e+02 1.255027104446199582e+00 7.715919211243288389e-02
6.280000000000000000e+02 1.218971189917112508e+00 7.770555192038537673e-02
6.620000000000000000e+02 1.103613355341062308e+00 7.785449785208314877e-02
6.970000000000000000e+02 1.065265006052465324e+00 7.785323601830737572e-02
7.320000000000000000e+02 1.054699134676912786e+00 7.775637570466530091e-02
7.670000000000000000e+02 1.140343930357065050e+00 7.779925134215799620e-02
8.020000000000000000e+02 1.079011704480013822e+00 7.741219839381477397e-02
8.370000000000000000e+02 1.279460212722107304e+00 7.761285651897997795e-02
8.710000000000000000e+02 1.225902620680841659e+00 7.698190604087502831e-02
9.060000000000000000e+02 1.106985425402067236e+00 7.766470649916723534e-02
9.410000000000000000e+02 1.348637214581397181e+00 7.720606241232338962e-02
9.760000000000000000e+02 1.005654316220836897e+00 7.690235773073152148e-02
1.011000000000000000e+03 1.097699362622724051e+00 7.727442654828796387e-02
1.046000000000000000e+03 1.256787265185486779e+00 7.763561036471164356e-02
1.081000000000000000e+03 1.314572609280418636e+00 7.735574910068614141e-02
1.116000000000000000e+03 1.029628733682200981e+00 7.719111709047293823e-02
1.151000000000000000e+03 1.110002321405729298e+00 7.596820261480199954e-02
1.185000000000000000e+03 1.019288251140479273e+00 7.632028786265143694e-02
1.220000000000000000e+03 1.106225996633021236e+00 7.615797785811487253e-02
1.255000000000000000e+03 1.124144416710079142e+00 7.640562069668482836e-02
1.290000000000000000e+03 1.098727794546634495e+00 7.640206192182877332e-02
1.325000000000000000e+03 1.016102520690540745e+00 7.629997201965568743e-02
1.360000000000000000e+03 1.243277003745081544e+00 7.662019307260146961e-02
1.395000000000000000e+03 1.245267209263227981e+00 7.683918737720836500e-02
1.429000000000000000e+03 1.165633743233465580e+00 7.636596200436590598e-02
1.464000000000000000e+03 1.319929672042807312e+00 7.708737535002964381e-02
1.499000000000000000e+03 1.233116701846157737e+00 7.674999193079065640e-02
1.534000000000000000e+03 1.175234899647779496e+00 7.683803728459923099e-02
1.569000000000000000e+03 1.145688578214104414e+00 7.683680457403294084e-02
1.604000000000000000e+03 1.284698271886972165e+00 7.700554947261560590e-02
1.638000000000000000e+03 1.234200086888480374e+00 7.674269847243976594e-02
1.673000000000000000e+03 1.068501081437673417e+00 7.700077054038766133e-02
1.708000000000000000e+03 1.306028412444180109e+00 7.633475977965567538e-02
1.817000000000000000e+03 9.033578281662298926e-01 7.626862965951533568e-02
1.852000000000000000e+03 1.182300419262533264e+00 7.685725169216565955e-02
1.887000000000000000e+03 1.134771091041294477e+00 7.682251475078459568e-02
1.922000000000000000e+03 1.150853969120425591e+00 7.700703259334783224e-02
1.957000000000000000e+03 1.256355384814104692e+00 7.656412660266945225e-02
1.991000000000000000e+03 1.045087370170067365e+00 7.694298356647485959e-02
2.026000000000000000e+03 1.195884587205681360e+00 7.677874797410061403e-02
2.061000000000000000e+03 1.076080450196416294e+00 7.693109554198480915e-02
2.096000000000000000e+03 1.290145137034942380e+00 7.704166153157178398e-02
2.131000000000000000e+03 1.000993925823343123e+00 7.647811488095956900e-02
2.166000000000000000e+03 1.051764239367650955e+00 7.701657761039054639e-02
2.201000000000000000e+03 1.120707459535569717e+00 7.741063255386859687e-02
2.235000000000000000e+03 1.023746519157650914e+00 7.678898610882875508e-02
2.270000000000000000e+03 1.181240825710099918e+00 7.695460267798134857e-02
2.305000000000000000e+03 1.207445525552546250e+00 7.718489645639721453e-02
2.340000000000000000e+03 1.217705595722670564e+00 7.697803086217622215e-02
2.375000000000000000e+03 1.128354827007444383e+00 7.749386977767039331e-02
2.410000000000000000e+03 1.079712618131186241e+00 7.731391135302374817e-02
2.445000000000000000e+03 1.059640279530462692e+00 7.683446982099952083e-02
2.480000000000000000e+03 1.178347382405403820e+00 7.670432876102943609e-02
2.514000000000000000e+03 1.186113389108721217e+00 7.713491928507511253e-02
2.549000000000000000e+03 1.103923365606752638e+00 7.705383114604777428e-02
2.584000000000000000e+03 1.142621302303311603e+00 7.691727314334106946e-02
2.619000000000000000e+03 9.536333737577831204e-01 7.722722269569401443e-02
2.654000000000000000e+03 1.055771168301322671e+00 7.784327227495095591e-02
2.689000000000000000e+03 1.088485990136044856e+00 7.717534185428288895e-02
2.723000000000000000e+03 1.177577416113275932e+00 7.673657936824308801e-02
2.758000000000000000e+03 1.210859126813655706e+00 7.738817059307308288e-02
2.793000000000000000e+03 1.065416067425932090e+00 7.706055563581253043e-02
2.828000000000000000e+03 1.124327464414645039e+00 7.664782917839442489e-02
2.863000000000000000e+03 1.218343770471910448e+00 7.700626804163231143e-02
2.898000000000000000e+03 1.120707842476780236e+00 7.726470801911791697e-02
2.933000000000000000e+03 1.050591578612154908e+00 7.726932512370128514e-02
2.967000000000000000e+03 1.275602480673888373e+00 7.730314199213833559e-02
3.002000000000000000e+03 1.128606782056773561e+00 7.731213451271182202e-02
3.037000000000000000e+03 1.058894883360592010e+00 7.778719531184381808e-02
3.072000000000000000e+03 9.967647671760182515e-01 7.792705129587002011e-02
3.107000000000000000e+03 9.863075424859366613e-01 7.869607292443861479e-02
3.142000000000000000e+03 1.000248832769218499e+00 7.838601057108884884e-02
3.177000000000000000e+03 1.137503383292100656e+00 7.786807393650940767e-02
3.212000000000000000e+03 1.166573288882940762e+00 7.841392035841023012e-02
3.247000000000000000e+03 1.025950451566202792e+00 7.830353807954977541e-02
3.281000000000000000e+03 1.147872941345891684e+00 7.844738677083792910e-02
3.316000000000000000e+03 1.183209551605297172e+00 7.841304221227327065e-02
3.351000000000000000e+03 1.048515691843434405e+00 7.810207773431783462e-02
3.386000000000000000e+03 1.071365506051105587e+00 7.831336006271526207e-02
3.421000000000000000e+03 1.018047570827073089e+00 7.869295603854553622e-02
3.456000000000000000e+03 1.127109711717140472e+00 7.893279913990582097e-02
3.491000000000000000e+03 1.017208542293424722e+00 7.892545599141229107e-02
3.525000000000000000e+03 9.997511672307815012e-01 7.937594595991288859e-02
3.615000000000000000e+03 1.097818151247700103e+00 7.967532166583563003e-02
3.649000000000000000e+03 1.086847422373082184e+00 7.913199763039181767e-02
3.684000000000000000e+03 1.069651934391939063e+00 7.862359050593988041e-02
3.719000000000000000e+03 1.027395533918027848e+00 7.894477003230548906e-02
3.754000000000000000e+03 1.039177212953442675e+00 7.927981531482224120e-02
3.789000000000000000e+03 1.062215319616170772e+00 7.938282725218401281e-02
3.824000000000000000e+03 1.233236446853131163e+00 7.954727355137997113e-02
3.859000000000000000e+03 9.249366685471839267e-01 8.002485745556101038e-02
3.893000000000000000e+03 9.408750906231543309e-01 7.960180512214500015e-02
3.928000000000000000e+03 1.074608070892598688e+00 7.956056315653828315e-02
3.963000000000000000e+03 1.134813080712562261e+00 7.948334957324795780e-02
3.998000000000000000e+03 1.085085314584310678e+00 7.960986025659737286e-02
4.033000000000000000e+03 1.188041421087263627e+00 7.937897883737100868e-02
4.068000000000000000e+03 1.044115731639189137e+00 7.966011305139628074e-02
4.103000000000000000e+03 1.117291324122321017e+00 8.008882939215929142e-02
4.138000000000000000e+03 9.597024760444482494e-01 7.959735245028115580e-02
4.173000000000000000e+03 1.198088950055248958e+00 7.925043132637489551e-02
4.207000000000000000e+03 1.034870447598037924e+00 7.958532742843185681e-02
4.242000000000000000e+03 8.415369605960683064e-01 7.952125474484370016e-02
4.277000000000000000e+03 1.002508577669435130e+00 7.950762548457276924e-02
4.312000000000000000e+03 1.105296759848078958e+00 7.945565701200943409e-02
4.347000000000000000e+03 9.763812103964987221e-01 7.954188797700390001e-02
4.382000000000000000e+03 9.807362429219949052e-01 7.966903725273412340e-02
4.417000000000000000e+03 1.053390664556133505e+00 7.950731414103542893e-02
4.451000000000000000e+03 9.884018971504967555e-01 7.985407938251878890e-02
4.486000000000000000e+03 9.419748785559846072e-01 7.970149637101550666e-02
4.521000000000000000e+03 8.476737010697960040e-01 8.030568872682805615e-02
4.556000000000000000e+03 9.487182901268055302e-01 8.034581965610398946e-02
4.591000000000000000e+03 9.400301167569875549e-01 8.018131249168956864e-02
4.626000000000000000e+03 9.255397341355784402e-01 8.019255113571689686e-02
4.661000000000000000e+03 9.094734729888853675e-01 8.020019546879948724e-02
4.696000000000000000e+03 9.067946481970096118e-01 8.033952658328578911e-02
4.731000000000000000e+03 9.750851166455375418e-01 8.032488495094371184e-02
4.766000000000000000e+03 1.055990058166591083e+00 8.078932083630971372e-02
4.800000000000000000e+03 9.859457279548043962e-01 8.014098884508066845e-02
4.835000000000000000e+03 8.192602703006598430e-01 8.050239005458044439e-02
4.870000000000000000e+03 1.067342429554680727e+00 8.097777459597789440e-02
4.905000000000000000e+03 9.840972427471347261e-01 8.157792098384655799e-02
4.940000000000000000e+03 9.273297359904859594e-01 8.093849666191653414e-02
4.975000000000000000e+03 1.034499218410288135e+00 8.097214182847603525e-02
5.009000000000000000e+03 1.002042441239726633e+00 8.106195716547076602e-02
5.044000000000000000e+03 1.076692733316074957e+00 8.169276953591263213e-02
5.079000000000000000e+03 1.085650731366563093e+00 8.089481806278872589e-02
5.114000000000000000e+03 1.072998622098821464e+00 8.137148910307982763e-02
5.149000000000000000e+03 9.094376894916348375e-01 8.186460512434927395e-02
5.184000000000000000e+03 9.574111401053370107e-01 8.214225036235792143e-02
5.219000000000000000e+03 9.537362973181923165e-01 8.186031466049077665e-02
5.254000000000000000e+03 8.297232111088072015e-01 8.196159613087387885e-02
5.289000000000000000e+03 1.032287762863483893e+00 8.263756025145760353e-02
5.323000000000000000e+03 9.319942441642112829e-01 8.249798522861644112e-02
5.400000000000000000e+03 9.253058763755934724e-01 8.223867415632528377e-02
5.435000000000000000e+03 9.158371276899893720e-01 8.235378548576224866e-02
5.470000000000000000e+03 8.281861552245699531e-01 8.322368228834348125e-02
5.505000000000000000e+03 9.978235405915436562e-01 8.327717137744444775e-02
5.540000000000000000e+03 1.101342291887094316e+00 8.289853050977710747e-02
5.574000000000000000e+03 9.058852695116939024e-01 8.145290228156445989e-02
5.609000000000000000e+03 1.055433113228970932e+00 8.228242794458401344e-02
5.644000000000000000e+03 7.430902531393404065e-01 8.242626798973851088e-02
5.679000000000000000e+03 1.053396620060691236e+00 8.277006430476584187e-02
5.714000000000000000e+03 1.005101312459957486e+00 8.285558488526630072e-02
5.749000000000000000e+03 8.191486348951304564e-01 8.276668981105701761e-02
5.784000000000000000e+03 8.634640280350907027e-01 8.268077167151670348e-02
5.819000000000000000e+03 9.422098951719523052e-01 8.318516468627525084e-02
5.853000000000000000e+03 1.011558286237536075e+00 8.318164001998279433e-02
5.888000000000000000e+03 9.697765986569767405e-01 8.326569174691313135e-02
5.923000000000000000e+03 8.379375732544576127e-01 8.305861998951243053e-02
5.958000000000000000e+03 8.567115269196245997e-01 8.258791450150464175e-02
5.993000000000000000e+03 9.300323525825335835e-01 8.342611904021778046e-02
6.028000000000000000e+03 9.334411278987766458e-01 8.322230137460309707e-02
6.063000000000000000e+03 7.915826318286502961e-01 8.346941210649345966e-02
6.098000000000000000e+03 8.833038431507783672e-01 8.381934164516580132e-02
6.132000000000000000e+03 1.069992829700251002e+00 8.352111275604082175e-02
6.167000000000000000e+03 1.095940442262271386e+00 8.376840672592132664e-02
6.202000000000000000e+03 1.004121640186963038e+00 8.424298238898707269e-02
6.237000000000000000e+03 1.026533492326415775e+00 8.400711044700270858e-02
6.272000000000000000e+03 9.646985099521295792e-01 8.386151636530823905e-02
6.307000000000000000e+03 8.691070508810396777e-01 8.395697190362443052e-02
6.342000000000000000e+03 7.626192152266122459e-01 8.310149612609152303e-02
6.377000000000000000e+03 9.814223514017551553e-01 8.392579837114778896e-02
6.412000000000000000e+03 9.576113159836791011e-01 8.380977464683546374e-02
6.446000000000000000e+03 8.693923440665720648e-01 8.371877329603073792e-02
6.481000000000000000e+03 8.115830899629216111e-01 8.336271587243158920e-02
6.516000000000000000e+03 9.544003059419834401e-01 8.267647770784185279e-02
6.551000000000000000e+03 9.295492056586871499e-01 8.233864547131500289e-02
6.586000000000000000e+03 1.017256239158425668e+00 8.239480160994794300e-02
6.621000000000000000e+03 1.147122510201565415e+00 8.273304831983215035e-02
6.655000000000000000e+03 8.615003085486040435e-01 8.299836909331456680e-02
6.690000000000000000e+03 9.574357951969056924e-01 8.249354973482850295e-02
6.725000000000000000e+03 9.673798033411530328e-01 8.297803105239143218e-02
6.760000000000000000e+03 7.519858501061132960e-01 8.244888532697194905e-02
6.795000000000000000e+03 8.638075118184519452e-01 8.258554164507894702e-02
6.830000000000000000e+03 9.356261387466054957e-01 8.335336392330347510e-02
6.865000000000000000e+03 7.234999901282116452e-01 8.332806288948399476e-02
6.899000000000000000e+03 9.654471773035869786e-01 8.341692553820048706e-02
6.934000000000000000e+03 8.840618664367899671e-01 8.355938410230748237e-02
6.969000000000000000e+03 6.560331336009994629e-01 8.314423694863924685e-02
7.004000000000000000e+03 9.025371639696994075e-01 8.330282355369841851e-02
7.039000000000000000e+03 8.004833413132463882e-01 8.319102406536559025e-02
7.074000000000000000e+03 9.576705459055622205e-01 8.309150568406746540e-02
7.109000000000000000e+03 8.951776423236953439e-01 8.329034352352955584e-02
7.179000000000000000e+03 7.594789552444309866e-01 8.344271896973513847e-02
7.214000000000000000e+03 9.566101033667988585e-01 8.412478225478124683e-02
7.249000000000000000e+03 9.219613931194780010e-01 8.389278940526793960e-02
7.284000000000000000e+03 9.784748863892527293e-01 8.417841240024438731e-02
7.319000000000000000e+03 1.130418553629582101e+00 8.395053521616085979e-02
7.354000000000000000e+03 8.548479055195014054e-01 8.391159983083303076e-02
7.389000000000000000e+03 8.343006921629435579e-01 8.327574304091026058e-02
7.424000000000000000e+03 9.842579906911524956e-01 8.284809950209240381e-02
7.459000000000000000e+03 9.906463261090456829e-01 8.318474274365141030e-02
7.493000000000000000e+03 8.392882818892868357e-01 8.264117837871375050e-02
7.528000000000000000e+03 9.920943705061459061e-01 8.295779675089516580e-02
7.563000000000000000e+03 7.366314896838697113e-01 8.256624324065579834e-02
7.598000000000000000e+03 9.070346540157863124e-01 8.229028363219091646e-02
7.633000000000000000e+03 1.008897849015393478e+00 8.226000185974080559e-02
7.668000000000000000e+03 1.042426010474857501e+00 8.297391659527636465e-02
7.703000000000000000e+03 1.004311232383069852e+00 8.325753938715539648e-02
7.738000000000000000e+03 1.036490641926278267e+00 8.317349654700290085e-02
7.773000000000000000e+03 1.001978901262364330e+00 8.318668147902646970e-02
7.808000000000000000e+03 7.793338033025856149e-01 8.384610269661077475e-02
7.843000000000000000e+03 7.895266219545004072e-01 8.297513486122606863e-02
7.878000000000000000e+03 8.314910075528095801e-01 8.361683023539571991e-02
7.913000000000000000e+03 6.316337274468718510e-01 8.339083376356411226e-02
7.947000000000000000e+03 9.019914259116309507e-01 8.402876900953507033e-02
7.982000000000000000e+03 9.554185165935743518e-01 8.382674100671097528e-02
8.017000000000000000e+03 1.116929292589348144e+00 8.358244252019150777e-02
8.052000000000000000e+03 8.728622088289743619e-01 8.399462632907914172e-02
8.087000000000000000e+03 8.335955607294757153e-01 8.433067959387945123e-02
8.122000000000000000e+03 8.547891984915023667e-01 8.378301257958173376e-02
8.157000000000000000e+03 8.264958711467591534e-01 8.424156435337369631e-02
8.192000000000000000e+03 1.029134470772085086e+00 8.439028289942936134e-02
8.227000000000000000e+03 8.790196899208028158e-01 8.492249339474812475e-02
8.261000000000000000e+03 7.842314221817886510e-01 8.479927061738430638e-02
8.296000000000000000e+03 7.955972408587019817e-01 8.609880579743059426e-02
8.331000000000000000e+03 8.620830547141153932e-01 8.593446084472772251e-02
8.366000000000000000e+03 9.566139606858542477e-01 8.585267340486144039e-02
8.401000000000000000e+03 9.889659129176890939e-01 8.627057141260059681e-02
8.436000000000000000e+03 8.247575512380437290e-01 8.586912383190534181e-02
8.471000000000000000e+03 8.385420950228205106e-01 8.624525873157369571e-02
8.506000000000000000e+03 7.725554235492637645e-01 8.638634281227017264e-02
8.541000000000000000e+03 8.077745486939097441e-01 8.023041413584616754e-02
8.576000000000000000e+03 9.388473164813383454e-01 5.438081073426361683e-02
8.610000000000000000e+03 8.707187141375847261e-01 5.469584398290766591e-02
8.645000000000000000e+03 9.741391850301099886e-01 5.427002881928189720e-02
8.680000000000000000e+03 9.112960571633190732e-01 5.451063950805114244e-02
8.715000000000000000e+03 1.063831423857572123e+00 5.466294720601271723e-02
8.750000000000000000e+03 9.765292065340005490e-01 5.460508575525606367e-02
8.785000000000000000e+03 9.897559003031689562e-01 5.487584686506653819e-02
8.820000000000000000e+03 9.987624143076295757e-01 5.438132711462367180e-02
8.855000000000000000e+03 9.221241669989689305e-01 5.452036949258839971e-02
8.890000000000000000e+03 1.010564080288137934e+00 5.438387939944692995e-02
8.965000000000000000e+03 1.053103978690832276e+00 5.121081538828749224e-02
9.000000000000000000e+03 8.805552801891827208e-01 5.131767466872821926e-02
9.035000000000000000e+03 8.932673384681215634e-01 5.139584435342815782e-02
9.069000000000000000e+03 9.049230744067920940e-01 5.109220318097474484e-02
9.104000000000000000e+03 8.710077343195640198e-01 5.107114959530239390e-02
9.139000000000000000e+03 9.083839344529521798e-01 5.132230700986709776e-02
9.174000000000000000e+03 8.893123119430399459e-01 5.118208909523695033e-02
9.209000000000000000e+03 8.531225976876637418e-01 5.147002187743406759e-02
9.244000000000000000e+03 8.212764684233295753e-01 5.104332431630159705e-02
9.278000000000000000e+03 8.580908511868402533e-01 5.121128468168629350e-02
9.313000000000000000e+03 8.314996121545269459e-01 5.156052290907277985e-02
9.348000000000000000e+03 9.172055851900916545e-01 5.111923953975657658e-02
9.383000000000000000e+03 9.661862846670101757e-01 5.172945266628636851e-02
9.418000000000000000e+03 8.488395300091710061e-01 5.131726209422802359e-02
9.453000000000000000e+03 8.607030238095995101e-01 5.145467078506259923e-02
9.488000000000000000e+03 9.060570405726927623e-01 5.159370105260329548e-02
9.522000000000000000e+03 9.660883111137913426e-01 5.146972827275646256e-02
9.557000000000000000e+03 9.768187638900368563e-01 5.163506770076594504e-02
9.592000000000000000e+03 9.014276566627181797e-01 5.161654795450692362e-02
9.627000000000000000e+03 9.806401264481791058e-01 5.192089835715779644e-02
9.662000000000000000e+03 8.879382771140390540e-01 5.153739183445282812e-02
9.697000000000000000e+03 8.217324501409618565e-01 5.217484857625141748e-02
9.732000000000000000e+03 1.002651719968202126e+00 5.151421951791648052e-02
9.767000000000000000e+03 8.774190232582630422e-01 5.151149509988785929e-02
9.801000000000000000e+03 1.006266054791741471e+00 5.157973640429702050e-02
9.836000000000000000e+03 9.257020711083894238e-01 5.196860983469313994e-02
9.871000000000000000e+03 8.176013340898845572e-01 5.161711287792313668e-02
9.906000000000000000e+03 8.903912229691947067e-01 5.147686270417164284e-02
9.941000000000000000e+03 9.605451732330869685e-01 5.198392106217766817e-02
9.976000000000000000e+03 1.008724754921321409e+00 5.169118863145596293e-02
1.001100000000000000e+04 8.250984057439547659e-01 5.167798414437106691e-02
1.004500000000000000e+04 1.046216653071770697e+00 5.172880377925841155e-02
1.008000000000000000e+04 9.303447523610223202e-01 5.137800437279816529e-02
1.011500000000000000e+04 8.792611028483120483e-01 5.154841176814538295e-02
1.015000000000000000e+04 1.024149415265184437e+00 5.143416273322753973e-02
1.018500000000000000e+04 8.228792460764839944e-01 5.153778998929504918e-02
1.022000000000000000e+04 8.600031736791921011e-01 5.173442332502397462e-02
1.025500000000000000e+04 9.735540411008293260e-01 5.218308132402214861e-02
1.028900000000000000e+04 9.375105219733236295e-01 5.221860619133910503e-02
1.032400000000000000e+04 9.141281547194084478e-01 5.194535579476186604e-02
1.035900000000000000e+04 8.005581881249413945e-01 5.219993144063025253e-02
1.039400000000000000e+04 8.652044935524408897e-01 5.209468225561861288e-02
1.042900000000000000e+04 9.027683276584884675e-01 5.217808908293625897e-02
1.046400000000000000e+04 9.646108528177028685e-01 5.223595970678767547e-02
1.049900000000000000e+04 9.076376443231445323e-01 5.192353491667105192e-02
1.053300000000000000e+04 8.541003935189536156e-01 5.217404954013588059e-02
1.056800000000000000e+04 9.041286613103319825e-01 5.216963603596190546e-02
1.060300000000000000e+04 9.012518820138275544e-01 5.177644490051382803e-02
1.063800000000000000e+04 9.806152945298310941e-01 5.192384300795326729e-02
1.067300000000000000e+04 8.663568163860334570e-01 5.204526675677233205e-02
1.075800000000000000e+04 9.596903560489331575e-01 5.196514410852044047e-02
1.079300000000000000e+04 9.345795761500008680e-01 5.203774769584617460e-02
1.082800000000000000e+04 1.098406961504871049e+00 5.213685637221924379e-02
1.086300000000000000e+04 9.372458979831648218e-01 5.249743391615347560e-02
1.089700000000000000e+04 9.410660545337746763e-01 5.226610640575376360e-02
1.093200000000000000e+04 1.021552016804769147e+00 5.260639997092787096e-02
1.096700000000000000e+04 1.015174946982873250e+00 5.259681834168983272e-02
1.100200000000000000e+04 9.011306161518224389e-01 5.245305108459211163e-02
1.103700000000000000e+04 8.962771778272604628e-01 5.235441991634490894e-02
1.107200000000000000e+04 1.014090406531669153e+00 5.229867407277252050e-02
1.110700000000000000e+04 1.053736223042991194e+00 5.233880988822045555e-02
1.114200000000000000e+04 9.867975458060813665e-01 5.304126924906452101e-02
1.117700000000000000e+04 1.030705361157768563e+00 5.268697213157521458e-02
1.121100000000000000e+04 1.002582061691617454e+00 5.289309447333554598e-02
1.124600000000000000e+04 9.804864753176765202e-01 5.248908355429867528e-02
1.128100000000000000e+04 1.035375107907376968e+00 5.289768735127988591e-02
1.131600000000000000e+04 8.945275650570061465e-01 5.251522433375825638e-02
1.135100000000000000e+04 7.589394660859571928e-01 5.269853948208694933e-02
1.138600000000000000e+04 8.867993349854839114e-01 5.448737888077640618e-02
1.142100000000000000e+04 8.909650591903685024e-01 5.581453998291168589e-02
1.145600000000000000e+04 1.033939011852859302e+00 5.542650270590625261e-02
1.149100000000000000e+04 1.003205572575553539e+00 5.808820317874646699e-02
1.152500000000000000e+04 1.053602120716949919e+00 5.801587294193195216e-02
1.156000000000000000e+04 1.092671566772562830e+00 5.773178768393563004e-02
1.159500000000000000e+04 9.501755988462778912e-01 5.660449367439431695e-02
1.163000000000000000e+04 9.745666253993469086e-01 5.577757015846368516e-02
1.166500000000000000e+04 1.026872868055914712e+00 5.501141547558325434e-02
1.170000000000000000e+04 9.975488250720729866e-01 5.393571047891401737e-02
1.173500000000000000e+04 8.765980890136990666e-01 5.335231890812093536e-02
1.177000000000000000e+04 1.065909218873636100e+00 5.362760448612020198e-02
1.180500000000000000e+04 1.040772780503956607e+00 5.325027214761873101e-02
1.184000000000000000e+04 1.060718689587530017e+00 5.300568423149915054e-02
1.187400000000000000e+04 9.504987494160307415e-01 5.310284670207514324e-02
1.190900000000000000e+04 1.025439166017152015e+00 5.336070062474194964e-02
1.194400000000000000e+04 9.528239552820951808e-01 5.312325048394725413e-02
1.197900000000000000e+04 1.054572458394643197e+00 5.331594333529428298e-02
1.201400000000000000e+04 9.674173822854945648e-01 5.303020866459047522e-02
1.204900000000000000e+04 1.105555399283512985e+00 5.356536923883252477e-02
1.208400000000000000e+04 1.166729062064469913e+00 5.430642204054526856e-02
1.211900000000000000e+04 1.056695154226054978e+00 5.363584290806752697e-02
1.215400000000000000e+04 1.044320019876230798e+00 5.354382370385985662e-02
1.218800000000000000e+04 1.148580589231148030e+00 5.372587493783678031e-02
1.222300000000000000e+04 1.135419356588901030e+00 5.373922939918285985e-02
1.225800000000000000e+04 9.289708644714427255e-01 5.354213227525940477e-02
1.229300000000000000e+04 9.457712519487593283e-01 5.350079853755783377e-02
1.232800000000000000e+04 9.828429728844055857e-01 5.340041916237909386e-02
1.236300000000000000e+04 1.142930344914621976e+00 5.393159487943739033e-02
1.239800000000000000e+04 9.766425418218045440e-01 5.424125209245884982e-02
1.243200000000000000e+04 1.024585754555480399e+00 5.390107097219653393e-02
1.246700000000000000e+04 1.157295598003635240e+00 5.370677238473350879e-02
