0.000000000000000000e+00 1.007204163452828594e+00 4.012302993712944105e-03
3.500000000000000000e+01 1.006123254878785733e+00 3.995150750948627330e-03
6.900000000000000000e+01 1.005664340720038519e+00 4.012168114916745375e-03
1.040000000000000000e+02 1.008793647126667858e+00 4.018436133989698039e-03
1.390000000000000000e+02 1.001793127307523790e+00 4.000286371136582871e-03
1.740000000000000000e+02 1.009679804071880849e+00 4.013300117615303808e-03
2.090000000000000000e+02 1.003876144984265473e+00 4.009812523653984509e-03
2.440000000000000000e+02 1.014533440962413158e+00 3.996838880209580523e-03
2.790000000000000000e+02 1.014553224992165603e+00 4.027803692347614942e-03
3.130000000000000000e+02 1.002604016243600071e+00 4.008377550165052004e-03
3.480000000000000000e+02 1.018593538722602609e+00 4.015450010251182984e-03
3.830000000000000000e+02 1.005544650857801425e+00 3.990124377758626738e-03
4.180000000000000000e+02 1.000768028092402284e+00 4.008287239617758929e-03
4.530000000000000000e+02 1.006811439241133810e+00 4.005107267393249841e-03
4.880000000000000000e+02 1.002829113896567925e+00 3.988503195808685252e-03
5.230000000000000000e+02 1.009846807081238085e+00 3.986849227426840156e-03
5.570000000000000000e+02 1.009655348602372271e+00 3.990717914858970226e-03
5.930000000000000000e+02 1.005989362004059195e+00 3.966400001763883444e-03
6.280000000000000000e+02 1.007162915723964325e+00 3.991765436005785712e-03
6.620000000000000000e+02 1.009388777329065290e+00 4.003659096574528446e-03
6.970000000000000000e+02 1.017099600035683782e+00 4.007549517090583033e-03
7.320000000000000000e+02 1.018392878973339855e+00 4.003023945150921588e-03
7.670000000000000000e+02 1.003966055110468325e+00 3.994819838553821147e-03
8.020000000000000000e+02 1.004541044091172619e+00 3.983241938748942508e-03
8.370000000000000000e+02 1.022006346058564441e+00 3.995644847977665969e-03
8.710000000000000000e+02 1.014049023609958189e+00 3.970128507458590625e-03
9.060000000000000000e+02 1.013343617583137402e+00 4.004522832470898581e-03
9.410000000000000000e+02 1.003692227323390584e+00 3.972663277868208019e-03
9.760000000000000000e+02 1.013312311137687161e+00 3.971499020584802822e-03
1.011000000000000000e+03 1.012715091254345889e+00 3.986485922425337183e-03
1.046000000000000000e+03 1.018899248914554967e+00 4.001126472288468565e-03
1.081000000000000000e+03 1.020367867306986254e+00 3.987991026174667226e-03
1.116000000000000000e+03 1.022009153618868460e+00 3.988080720531349613e-03
1.151000000000000000e+03 1.017095194075223974e+00 3.936089446704508707e-03
1.185000000000000000e+03 1.021656620398714299e+00 3.956563788878055508e-03
1.220000000000000000e+03 1.017156804505169765e+00 3.944164055767991790e-03
1.255000000000000000e+03 1.021431347889866226e+00 3.957736133378748911e-03
1.290000000000000000e+03 1.036603250843356028e+00 3.965532831689741293e-03
1.325000000000000000e+03 1.017493888200543539e+00 3.952562146369412860e-03
1.360000000000000000e+03 1.020102828088859770e+00 3.961732139689047583e-03
1.395000000000000000e+03 1.019025604293612552e+00 3.972520495157096966e-03
1.429000000000000000e+03 1.023710771616057835e+00 3.953587034133626207e-03
1.464000000000000000e+03 1.024523691217932075e+00 3.983188867303229588e-03
1.499000000000000000e+03 1.021912503673830575e+00 3.968939211784675188e-03
1.534000000000000000e+03 1.027926813182601817e+00 3.976497033657789074e-03
1.569000000000000000e+03 1.026952469335773444e+00 3.975198001915629213e-03
1.604000000000000000e+03 1.018182486256150154e+00 3.979982140498636127e-03
1.638000000000000000e+03 1.024497649889794637e+00 3.972154095089123517e-03
1.673000000000000000e+03 1.031774451338822729e+00 3.992955827849699671e-03
1.708000000000000000e+03 1.014076203764450623e+00 3.950737181240116837e-03
1.817000000000000000e+03 1.019043774840318273e+00 3.955781442641252005e-03
1.852000000000000000e+03 1.014231207241556021e+00 3.976786428095248870e-03
1.887000000000000000e+03 1.022172142760101599e+00 3.977836666278163069e-03
1.922000000000000000e+03 1.026183757070238567e+00 3.989650156188768483e-03
1.957000000000000000e+03 1.016646133596778689e+00 3.963629697672727513e-03
1.991000000000000000e+03 1.019913999667066085e+00 3.980389784988117886e-03
2.026000000000000000e+03 1.022132168059253665e+00 3.975303497219919227e-03
2.061000000000000000e+03 1.037532453299127022e+00 3.994242448105742894e-03
2.096000000000000000e+03 1.029494357317948472e+00 3.989913659120456445e-03
2.131000000000000000e+03 1.022432554026590834e+00 3.966076325424269799e-03
2.166000000000000000e+03 1.026451972840466187e+00 3.993354234133932902e-03
2.201000000000000000e+03 1.033893784419887663e+00 4.010282853845336878e-03
2.235000000000000000e+03 1.025058326766618677e+00 3.981700775895645819e-03
2.270000000000000000e+03 1.030063298162447127e+00 3.988660841004511466e-03
2.305000000000000000e+03 1.022263167780799620e+00 3.991472002318041841e-03
2.340000000000000000e+03 1.027939883194652904e+00 3.989241070363290856e-03
2.375000000000000000e+03 1.023158183130655985e+00 4.009930765226674652e-03
2.410000000000000000e+03 1.028722602609554837e+00 4.006263925280898267e-03
2.445000000000000000e+03 1.028120157977315596e+00 3.985868269046153461e-03
2.480000000000000000e+03 1.029828097147963861e+00 3.979618888238245847e-03
2.514000000000000000e+03 1.025215240790026572e+00 3.996284134390994981e-03
2.549000000000000000e+03 1.022742081197953956e+00 3.993049137726344469e-03
2.584000000000000000e+03 1.016048154483755850e+00 3.981665893468516737e-03
2.619000000000000000e+03 1.023250377264050881e+00 4.000366042518188614e-03
2.654000000000000000e+03 1.029595216267650937e+00 4.032598369348507593e-03
2.689000000000000000e+03 1.016322128684179260e+00 3.994040059712786715e-03
2.723000000000000000e+03 1.027791793065153669e+00 3.976007891143314675e-03
2.758000000000000000e+03 1.034483931586125838e+00 4.005441444881261380e-03
2.793000000000000000e+03 1.026501342176680431e+00 3.990918580374696635e-03
2.828000000000000000e+03 1.017774396114988322e+00 3.970040596092022298e-03
2.863000000000000000e+03 1.019374069131905980e+00 3.982017693069268664e-03
2.898000000000000000e+03 1.019276585081104969e+00 3.995333311249522901e-03
2.933000000000000000e+03 1.025073073588496975e+00 3.999722798945944818e-03
2.967000000000000000e+03 1.015222456543274587e+00 3.988350698856766609e-03
3.002000000000000000e+03 1.017842574957545265e+00 3.993060032445985667e-03
3.037000000000000000e+03 1.026130414717038919e+00 4.019287721607242569e-03
3.072000000000000000e+03 1.022862075856307174e+00 4.020881766895299456e-03
3.107000000000000000e+03 1.022651050041310405e+00 4.061241231856604385e-03
3.142000000000000000e+03 1.016469650065965125e+00 4.041828349988150354e-03
3.177000000000000000e+03 1.018514918539481728e+00 4.013885733312452450e-03
3.212000000000000000e+03 1.024179256989783626e+00 4.039424448057790315e-03
3.247000000000000000e+03 1.020262445995358869e+00 4.038091080227697478e-03
3.281000000000000000e+03 1.010384299363748184e+00 4.035075721680550336e-03
3.316000000000000000e+03 1.014612780229856570e+00 4.036164548437950507e-03
3.351000000000000000e+03 1.001888886467423134e+00 4.018295335380873967e-03
3.386000000000000000e+03 1.009576126691371645e+00 4.031695115875694527e-03
3.421000000000000000e+03 1.025411675686087598e+00 4.053710741662930155e-03
3.456000000000000000e+03 1.017862715021536024e+00 4.060795742973318141e-03
3.491000000000000000e+03 1.013686742791897410e+00 4.058795677949795719e-03
3.525000000000000000e+03 1.007494538986031918e+00 4.080029791636576378e-03
3.615000000000000000e+03 1.018507580649275379e+00 4.095338247018233575e-03
3.649000000000000000e+03 1.009373997806813694e+00 4.065266794923576288e-03
3.684000000000000000e+03 1.016108660385997009e+00 4.048215252330835887e-03
3.719000000000000000e+03 1.022534735548821239e+00 4.064071795675997141e-03
3.754000000000000000e+03 1.018777898221937761e+00 4.078210668919567822e-03
3.789000000000000000e+03 1.017929747443206745e+00 4.082423204495747547e-03
3.824000000000000000e+03 1.014429246697349685e+00 4.085485273225818517e-03
3.859000000000000000e+03 1.019708408376567510e+00 4.113020542608343891e-03
3.893000000000000000e+03 1.016789102402186229e+00 4.091570723516462123e-03
3.928000000000000000e+03 1.014354615820840078e+00 4.085103358258718349e-03
3.963000000000000000e+03 1.011345065519933417e+00 4.080624801521669058e-03
3.998000000000000000e+03 1.007253947475002631e+00 4.083516342717671659e-03
4.033000000000000000e+03 1.003339582208078395e+00 4.069780970474281070e-03
4.068000000000000000e+03 1.007523983964621950e+00 4.088563940581601240e-03
4.103000000000000000e+03 1.008095992089579340e+00 4.107522842311709700e-03
4.138000000000000000e+03 1.005237400683832938e+00 4.088545027700402588e-03
4.173000000000000000e+03 1.011601277436308344e+00 4.069092925473799874e-03
4.207000000000000000e+03 1.006263011719469969e+00 4.084980467006740779e-03
4.242000000000000000e+03 1.007094476669417871e+00 4.084345751395454180e-03
4.277000000000000000e+03 1.006837539883021160e+00 4.084948568233449581e-03
4.312000000000000000e+03 9.960752889427231249e-01 4.075870790313505278e-03
4.347000000000000000e+03 1.013525228305077297e+00 4.085295070431815834e-03
4.382000000000000000e+03 9.973891227782237801e-01 4.084429447537501513e-03
4.417000000000000000e+03 9.990821556798110681e-01 4.077707065247964009e-03
4.451000000000000000e+03 1.001048057983259465e+00 4.093783908797585074e-03
4.486000000000000000e+03 9.999145167410898871e-01 4.086518289780760073e-03
4.521000000000000000e+03 1.005359267861304362e+00 4.116063045950899002e-03
4.556000000000000000e+03 9.953500235203260882e-01 4.111793344594588846e-03
4.591000000000000000e+03 9.976152734462584437e-01 4.104866636666837723e-03
4.626000000000000000e+03 1.000880097073962638e+00 4.108163686202564134e-03
4.661000000000000000e+03 9.969855259783677592e-01 4.107803257241169487e-03
4.696000000000000000e+03 1.002518058420061475e+00 4.116983124346743246e-03
4.731000000000000000e+03 1.002169694486302109e+00 4.111335780579483679e-03
4.766000000000000000e+03 1.003507337696662560e+00 4.136354486914889557e-03
4.800000000000000000e+03 9.941371062198166575e-01 4.102067411003834305e-03
4.835000000000000000e+03 9.926076614217836935e-01 4.117496363554022827e-03
4.870000000000000000e+03 9.933192729441981950e-01 4.138218352557498751e-03
4.905000000000000000e+03 9.951802296026643901e-01 4.166769186197392429e-03
4.940000000000000000e+03 9.953471008565613065e-01 4.140853279216496173e-03
4.975000000000000000e+03 9.996508022010665018e-01 4.137922291620761868e-03
5.009000000000000000e+03 9.963100601560160863e-01 4.142484154530480522e-03
5.044000000000000000e+03 9.913266020752058427e-01 4.168843972523053609e-03
5.079000000000000000e+03 9.909841501916922812e-01 4.129593629550228767e-03
5.114000000000000000e+03 9.973651262929509320e-01 4.154170350910335076e-03
5.149000000000000000e+03 9.907930521115333455e-01 4.179587362935281020e-03
5.184000000000000000e+03 9.986445598801270140e-01 4.188505358087040407e-03
5.219000000000000000e+03 9.873661133323397010e-01 4.171854175865780286e-03
5.254000000000000000e+03 9.913932412612410650e-01 4.178779337576518475e-03
5.289000000000000000e+03 9.931713395626714513e-01 4.210842110404291842e-03
5.323000000000000000e+03 9.967213627304676304e-01 4.206175036155084500e-03
5.400000000000000000e+03 9.892868195491955063e-01 4.188703484976504486e-03
5.435000000000000000e+03 9.878608618395906538e-01 4.197565837710051824e-03
5.470000000000000000e+03 9.886838941659606972e-01 4.238182717845470626e-03
5.505000000000000000e+03 9.946916431398024061e-01 4.239064123028327830e-03
5.540000000000000000e+03 9.887089569586478000e-01 4.215798022075769799e-03
5.574000000000000000e+03 9.805456175141652464e-01 4.152764657712062525e-03
5.609000000000000000e+03 9.884341932764930672e-01 4.190816355470928720e-03
5.644000000000000000e+03 9.882181094068467342e-01 4.200046195155209515e-03
5.679000000000000000e+03 9.805853396678767542e-01 4.205721971413596202e-03
5.714000000000000000e+03 9.938079853991552692e-01 4.218649174747983108e-03
5.749000000000000000e+03 9.865888891473895139e-01 4.213488774150737047e-03
5.784000000000000000e+03 9.896605390940367286e-01 4.209028816920781096e-03
5.819000000000000000e+03 9.944693633307231106e-01 4.230880666713149330e-03
5.853000000000000000e+03 9.948603949097664101e-01 4.231974495117366702e-03
5.888000000000000000e+03 9.936583866100260343e-01 4.240364470618193660e-03
5.923000000000000000e+03 9.822114340695385915e-01 4.226951422643079881e-03
5.958000000000000000e+03 9.782277326691555253e-01 4.201360252883397720e-03
5.993000000000000000e+03 1.001349150734808457e+00 4.245362240089715390e-03
6.028000000000000000e+03 9.892830385602492393e-01 4.229081821305703988e-03
6.063000000000000000e+03 9.823912847824304295e-01 4.242939885603022598e-03
6.098000000000000000e+03 9.822772052128204701e-01 4.258484655494216946e-03
6.132000000000000000e+03 9.860876787223376017e-01 4.242936739380046875e-03
6.167000000000000000e+03 9.927226232863091138e-01 4.255595520982233954e-03
6.202000000000000000e+03 9.987245432349901586e-01 4.276664006614972792e-03
6.237000000000000000e+03 9.870134806978532183e-01 4.261406736096116921e-03
6.272000000000000000e+03 9.894361999798312324e-01 4.259436867764470648e-03
6.307000000000000000e+03 9.861693540072548059e-01 4.262628537477254620e-03
6.342000000000000000e+03 9.813943406129648217e-01 4.226494041033316412e-03
6.377000000000000000e+03 9.882325192939350744e-01 4.264980904323360800e-03
6.412000000000000000e+03 9.797657172202796083e-01 4.259175054740590126e-03
6.446000000000000000e+03 9.842552971475422297e-01 4.256364719249109384e-03
6.481000000000000000e+03 9.740674285082017159e-01 4.238398645062480853e-03
6.516000000000000000e+03 9.770700833562482313e-01 4.202636480703840494e-03
6.551000000000000000e+03 9.788174106557222531e-01 4.194324941517176865e-03
6.586000000000000000e+03 9.776019222312082313e-01 4.194094371123264706e-03
6.621000000000000000e+03 9.672722849462529471e-01 4.202209650147607778e-03
6.655000000000000000e+03 9.793945501251700714e-01 4.225387577159917668e-03
6.690000000000000000e+03 9.766675471105168427e-01 4.200086311089597235e-03
6.725000000000000000e+03 9.787735611093079102e-01 4.225175172610172968e-03
6.760000000000000000e+03 9.816688990359655476e-01 4.201248193393906233e-03
6.795000000000000000e+03 9.791319480635976014e-01 4.201525061520147708e-03
6.830000000000000000e+03 9.833480044936715458e-01 4.237132616209264395e-03
6.865000000000000000e+03 9.828989697652835700e-01 4.241340435187940933e-03
6.899000000000000000e+03 9.731519287398798790e-01 4.235446354268270451e-03
6.934000000000000000e+03 9.697890377195903522e-01 4.244252395467425741e-03
6.969000000000000000e+03 9.739818545816629758e-01 4.232725260425478607e-03
7.004000000000000000e+03 9.660963810682464681e-01 4.227609675755859484e-03
7.039000000000000000e+03 9.791081595225442635e-01 4.230753385337088050e-03
7.074000000000000000e+03 9.848318091080422443e-01 4.224271203868246866e-03
7.109000000000000000e+03 9.671669097767946477e-01 4.229479657124959879e-03
7.179000000000000000e+03 9.753534097242803069e-01 4.242836272406227613e-03
7.214000000000000000e+03 9.742308213672760120e-01 4.270627058974374793e-03
7.249000000000000000e+03 9.750108294566326439e-01 4.257654920363005899e-03
7.284000000000000000e+03 9.840464147837083564e-01 4.273045740537496397e-03
7.319000000000000000e+03 9.730121169768969347e-01 4.256176375824529887e-03
7.354000000000000000e+03 9.796599815359564589e-01 4.265287828229568680e-03
7.389000000000000000e+03 9.734304252005536728e-01 4.235490575133516941e-03
7.424000000000000000e+03 9.787718391364310655e-01 4.220175923499539482e-03
7.459000000000000000e+03 9.705007511587540048e-01 4.225930368339144046e-03
7.493000000000000000e+03 9.679601018667616241e-01 4.205608469094341065e-03
7.528000000000000000e+03 9.664938210167777211e-01 4.218400929392225260e-03
7.563000000000000000e+03 9.644107420581111700e-01 4.200509290784728601e-03
7.598000000000000000e+03 9.707758496955933847e-01 4.188318543398653233e-03
7.633000000000000000e+03 9.632151903124616110e-01 4.185990381386267729e-03
7.668000000000000000e+03 9.846031928471618011e-01 4.222476356937931649e-03
7.703000000000000000e+03 9.677159189030523079e-01 4.229187131174364477e-03
7.738000000000000000e+03 9.685814701184891629e-01 4.227753502636077618e-03
7.773000000000000000e+03 9.799979846600134215e-01 4.228160640586850830e-03
7.808000000000000000e+03 9.810544905936857685e-01 4.266954722591764088e-03
7.843000000000000000e+03 9.620547985301739491e-01 4.216795824180601983e-03
7.878000000000000000e+03 9.695873177335826432e-01 4.247396619828715768e-03
7.913000000000000000e+03 9.722121361795064143e-01 4.242559244977041170e-03
7.947000000000000000e+03 9.837067244962256485e-01 4.268015241794457723e-03
7.982000000000000000e+03 9.801311512469371712e-01 4.257662008078752676e-03
8.017000000000000000e+03 9.702948752885494077e-01 4.241402183396935678e-03
8.052000000000000000e+03 9.741373429216880764e-01 4.266588575317547920e-03
8.087000000000000000e+03 9.829528816069845742e-01 4.284017039947034602e-03
8.122000000000000000e+03 9.712068512677557441e-01 4.253229935285537250e-03
8.157000000000000000e+03 9.705946203387627591e-01 4.272957484823725408e-03
8.192000000000000000e+03 9.835883194419622333e-01 4.280578388873630506e-03
8.227000000000000000e+03 9.768003955037201091e-01 4.307485847361942552e-03
8.261000000000000000e+03 9.693170234333985391e-01 4.298172643352619719e-03
8.296000000000000000e+03 9.780401669318593560e-01 4.361704159777060608e-03
8.331000000000000000e+03 9.776189193011690648e-01 4.350279722454500168e-03
8.366000000000000000e+03 9.937895292240356282e-01 4.351840453278476434e-03
8.401000000000000000e+03 9.827856430644018593e-01 4.364680483588640608e-03
8.436000000000000000e+03 9.709962971875353288e-01 4.341672368837343893e-03
8.471000000000000000e+03 9.722285309808751386e-01 4.363733883271524346e-03
8.506000000000000000e+03 9.824296787732333947e-01 4.372097278392384802e-03
8.541000000000000000e+03 9.988024635270650320e-01 4.151528385155685806e-03
8.576000000000000000e+03 9.955679142867704945e-01 3.212474509542792827e-03
8.610000000000000000e+03 9.941970120299654656e-01 3.223553983654220238e-03
8.645000000000000000e+03 9.915501478009567382e-01 3.201310471683379167e-03
8.680000000000000000e+03 9.946073836016148251e-01 3.215687209303737162e-03
8.715000000000000000e+03 9.971119153376641897e-01 3.218863819604873312e-03
8.750000000000000000e+03 9.909812940056276220e-01 3.222254807868462148e-03
8.785000000000000000e+03 9.993787170991832447e-01 3.234269449632979840e-03
8.820000000000000000e+03 9.946255092948665943e-01 3.211722217481354294e-03
8.855000000000000000e+03 9.906503256924366063e-01 3.217372128474157121e-03
8.890000000000000000e+03 9.945613640408589307e-01 3.206950234168557887e-03
8.965000000000000000e+03 9.933847604325225511e-01 3.099804176185656616e-03
9.000000000000000000e+03 9.905862034834683749e-01 3.108687418734409295e-03
9.035000000000000000e+03 9.954827362934138835e-01 3.115397323460286551e-03
9.069000000000000000e+03 9.871790387796236521e-01 3.095435165245666656e-03
9.104000000000000000e+03 9.928143925204061526e-01 3.100177663247988182e-03
9.139000000000000000e+03 1.004375124457425272e+00 3.117292875588211117e-03
9.174000000000000000e+03 9.982435926260686543e-01 3.109620353557829720e-03
9.209000000000000000e+03 1.000819340341970731e+00 3.124961648851310673e-03
9.244000000000000000e+03 9.923117173707004524e-01 3.101817260523363935e-03
9.278000000000000000e+03 1.001239818205683862e+00 3.110391366205241589e-03
9.313000000000000000e+03 9.935092092554528298e-01 3.120387322565038122e-03
9.348000000000000000e+03 9.873125601961159070e-01 3.095307447760499518e-03
9.383000000000000000e+03 1.006576525371791542e+00 3.133320874491296419e-03
9.418000000000000000e+03 9.974586482477479921e-01 3.112689438320099481e-03
9.453000000000000000e+03 9.966759430530732766e-01 3.116681842016420616e-03
9.488000000000000000e+03 9.994726049768415388e-01 3.124436960855082098e-03
9.522000000000000000e+03 9.971398925621058895e-01 3.109176848230320138e-03
9.557000000000000000e+03 9.933925421537245226e-01 3.120715925022821829e-03
9.592000000000000000e+03 9.986879599074967029e-01 3.119140862273584846e-03
9.627000000000000000e+03 1.001457439764495971e+00 3.133545040748846738e-03
9.662000000000000000e+03 1.004159142671549931e+00 3.120692777479262825e-03
9.697000000000000000e+03 9.972980425194181153e-01 3.156570238107840772e-03
9.732000000000000000e+03 9.962479397086766442e-01 3.115938310305496964e-03
9.767000000000000000e+03 9.949587153485891511e-01 3.118580634667770732e-03
9.801000000000000000e+03 9.960522758256790121e-01 3.118250071094728990e-03
9.836000000000000000e+03 9.918309877057841506e-01 3.139854730295637848e-03
9.871000000000000000e+03 9.979971777370889585e-01 3.125662548874856561e-03
9.906000000000000000e+03 1.007041500634949571e+00 3.120599190428521852e-03
9.941000000000000000e+03 1.006057129827052421e+00 3.143777723014805955e-03
9.976000000000000000e+03 9.955858374323164339e-01 3.128524756055788437e-03
1.001100000000000000e+04 1.009956073599042048e+00 3.144284785114946374e-03
1.004500000000000000e+04 1.006301103053441892e+00 3.130566800912638285e-03
1.008000000000000000e+04 1.006966584399122011e+00 3.126760101827922959e-03
1.011500000000000000e+04 9.997300107743523068e-01 3.131100891727293944e-03
1.015000000000000000e+04 9.933335007243055959e-01 3.118112469121871264e-03
1.018500000000000000e+04 1.000612915684194304e+00 3.134185043573906471e-03
1.022000000000000000e+04 1.004473477016449179e+00 3.135597143895712570e-03
1.025500000000000000e+04 1.007361172233176561e+00 3.156697336937558992e-03
1.028900000000000000e+04 1.002240260782901737e+00 3.152691806610585182e-03
1.032400000000000000e+04 1.002435055675109377e+00 3.138195775655417807e-03
1.035900000000000000e+04 9.978031602894645857e-01 3.155900132853743309e-03
1.039400000000000000e+04 1.010294874530721199e+00 3.159029305093928684e-03
1.042900000000000000e+04 9.944905160206937156e-01 3.150229605008285708e-03
1.046400000000000000e+04 1.004163773403086823e+00 3.157064923964211355e-03
1.049900000000000000e+04 1.002025230513999832e+00 3.137751872846891374e-03
1.053300000000000000e+04 1.003475817015861526e+00 3.154565586406158240e-03
1.056800000000000000e+04 9.999452525884149345e-01 3.154710082028083784e-03
1.060300000000000000e+04 1.003261670887280799e+00 3.135335473065576240e-03
1.063800000000000000e+04 1.008399675794365402e+00 3.146036871164642219e-03
1.067300000000000000e+04 1.013729408735311477e+00 3.165024164731985220e-03
1.075800000000000000e+04 1.003537373553641476e+00 3.143835838655145536e-03
1.079300000000000000e+04 1.004641967488426157e+00 3.155775643781912748e-03
1.082800000000000000e+04 1.000361277472455956e+00 3.154060331376818977e-03
1.086300000000000000e+04 1.012322221058517879e+00 3.177409242242353743e-03
1.089700000000000000e+04 1.008586135071171785e+00 3.166803481043988216e-03
1.093200000000000000e+04 1.006754053637838764e+00 3.180876028860456575e-03
1.096700000000000000e+04 1.006576979067831612e+00 3.180375382864292829e-03
1.100200000000000000e+04 1.007858162979085259e+00 3.172461573748321540e-03
1.103700000000000000e+04 1.009943998587228053e+00 3.177676115039014711e-03
1.107200000000000000e+04 1.009374290307061717e+00 3.168702353830260034e-03
1.110700000000000000e+04 1.008156584747147200e+00 3.165237158045216236e-03
1.114200000000000000e+04 1.005170162126424405e+00 3.204280323935574867e-03
1.117700000000000000e+04 1.011133845252574881e+00 3.185460788508836551e-03
1.121100000000000000e+04 1.010358162263655712e+00 3.199426026379810668e-03
1.124600000000000000e+04 1.006101160518209303e+00 3.176678761370288918e-03
1.128100000000000000e+04 1.000105306318040954e+00 3.186799280677193001e-03
1.131600000000000000e+04 1.001420737723513366e+00 3.174996870666670946e-03
1.135100000000000000e+04 1.001665204700393774e+00 3.189323768925295816e-03
1.138600000000000000e+04 9.918852958782274909e-01 3.259571038733140563e-03
1.142100000000000000e+04 9.961193542778646881e-01 3.315411199750910570e-03
1.145600000000000000e+04 9.918423734201924358e-01 3.298077174992809692e-03
1.149100000000000000e+04 9.963212697252021854e-01 3.410857804636659163e-03
1.152500000000000000e+04 9.970342553303714883e-01 3.405706029327021812e-03
1.156000000000000000e+04 9.948681081107549895e-01 3.393820127900605554e-03
1.159500000000000000e+04 9.868708059606244865e-01 3.346518703031512061e-03
1.163000000000000000e+04 9.964563145351689188e-01 3.312135628174773822e-03
1.166500000000000000e+04 1.001696756889527640e+00 3.280794419527866077e-03
1.170000000000000000e+04 1.007630181377322076e+00 3.237385158688105367e-03
1.173500000000000000e+04 1.000741255430763088e+00 3.213696155526453522e-03
1.177000000000000000e+04 1.003709435861294796e+00 3.226591598455385516e-03
1.180500000000000000e+04 1.006468261215204052e+00 3.209245732242274086e-03
1.184000000000000000e+04 9.987543771801534742e-01 3.194032556680265113e-03
1.187400000000000000e+04 9.954557324004597030e-01 3.203138231896600786e-03
1.190900000000000000e+04 9.945032719873192484e-01 3.209883749943506781e-03
1.194400000000000000e+04 9.939628551592063488e-01 3.201310642112973216e-03
1.197900000000000000e+04 9.961864109440007331e-01 3.206109704219873343e-03
1.201400000000000000e+04 9.893307923516815316e-01 3.189239459567964809e-03
1.204900000000000000e+04 9.859843162275979678e-01 3.207158052809099859e-03
1.208400000000000000e+04 9.936825512361330270e-01 3.246878219888332286e-03
1.211900000000000000e+04 1.000054747411584843e+00 3.226541886763393489e-03
1.215400000000000000e+04 9.919869941488798082e-01 3.209121324433180517e-03
1.218800000000000000e+04 9.954704120078394780e-01 3.221892434604998329e-03
1.222300000000000000e+04 9.934106763770048643e-01 3.221224977405052255e-03
1.225800000000000000e+04 9.895241740565602351e-01 3.215138927544640684e-03
1.229300000000000000e+04 9.947860343777998882e-01 3.212743072914195190e-03
1.232800000000000000e+04 9.813354969070906542e-01 3.197563891883056179e-03
1.236300000000000000e+04 9.897124745219777475e-01 3.219623420145004307e-03
1.239800000000000000e+04 9.914455051666913876e-01 3.236473505140875871e-03
1.243200000000000000e+04 9.932497336526514564e-01 3.222872299458786217e-03
1.246700000000000000e+04 9.878225114605020396e-01 3.206357965127804455e-03
