0.000000000000000000e+00 1.033140014292379893e+00 8.073841277784377102e-02
3.500000000000000000e+01 1.110324855622554896e+00 8.025937220932685690e-02
7.000000000000000000e+01 1.072507351778036799e+00 8.043347885521041907e-02
1.040000000000000000e+02 1.136854161449737832e+00 8.042816719932777136e-02
1.390000000000000000e+02 1.024671363306374650e+00 8.032759041230518038e-02
1.740000000000000000e+02 1.004080779165455573e+00 7.982178743645322594e-02
2.090000000000000000e+02 9.203431943915830749e-01 7.938279875355545856e-02
2.440000000000000000e+02 1.040024202226736083e+00 7.957640028794629727e-02
2.790000000000000000e+02 9.820937682986816686e-01 7.966430713849326217e-02
3.140000000000000000e+02 8.843345186714155481e-01 7.984752663886765522e-02
3.490000000000000000e+02 1.124007363375705948e+00 8.009377337504347549e-02
3.840000000000000000e+02 9.621042697951684985e-01 7.930287058645102416e-02
4.190000000000000000e+02 7.558650283303931516e-01 7.922177169768337968e-02
4.530000000000000000e+02 9.767429738018492680e-01 7.873157936318922467e-02
4.880000000000000000e+02 8.484476052528322487e-01 7.897239462827568279e-02
5.230000000000000000e+02 1.093424186537528042e+00 7.885989516185862302e-02
5.580000000000000000e+02 9.643214697411169878e-01 7.896956941444874256e-02
5.930000000000000000e+02 1.034441181928950293e+00 7.835563433126334354e-02
6.270000000000000000e+02 9.645393009070226675e-01 7.886019762899001972e-02
6.620000000000000000e+02 9.973634823352685030e-01 7.815769763953535343e-02
6.970000000000000000e+02 1.115182762531867988e+00 7.819994150813525113e-02
7.320000000000000000e+02 1.011474576686757221e+00 7.850034385339915710e-02
7.670000000000000000e+02 1.168699885386067061e+00 7.849122653830378771e-02
8.020000000000000000e+02 9.409579011273805360e-01 7.745359904163068299e-02
8.360000000000000000e+02 9.363707657082511737e-01 7.591912922230735494e-02
8.710000000000000000e+02 1.204910103692494294e+00 7.739613651233843983e-02
9.060000000000000000e+02 1.158359931760339467e+00 7.705812094366525089e-02
9.410000000000000000e+02 1.113475796131256912e+00 7.584375453904924902e-02
9.760000000000000000e+02 1.064124678714984729e+00 7.556357559600382356e-02
1.011000000000000000e+03 9.857807980554201821e-01 7.623594093177409048e-02
1.046000000000000000e+03 9.213117821553959974e-01 7.547648747968972727e-02
1.080000000000000000e+03 9.082943998906302108e-01 7.555196423270990613e-02
1.115000000000000000e+03 1.066483014441311106e+00 7.548700122140224178e-02
1.150000000000000000e+03 8.700780497995476148e-01 7.568455417490980996e-02
1.185000000000000000e+03 1.026035445792121248e+00 7.600421384655095536e-02
1.220000000000000000e+03 1.132157716726137631e+00 7.628620751649327347e-02
1.255000000000000000e+03 9.023542207388922654e-01 7.589351525124528319e-02
1.289000000000000000e+03 9.406843030071104783e-01 7.610453656859759997e-02
1.324000000000000000e+03 9.421036428200025847e-01 7.722166845589689688e-02
1.358000000000000000e+03 1.074470662978715518e+00 7.692439320846128359e-02
1.393000000000000000e+03 1.130218226719035934e+00 7.553982395478228695e-02
1.428000000000000000e+03 1.050371371200564452e+00 7.597152214522778779e-02
1.463000000000000000e+03 1.017782044225590488e+00 7.651668130854467897e-02
1.498000000000000000e+03 1.013875874700498336e+00 7.604658047775508800e-02
1.533000000000000000e+03 1.088159448728822865e+00 7.596422741684882851e-02
1.567000000000000000e+03 1.037618595341815775e+00 7.594750929313748289e-02
1.602000000000000000e+03 1.160306884662507532e+00 7.586382152742478235e-02
1.637000000000000000e+03 1.059027143556619643e+00 7.597468441602629741e-02
1.672000000000000000e+03 9.673794804649902268e-01 7.542705284541255384e-02
1.707000000000000000e+03 1.124850172924664271e+00 7.575938084892748503e-02
1.750000000000000000e+03 1.101485612139054604e+00 7.537802048337187422e-02
1.785000000000000000e+03 1.176271604582990848e+00 7.576617427107511238e-02
1.820000000000000000e+03 1.290161388373864071e+00 7.588244744309079193e-02
1.855000000000000000e+03 8.794492187636040459e-01 7.573338821120477460e-02
1.890000000000000000e+03 9.896888512319377273e-01 7.602556316606155773e-02
1.925000000000000000e+03 1.043913991916320505e+00 7.575139447237271006e-02
1.960000000000000000e+03 1.159432888282719398e+00 7.628877835780327465e-02
1.995000000000000000e+03 9.575409522964614117e-01 7.690049090303593959e-02
2.030000000000000000e+03 1.017695545954528935e+00 7.685573545372480220e-02
2.064000000000000000e+03 1.045092656976112755e+00 7.691124351413770877e-02
2.099000000000000000e+03 9.897941322372586503e-01 7.619923866948812019e-02
2.134000000000000000e+03 1.138562565871423571e+00 7.639658043422542510e-02
2.169000000000000000e+03 1.142033790336829613e+00 7.620208241078817168e-02
2.204000000000000000e+03 1.013760072692642566e+00 7.613764920786228463e-02
2.239000000000000000e+03 1.161108442938723950e+00 7.682550635762518121e-02
2.274000000000000000e+03 1.014952800068110950e+00 7.540435565288075570e-02
2.309000000000000000e+03 9.940907246838862621e-01 7.564193689534215448e-02
2.344000000000000000e+03 1.072965116043346434e+00 7.523803701976011782e-02
2.378000000000000000e+03 1.016535455308329228e+00 7.512075707227844346e-02
2.413000000000000000e+03 1.067082897434862510e+00 7.429089140329774021e-02
2.448000000000000000e+03 1.112630123211371114e+00 7.483605508627784453e-02
2.483000000000000000e+03 1.018353033165389387e+00 7.456753881375280391e-02
2.518000000000000000e+03 1.155139542160311450e+00 7.431792620513345826e-02
2.553000000000000000e+03 1.119337723168857268e+00 7.490870753574715990e-02
2.587000000000000000e+03 9.612120391817839948e-01 7.560629943306161616e-02
2.622000000000000000e+03 1.220893845295440761e+00 7.515137962373462377e-02
2.657000000000000000e+03 1.081031697478370690e+00 7.572066130231067116e-02
2.692000000000000000e+03 1.083956272884171401e+00 7.584877820241281432e-02
2.727000000000000000e+03 1.060124913288737147e+00 7.574761232147149415e-02
2.762000000000000000e+03 9.507058120885936159e-01 7.599635067136854827e-02
2.797000000000000000e+03 9.987739520277035821e-01 7.605069325900777610e-02
2.832000000000000000e+03 1.041682382194302425e+00 7.613353159795235858e-02
2.867000000000000000e+03 1.032818437441280102e+00 7.611117554594803991e-02
2.901000000000000000e+03 1.120713686669422726e+00 7.537263650595579789e-02
2.936000000000000000e+03 1.088028760938934969e+00 7.589980381555787303e-02
2.971000000000000000e+03 1.094404036583715989e+00 7.516106645588890856e-02
3.006000000000000000e+03 1.054231476453514338e+00 7.609812526934843502e-02
3.041000000000000000e+03 1.034926917824151804e+00 7.561581241232016859e-02
3.076000000000000000e+03 1.129018325443004400e+00 7.604046371887178413e-02
3.111000000000000000e+03 9.108125393722233953e-01 7.665085005547774000e-02
3.146000000000000000e+03 1.202487259413626219e+00 7.612327029332278949e-02
3.181000000000000000e+03 1.070485496832046302e+00 7.653491582575858154e-02
3.216000000000000000e+03 1.147586870073099563e+00 7.844888404824784667e-02
3.250000000000000000e+03 8.988691705272143784e-01 8.128910734129707327e-02
3.285000000000000000e+03 1.071211192605805884e+00 7.662419059016647993e-02
3.320000000000000000e+03 1.023912994660123754e+00 7.708476687459250853e-02
3.355000000000000000e+03 8.259331568142461721e-01 1.041747805421617545e-01
3.390000000000000000e+03 9.402682770705527160e-01 8.034938930607755936e-02
3.425000000000000000e+03 1.060117082232684194e+00 7.580279648942697679e-02
3.459000000000000000e+03 9.739721413664698124e-01 7.638200940021144802e-02
3.508000000000000000e+03 1.145326938926698235e+00 7.581649971411731637e-02
3.543000000000000000e+03 9.911287460312517839e-01 7.586037306797113744e-02
3.578000000000000000e+03 9.637697869138430740e-01 7.600303833245503071e-02
3.613000000000000000e+03 1.173608779366546617e+00 7.626438552283353045e-02
3.648000000000000000e+03 1.156761661900977067e+00 7.648629121829864097e-02
3.683000000000000000e+03 1.010564505338092278e+00 7.661552508586766397e-02
3.717000000000000000e+03 1.005418579489116615e+00 7.690829365790932681e-02
3.752000000000000000e+03 1.015582725749354598e+00 7.638136575373977166e-02
3.787000000000000000e+03 1.025221721197217439e+00 7.646559297940754008e-02
3.822000000000000000e+03 1.308588672658034913e+00 7.677837256643912922e-02
3.857000000000000000e+03 1.165530847831963035e+00 7.742595972173919872e-02
3.892000000000000000e+03 1.168762608385898183e+00 7.750549948527592214e-02
3.927000000000000000e+03 1.083945011366792999e+00 7.677486790858688293e-02
3.962000000000000000e+03 1.121145432123471952e+00 7.685640054569288504e-02
3.997000000000000000e+03 1.013705085252534888e+00 7.742845048088611848e-02
4.031000000000000000e+03 1.076050414284041690e+00 7.735253947005259201e-02
4.066000000000000000e+03 1.073736287425701041e+00 7.822226977218756094e-02
4.101000000000000000e+03 8.976739442152720239e-01 7.748099715550142708e-02
4.136000000000000000e+03 9.625454680772953520e-01 7.704991902156754779e-02
4.171000000000000000e+03 1.033736458443251793e+00 7.679382550705005084e-02
4.206000000000000000e+03 8.482006053502796350e-01 7.736503106184262901e-02
4.240000000000000000e+03 9.905770748479884036e-01 7.883868597027705871e-02
4.275000000000000000e+03 9.222884746563717595e-01 7.738038878216003946e-02
4.310000000000000000e+03 9.321930848619029986e-01 7.911832572949061004e-02
4.345000000000000000e+03 9.508778751068724944e-01 7.939895406278928147e-02
4.380000000000000000e+03 9.316988139948353398e-01 8.076296442441173451e-02
4.415000000000000000e+03 9.218450449405785063e-01 7.976655524138366593e-02
4.450000000000000000e+03 1.054896557554108050e+00 8.385525249414425841e-02
4.483000000000000000e+03 1.118732443534390830e+00 8.327778698505020061e-02
4.518000000000000000e+03 1.161008364934782211e+00 8.426311080636551820e-02
4.553000000000000000e+03 1.055028294893840091e+00 8.132567982546951013e-02
4.588000000000000000e+03 1.165958763760993611e+00 7.869884959860881657e-02
4.623000000000000000e+03 1.162482116904716811e+00 8.025241421192641500e-02
4.658000000000000000e+03 9.964437244544889216e-01 8.001203767158261704e-02
4.692000000000000000e+03 1.087291971240960997e+00 7.937956425787215387e-02
4.727000000000000000e+03 9.222640026358918108e-01 7.829451223943030558e-02
4.762000000000000000e+03 1.034836130218719674e+00 7.797337912552819439e-02
4.797000000000000000e+03 9.970607061212573008e-01 7.829637845817591368e-02
4.832000000000000000e+03 1.017418235552549843e+00 7.707196461222766415e-02
4.867000000000000000e+03 1.012042583993046252e+00 7.683763318979831836e-02
4.902000000000000000e+03 1.166985757393624423e+00 7.749670106903930322e-02
4.937000000000000000e+03 9.437842971814873749e-01 7.670408931488985338e-02
4.971000000000000000e+03 1.107141034166561733e+00 7.762441028809463628e-02
5.006000000000000000e+03 1.086590200185709287e+00 7.727917167889694627e-02
5.041000000000000000e+03 9.802456561787857847e-01 7.695239376291707067e-02
5.076000000000000000e+03 9.320232433371038461e-01 7.703309161559317164e-02
5.111000000000000000e+03 8.849188108985546197e-01 7.702280114078713380e-02
5.146000000000000000e+03 1.185588016714177240e+00 7.789134344824120981e-02
5.181000000000000000e+03 1.194432068356547472e+00 7.744147581006420589e-02
5.215000000000000000e+03 8.108899541333526306e-01 7.732555772120704163e-02
5.267000000000000000e+03 8.448686153614064498e-01 7.748562882764190030e-02
5.302000000000000000e+03 1.146329785275002955e+00 7.772086044442561015e-02
5.337000000000000000e+03 1.049191472228511612e+00 7.729366319795592799e-02
5.371000000000000000e+03 8.047592828034558776e-01 7.740979585479047798e-02
5.406000000000000000e+03 7.585666967304380837e-01 7.714981385564044503e-02
5.441000000000000000e+03 8.637762072712888983e-01 7.741116379858260788e-02
5.476000000000000000e+03 1.031634642949596836e+00 7.755008416033228047e-02
5.511000000000000000e+03 7.551060623488079493e-01 7.741386730014328255e-02
5.546000000000000000e+03 8.555005653631676532e-01 8.074054673503600066e-02
5.581000000000000000e+03 6.935728425927855101e-01 8.020549623430638098e-02
5.615000000000000000e+03 9.741293814423970243e-01 7.752493350839037567e-02
5.650000000000000000e+03 6.987011132211812248e-01 7.770512204510424126e-02
5.685000000000000000e+03 8.104119474015193392e-01 7.693139450102931542e-02
5.720000000000000000e+03 8.187249145750761237e-01 7.726157419306715901e-02
5.755000000000000000e+03 8.416494786944538342e-01 7.714091303380722631e-02
5.790000000000000000e+03 7.960227412270474145e-01 7.799537344467669109e-02
5.825000000000000000e+03 8.574272369675070005e-01 7.730509744564711960e-02
5.859000000000000000e+03 7.188547399843268071e-01 7.702007900721900835e-02
5.894000000000000000e+03 8.437004867803122865e-01 7.659701429666126993e-02
5.929000000000000000e+03 9.359045317663120533e-01 7.786439383608378950e-02
5.964000000000000000e+03 7.347924121932792874e-01 7.836016990046652808e-02
5.999000000000000000e+03 8.974871685734788773e-01 7.960397102306562833e-02
6.034000000000000000e+03 1.025939337866120793e+00 9.231293087615821680e-02
6.068000000000000000e+03 8.962346052794739615e-01 8.341009873756444204e-02
6.103000000000000000e+03 8.979589344662050054e-01 7.859903437860663034e-02
6.138000000000000000e+03 7.354886247309405656e-01 8.129004450780270841e-02
6.173000000000000000e+03 1.005128466617781324e+00 7.875668476843285248e-02
6.208000000000000000e+03 9.820476092627711262e-01 7.786853305436526596e-02
6.243000000000000000e+03 7.356337254648047663e-01 7.782347827323525535e-02
6.278000000000000000e+03 7.995344395820808137e-01 7.756975707666820263e-02
6.313000000000000000e+03 9.489669237118640854e-01 7.738070084218059974e-02
6.348000000000000000e+03 8.755106091059372542e-01 7.751975854752646278e-02
6.382000000000000000e+03 8.248994300551901748e-01 7.730564247251119070e-02
6.417000000000000000e+03 8.200237281656368449e-01 7.729950144428622549e-02
6.452000000000000000e+03 8.353608082639691901e-01 7.709450265605913288e-02
6.487000000000000000e+03 1.019917791178950317e+00 7.767104586079648376e-02
6.522000000000000000e+03 7.858616459224271322e-01 7.783942899981569075e-02
6.557000000000000000e+03 8.352474255059547659e-01 7.750789884436003196e-02
6.591000000000000000e+03 8.271725420618958324e-01 7.705290659016823807e-02
6.626000000000000000e+03 9.854819024268794969e-01 9.068145629925956908e-02
6.661000000000000000e+03 1.022535868915651847e+00 7.932435247783713173e-02
6.696000000000000000e+03 8.954842816867309985e-01 7.693393811272072891e-02
6.731000000000000000e+03 9.476759348610724887e-01 7.723156075942583243e-02
6.766000000000000000e+03 6.737732820337727357e-01 7.742506842969382186e-02
6.801000000000000000e+03 9.316132117865359996e-01 7.791408037710263745e-02
6.836000000000000000e+03 9.201225000142544408e-01 7.811103648713731140e-02
6.871000000000000000e+03 8.113456105501227755e-01 7.771766880706500180e-02
6.905000000000000000e+03 1.016102695538068534e+00 7.721085468362028081e-02
6.940000000000000000e+03 9.003478301751413060e-01 7.780093599565826579e-02
6.975000000000000000e+03 9.853590393653501867e-01 7.855515981189921393e-02
7.022000000000000000e+03 9.484630218268236268e-01 7.839908569321880905e-02
7.057000000000000000e+03 7.998824323580132623e-01 7.821915123109973722e-02
7.092000000000000000e+03 8.957693569763710562e-01 7.849880839255413134e-02
7.127000000000000000e+03 8.537478489454285446e-01 7.828671733812665734e-02
7.162000000000000000e+03 8.772931610162397753e-01 7.755771398120440974e-02
7.197000000000000000e+03 8.630076796572738740e-01 7.749067789667453410e-02
7.232000000000000000e+03 7.862675680224272545e-01 7.747413630131788631e-02
7.266000000000000000e+03 8.524361727989171467e-01 7.782154053493096912e-02
7.301000000000000000e+03 8.356602720429399112e-01 7.780334953397397002e-02
7.336000000000000000e+03 9.324034449273538305e-01 7.839421333786197876e-02
7.371000000000000000e+03 8.201493426502276529e-01 7.892034311756761233e-02
7.406000000000000000e+03 7.120161158550696312e-01 7.864252493602945371e-02
7.441000000000000000e+03 8.729604403894901665e-01 7.904864332865503551e-02
7.476000000000000000e+03 7.320724969389408310e-01 7.906896639030645824e-02
7.511000000000000000e+03 7.811795172435340717e-01 7.985422565238488313e-02
7.545000000000000000e+03 9.582561534417998184e-01 7.911976511652286936e-02
7.580000000000000000e+03 7.040390454287570599e-01 7.959787494556271048e-02
7.615000000000000000e+03 8.267158742429491225e-01 7.884484585580338323e-02
7.650000000000000000e+03 9.081775981555763044e-01 7.905297679516176679e-02
7.685000000000000000e+03 7.538384349482656344e-01 7.880690848099859702e-02
7.720000000000000000e+03 7.140447319175903251e-01 7.881697315561690675e-02
7.755000000000000000e+03 8.216770353432036877e-01 7.848456720948319976e-02
7.789000000000000000e+03 7.921605294843916401e-01 7.870487942816406512e-02
7.824000000000000000e+03 8.662166944450935269e-01 7.880475368030963323e-02
7.859000000000000000e+03 8.349570351327376683e-01 7.848555804998733065e-02
7.894000000000000000e+03 8.239125401486814271e-01 7.869576164769631621e-02
7.929000000000000000e+03 7.361722806453768753e-01 7.889800391784360101e-02
7.964000000000000000e+03 8.049835755668426351e-01 7.894901254285567604e-02
7.999000000000000000e+03 9.511035642981012783e-01 7.895335583199791785e-02
8.034000000000000000e+03 8.546269774369913419e-01 7.884198856813245948e-02
8.069000000000000000e+03 6.910212086191744874e-01 7.852257495841889756e-02
8.104000000000000000e+03 8.703150269851378518e-01 7.938208294912946217e-02
8.138000000000000000e+03 8.899778810973099086e-01 7.910289147460952686e-02
8.173000000000000000e+03 9.532295050996368868e-01 7.934233960830662513e-02
8.208000000000000000e+03 1.015049313601381620e+00 7.893362234421813506e-02
8.243000000000000000e+03 8.760911355902504249e-01 7.869480746138689253e-02
8.278000000000000000e+03 7.707555343722410912e-01 7.914924583113747136e-02
8.313000000000000000e+03 9.330278854028541957e-01 7.937017603141796607e-02
8.348000000000000000e+03 6.438492600956190470e-01 7.860300430189520737e-02
8.383000000000000000e+03 8.181517000914323434e-01 7.914804150292624463e-02
8.418000000000000000e+03 9.082370713797965900e-01 7.922828663856250342e-02
8.453000000000000000e+03 7.920554803472003025e-01 7.913932053725880600e-02
8.487000000000000000e+03 8.968437387406665851e-01 7.908998598116764867e-02
8.522000000000000000e+03 9.692499216625096725e-01 7.952624226146259856e-02
8.557000000000000000e+03 7.855591947918931783e-01 7.903497856005194111e-02
8.592000000000000000e+03 7.576658417466056727e-01 7.932884286097556525e-02
8.627000000000000000e+03 1.054815802842438144e+00 7.918466648297697863e-02
8.662000000000000000e+03 7.797216809835384455e-01 7.932315497599939924e-02
8.697000000000000000e+03 7.648196697261677723e-01 7.951607948728663111e-02
8.731000000000000000e+03 1.055534367408929475e+00 8.029024625028043094e-02
8.777000000000000000e+03 9.650331449670587203e-01 7.978040129655782076e-02
8.812000000000000000e+03 8.149318083155639991e-01 8.021549833634139537e-02
8.847000000000000000e+03 8.492778046463766994e-01 8.073661151985865592e-02
8.882000000000000000e+03 9.656293366310682025e-01 8.066796365206188590e-02
8.917000000000000000e+03 1.111190500004229254e+00 8.045194065263873429e-02
8.952000000000000000e+03 8.814043154534656477e-01 7.979093555472528687e-02
8.986000000000000000e+03 9.772489118745781855e-01 7.983764433409351602e-02
9.021000000000000000e+03 7.719291802610814823e-01 8.051211202248576004e-02
9.056000000000000000e+03 1.065322707822865977e+00 8.016652978484629932e-02
9.091000000000000000e+03 8.641968754021620569e-01 8.013134686872115664e-02
9.126000000000000000e+03 8.055019683777724371e-01 8.060904814381068817e-02
9.161000000000000000e+03 1.043507648994780768e+00 8.075640502551188760e-02
9.196000000000000000e+03 1.275292871869420086e+00 8.045538238583657686e-02
9.231000000000000000e+03 9.295844271039035434e-01 8.127735455705317746e-02
9.265000000000000000e+03 9.159940270058909428e-01 8.099343266566863542e-02
9.300000000000000000e+03 1.026642622576373176e+00 5.111314897723710782e-02
9.335000000000000000e+03 9.899640439188825969e-01 5.104784319281143595e-02
9.370000000000000000e+03 1.140348166279927522e+00 5.113110333561771831e-02
9.405000000000000000e+03 9.930699194781480443e-01 5.105288662566864061e-02
9.440000000000000000e+03 1.130530423243317983e+00 5.125259354512122500e-02
9.475000000000000000e+03 1.047771924138961808e+00 5.123304259779824787e-02
9.510000000000000000e+03 1.008669855519734426e+00 5.122750377772607860e-02
9.545000000000000000e+03 1.016946567251139966e+00 5.177922803001638180e-02
9.580000000000000000e+03 1.036778414814072624e+00 5.122372954346988277e-02
9.615000000000000000e+03 1.107714174723531286e+00 5.122079550885060006e-02
9.649000000000000000e+03 1.023685678096024843e+00 5.132866054326504224e-02
9.684000000000000000e+03 9.781494729310081793e-01 5.092344868106592898e-02
9.719000000000000000e+03 1.174778614950665379e+00 5.146391208611042489e-02
9.754000000000000000e+03 9.795068555319921266e-01 5.123480167571482086e-02
9.789000000000000000e+03 1.053023114811608707e+00 5.145360851170162342e-02
9.824000000000000000e+03 9.834909512743367221e-01 5.128130541376122592e-02
9.859000000000000000e+03 1.140109849360376293e+00 5.139795556884667327e-02
9.893000000000000000e+03 1.025093805705723282e+00 5.146118990706884111e-02
9.928000000000000000e+03 1.044240563336767957e+00 5.158861461374330409e-02
9.963000000000000000e+03 9.924476151315475558e-01 5.153646772820352079e-02
9.998000000000000000e+03 9.318173114989037886e-01 5.095891855052765707e-02
1.003300000000000000e+04 1.102982531621358619e+00 5.116716266056141327e-02
1.006800000000000000e+04 9.365467736229089457e-01 5.116260335063532033e-02
1.010300000000000000e+04 9.850973754936457327e-01 5.170038733659351737e-02
1.013800000000000000e+04 1.027173030011091726e+00 5.162521661438459336e-02
1.017200000000000000e+04 1.022181288711681901e+00 5.152978270199888577e-02
1.020700000000000000e+04 1.072356931652516776e+00 5.140419659093332233e-02
1.024200000000000000e+04 1.153377608333164384e+00 5.156419197641093355e-02
1.027700000000000000e+04 1.072133224390892980e+00 5.155469611390838675e-02
1.031200000000000000e+04 1.024083727924998133e+00 5.139933340467486150e-02
1.034700000000000000e+04 9.448232521098547387e-01 5.157434240576324463e-02
1.038100000000000000e+04 1.115227608088891209e+00 5.154651015780000595e-02
1.041600000000000000e+04 1.095989260940859022e+00 5.211962181716890685e-02
1.045100000000000000e+04 1.113325427893354869e+00 5.233820813723902982e-02
1.048600000000000000e+04 1.075969740734953772e+00 5.185938570544902648e-02
1.052800000000000000e+04 1.114291382311283440e+00 5.179227534426657231e-02
1.056300000000000000e+04 9.921959710108773089e-01 5.160903660845358315e-02
1.059800000000000000e+04 1.000205156474478496e+00 5.167597307338330642e-02
1.063300000000000000e+04 1.040517530834641047e+00 5.120628544294539286e-02
1.066800000000000000e+04 1.019283396506708517e+00 5.148169198433004412e-02
1.070300000000000000e+04 1.041401298677726572e+00 5.165409489115910247e-02
1.073800000000000000e+04 1.096971341556942425e+00 5.169894509362288337e-02
1.077200000000000000e+04 9.946903014076451388e-01 5.105513872767571820e-02
1.080700000000000000e+04 9.898340433198169475e-01 5.126356297436310966e-02
1.084200000000000000e+04 1.175571893794201461e+00 5.165037159289535135e-02
1.087700000000000000e+04 1.052966655941537155e+00 5.165821480213902278e-02
1.091200000000000000e+04 1.105945184990056118e+00 5.173960464263985259e-02
1.094700000000000000e+04 1.194779350301913512e+00 5.175891125022027972e-02
1.098200000000000000e+04 1.005463599216247506e+00 5.146886403223210893e-02
1.101700000000000000e+04 1.115882213537514156e+00 5.141892399863266100e-02
1.105100000000000000e+04 1.041766089785099103e+00 5.132257632069452125e-02
1.108600000000000000e+04 9.688651486484777253e-01 5.117059622348247433e-02
1.112100000000000000e+04 9.889158474397380383e-01 5.135232700006154422e-02
1.115600000000000000e+04 1.037707143464667192e+00 5.191862565130797580e-02
1.119100000000000000e+04 9.087839047950821980e-01 5.194048567118279142e-02
1.122600000000000000e+04 1.024227554573642340e+00 5.231991964162634873e-02
1.126100000000000000e+04 1.050858546761420431e+00 5.261670829236440861e-02
1.129600000000000000e+04 1.000598681256779310e+00 5.277189370678037061e-02
1.133000000000000000e+04 1.042169621553829195e+00 5.429528141105884748e-02
1.136500000000000000e+04 1.018345799761882997e+00 5.338133918885169804e-02
1.140000000000000000e+04 9.158467001531581664e-01 5.343151981504010162e-02
1.143500000000000000e+04 1.032475423548907534e+00 5.295205280738893294e-02
1.147000000000000000e+04 1.100270248240694526e+00 5.345940044270849900e-02
1.150500000000000000e+04 1.010345887693422373e+00 5.348382013745462543e-02
1.153900000000000000e+04 1.042463040189592238e+00 5.342889395406566488e-02
1.157400000000000000e+04 1.130323572725100201e+00 5.401180025680516611e-02
1.160900000000000000e+04 1.002060326533098733e+00 5.388406508418705498e-02
1.164400000000000000e+04 9.997948435255212818e-01 5.400877692228672061e-02
1.167900000000000000e+04 1.146407136692372042e+00 5.402695429874643240e-02
1.171400000000000000e+04 1.062414131768895542e+00 5.408408501532756957e-02
1.174900000000000000e+04 1.063956344415535993e+00 5.444621741716727109e-02
1.178400000000000000e+04 9.721993275893816566e-01 5.410880875268043316e-02
1.181800000000000000e+04 9.847042469790486807e-01 5.410236014673387023e-02
1.185300000000000000e+04 1.061484778443188892e+00 5.441109458360563617e-02
1.188800000000000000e+04 9.546813081914329313e-01 5.427307008630057744e-02
1.192300000000000000e+04 1.104979827239986445e+00 5.452432651807469915e-02
1.195800000000000000e+04 1.042623547929604655e+00 5.437272214990396257e-02
1.199300000000000000e+04 1.086085757857706335e+00 5.433647676992645753e-02
1.202800000000000000e+04 1.018852863876400949e+00 5.432260589053992256e-02
1.206200000000000000e+04 1.047015205509721270e+00 5.413905430734920060e-02
1.209700000000000000e+04 9.822530866547397599e-01 5.442373437770888639e-02
1.213200000000000000e+04 9.973737350930453882e-01 5.461830426816055573e-02
1.216700000000000000e+04 1.086214919042987503e+00 5.489143275410800910e-02
1.220200000000000000e+04 1.034390715212530232e+00 5.489427621365993576e-02
1.223700000000000000e+04 1.113824572836626947e+00 5.513939438963762901e-02
