0.000000000000000000e+00 1.026852919028638844e+00 4.226309413179559632e-02
3.500000000000000000e+01 1.004900044744688969e+00 4.198099411697173849e-02
7.000000000000000000e+01 1.121394408642497842e+00 4.211574713665772185e-02
1.040000000000000000e+02 1.053974465865833876e+00 4.205638078587346090e-02
1.390000000000000000e+02 1.038316842279553009e+00 4.201662380016094739e-02
1.740000000000000000e+02 9.411467653632313857e-01 4.173890797924326157e-02
2.090000000000000000e+02 1.021437749022701791e+00 4.158235258814196172e-02
2.440000000000000000e+02 1.014472720809108219e+00 4.165329686154223970e-02
2.790000000000000000e+02 9.987002945092279260e-01 4.166721276221557052e-02
3.140000000000000000e+02 1.062537998642369752e+00 4.184222926799481546e-02
3.490000000000000000e+02 1.029266791548239635e+00 4.189191426643065763e-02
3.840000000000000000e+02 9.275818608665080678e-01 4.148263880214471400e-02
4.190000000000000000e+02 1.050162638500981904e+00 4.153502156079378477e-02
4.530000000000000000e+02 1.095450040500045796e+00 4.123201432162417607e-02
4.880000000000000000e+02 9.575352241149738264e-01 4.133315847845279306e-02
5.230000000000000000e+02 9.922898984576845605e-01 4.125027252247013415e-02
5.580000000000000000e+02 1.017814609990081998e+00 4.131635892645640906e-02
5.930000000000000000e+02 9.591227177541277182e-01 4.097693110093726665e-02
6.270000000000000000e+02 1.030082857471094293e+00 4.128754988306943680e-02
6.620000000000000000e+02 1.000230696032677447e+00 4.091705067063079737e-02
6.970000000000000000e+02 1.056841568020973066e+00 4.090420455522954940e-02
7.320000000000000000e+02 1.018651499529168891e+00 4.105746817292538209e-02
7.670000000000000000e+02 1.030875728133095137e+00 4.104972879803484020e-02
8.020000000000000000e+02 1.044388442513941362e+00 4.058068777364490232e-02
8.360000000000000000e+02 9.673744390460086162e-01 3.971382634059616307e-02
8.710000000000000000e+02 9.759721545960604594e-01 4.046439692007419708e-02
9.060000000000000000e+02 9.988535744578100894e-01 4.031111188109474941e-02
9.410000000000000000e+02 9.998239593159852223e-01 3.966409575148428790e-02
9.760000000000000000e+02 1.007615542496965277e+00 3.956194384231468547e-02
1.011000000000000000e+03 9.062212216126749320e-01 3.987393180292315986e-02
1.046000000000000000e+03 1.001183178173414401e+00 3.953109856678801992e-02
1.080000000000000000e+03 9.670307965886945079e-01 3.957088921788271679e-02
1.115000000000000000e+03 9.579498775541177569e-01 3.951086518064498426e-02
1.150000000000000000e+03 1.059393049534611109e+00 3.968727350223930778e-02
1.185000000000000000e+03 1.047546247046474921e+00 3.980458185927111814e-02
1.220000000000000000e+03 9.628609985892554457e-01 3.991680481291660920e-02
1.255000000000000000e+03 9.852740779350320777e-01 3.977407765153530977e-02
1.289000000000000000e+03 1.009421762603610384e+00 3.982294888504252922e-02
1.324000000000000000e+03 9.489260670452862589e-01 4.046262830210498734e-02
1.358000000000000000e+03 1.024950234317314468e+00 4.026707517601005315e-02
1.393000000000000000e+03 1.041837644833446097e+00 3.950013733791640780e-02
1.428000000000000000e+03 9.837110506440207569e-01 3.973462547377478588e-02
1.463000000000000000e+03 1.042783941017409566e+00 4.008992188047352107e-02
1.498000000000000000e+03 1.026674000261223352e+00 3.983986669542095155e-02
1.533000000000000000e+03 1.058118611866310177e+00 3.975126493953642232e-02
1.567000000000000000e+03 9.451497836725257784e-01 3.969365469037810373e-02
1.602000000000000000e+03 1.004299334994449344e+00 3.969013034430535214e-02
1.637000000000000000e+03 9.289376810537705031e-01 3.972178947209190764e-02
1.672000000000000000e+03 9.167774180231799130e-01 3.947110818103424790e-02
1.707000000000000000e+03 9.397275577921815337e-01 3.959815064114791811e-02
1.750000000000000000e+03 9.779658890137438165e-01 3.941909698614576296e-02
1.785000000000000000e+03 1.009168061585821174e+00 3.963519326736159032e-02
1.820000000000000000e+03 1.022615329214376478e+00 3.968026344202417455e-02
1.855000000000000000e+03 9.792163405497357198e-01 3.964109171161818435e-02
1.890000000000000000e+03 8.157870840911437549e-01 3.971295795533070355e-02
1.925000000000000000e+03 9.916904433492756965e-01 3.962338269778035993e-02
1.960000000000000000e+03 1.002134328028604582e+00 3.988807388685409322e-02
1.995000000000000000e+03 9.459104836401920346e-01 4.028847100892599814e-02
2.030000000000000000e+03 9.867023102380769739e-01 4.022773511922932838e-02
2.064000000000000000e+03 9.499528378176379517e-01 4.022136380885907303e-02
2.099000000000000000e+03 1.049194335781622911e+00 3.990353140179056513e-02
2.134000000000000000e+03 9.870188362754259703e-01 3.998830827322338161e-02
2.169000000000000000e+03 9.510415042114285233e-01 3.984742988635235628e-02
2.204000000000000000e+03 9.913664803558941419e-01 3.984321334040172996e-02
2.239000000000000000e+03 9.904539924892552527e-01 4.016929438856176732e-02
2.274000000000000000e+03 9.148718227956391669e-01 3.943482015049890044e-02
2.309000000000000000e+03 1.040195717988322111e+00 3.961296571456083410e-02
2.344000000000000000e+03 9.815155022050052747e-01 3.936184308435850682e-02
2.378000000000000000e+03 9.985514624452344057e-01 3.933072076842274861e-02
2.413000000000000000e+03 1.022753000611027474e+00 3.893325591762930582e-02
2.448000000000000000e+03 1.025966543668186182e+00 3.918847955127453125e-02
2.483000000000000000e+03 9.299916236139827985e-01 3.902795593462764917e-02
2.518000000000000000e+03 9.562239894051111078e-01 3.887599431615806206e-02
2.553000000000000000e+03 9.320545943728757443e-01 3.916483672838892705e-02
2.587000000000000000e+03 9.588031335553574008e-01 3.957550974384464737e-02
2.622000000000000000e+03 1.037485559563898097e+00 3.930785663490782289e-02
2.657000000000000000e+03 9.542575034261621125e-01 3.958983818311276326e-02
2.692000000000000000e+03 9.438038743289057786e-01 3.969113281824709905e-02
2.727000000000000000e+03 1.009073110742714441e+00 3.963999969565898396e-02
2.762000000000000000e+03 9.850569646702505011e-01 3.971233480895591111e-02
2.797000000000000000e+03 1.002338498696756064e+00 3.982094820367040877e-02
2.832000000000000000e+03 1.026932109097961954e+00 3.986033783512109990e-02
2.867000000000000000e+03 1.034393960312679717e+00 3.986419138452788891e-02
2.901000000000000000e+03 9.239755067090241747e-01 3.940426040139979880e-02
2.936000000000000000e+03 9.280503226949492479e-01 3.967369182251876542e-02
2.971000000000000000e+03 1.038808571340738895e+00 3.934448548148723052e-02
3.006000000000000000e+03 9.306435537214331477e-01 3.976613160662513524e-02
3.041000000000000000e+03 9.392716596700152465e-01 3.957118158284674003e-02
3.076000000000000000e+03 1.044470530465683389e+00 3.981848307011226495e-02
3.111000000000000000e+03 9.294054642254038212e-01 4.012252435419536717e-02
3.146000000000000000e+03 9.342077624029565541e-01 3.976576725174881671e-02
3.181000000000000000e+03 9.882357675281759901e-01 4.008610696091041009e-02
3.216000000000000000e+03 9.420500608926299924e-01 4.099867498653879394e-02
3.250000000000000000e+03 9.277090984611893187e-01 4.252739551364362325e-02
3.285000000000000000e+03 1.034704155128933323e+00 4.009345002503871686e-02
3.320000000000000000e+03 9.423341353676448762e-01 4.034753950623111429e-02
3.355000000000000000e+03 9.617575806202188771e-01 5.437763163870405064e-02
3.390000000000000000e+03 9.957045930849990345e-01 4.208244721743541195e-02
3.425000000000000000e+03 9.783776594820419170e-01 3.965990881002229990e-02
3.459000000000000000e+03 9.287957697607945873e-01 3.995360683653512851e-02
3.508000000000000000e+03 8.720219669072183377e-01 3.961189427048508738e-02
3.543000000000000000e+03 9.503942944283169103e-01 3.970188939848694892e-02
3.578000000000000000e+03 9.041361507306203693e-01 3.975863086434251736e-02
3.613000000000000000e+03 9.833935822681890704e-01 3.987417830911702682e-02
3.648000000000000000e+03 9.089679170345593695e-01 3.996169190096037632e-02
3.683000000000000000e+03 8.585015639680904087e-01 4.002069802468230519e-02
3.717000000000000000e+03 9.376131128959431793e-01 4.025788311213133325e-02
3.752000000000000000e+03 9.737791771352155568e-01 3.997282485492667514e-02
3.787000000000000000e+03 8.774328414544199095e-01 3.996586289853859553e-02
3.822000000000000000e+03 9.629976757737462867e-01 4.008998523824745808e-02
3.857000000000000000e+03 9.496198524419998677e-01 4.051074131224688402e-02
3.892000000000000000e+03 8.862179749620845426e-01 4.047618592554021871e-02
3.927000000000000000e+03 9.926693039513706518e-01 4.015660648098565849e-02
3.962000000000000000e+03 8.758259208786260963e-01 4.013588597627128218e-02
3.997000000000000000e+03 9.353136727261699424e-01 4.049367489709972123e-02
4.031000000000000000e+03 9.141117450888172069e-01 4.043381499118284261e-02
4.066000000000000000e+03 8.612259474688047645e-01 4.083452217461096961e-02
4.101000000000000000e+03 9.293869567219321670e-01 4.053243810115509521e-02
4.136000000000000000e+03 8.597402865836328845e-01 4.027336920639926904e-02
4.171000000000000000e+03 8.755752450681176802e-01 4.016139135022729623e-02
4.206000000000000000e+03 8.808375008848109422e-01 4.047560863604877240e-02
4.240000000000000000e+03 8.975436397880526274e-01 4.120083938546845181e-02
4.275000000000000000e+03 8.564269509370564526e-01 4.045424397885968165e-02
4.310000000000000000e+03 8.533129591613374254e-01 4.140537001935017114e-02
4.345000000000000000e+03 9.920736801757252810e-01 4.153330647766370620e-02
4.380000000000000000e+03 8.994261459739180120e-01 4.222259504541389652e-02
4.415000000000000000e+03 8.742150809844700943e-01 4.168742014561651471e-02
4.450000000000000000e+03 8.824325205172331987e-01 4.386164038998444092e-02
4.483000000000000000e+03 9.172787875386504419e-01 4.348841496863754125e-02
4.518000000000000000e+03 8.687404489791439310e-01 4.397835112948152159e-02
4.553000000000000000e+03 9.327752990084864360e-01 4.251982342898071726e-02
4.588000000000000000e+03 8.670201432235900008e-01 4.111580779118977069e-02
4.623000000000000000e+03 8.858508893889411873e-01 4.190261961543310237e-02
4.658000000000000000e+03 9.396383738470380775e-01 4.183620394518887398e-02
4.692000000000000000e+03 9.154760020648153862e-01 4.146225922059601499e-02
4.727000000000000000e+03 9.101610645894941953e-01 4.092124831362750625e-02
4.762000000000000000e+03 8.771962183564212534e-01 4.077465929112182585e-02
4.797000000000000000e+03 8.960728286949362076e-01 4.092355144916927367e-02
4.832000000000000000e+03 1.019221462421235458e+00 4.034434478484286851e-02
4.867000000000000000e+03 9.810529628973397864e-01 4.028438969506155376e-02
4.902000000000000000e+03 9.347811093818535477e-01 4.051685860157040742e-02
4.937000000000000000e+03 9.190326159585150423e-01 4.006986412594994856e-02
4.971000000000000000e+03 9.549618649034705697e-01 4.059710876368844562e-02
5.006000000000000000e+03 9.585466846047906442e-01 4.043279054934342115e-02
5.041000000000000000e+03 9.204797548809587893e-01 4.025616126715290261e-02
5.076000000000000000e+03 9.682157929709735988e-01 4.031008899770215093e-02
5.111000000000000000e+03 1.051215302143485131e+00 4.033619559447389896e-02
5.146000000000000000e+03 1.012972710608694760e+00 4.074339079748698356e-02
5.181000000000000000e+03 1.032212564179121328e+00 4.049654454706912154e-02
5.215000000000000000e+03 9.349830647957638741e-01 4.049282396266575684e-02
5.267000000000000000e+03 9.578611244021356663e-01 4.051913276598443497e-02
5.302000000000000000e+03 9.831168811585930811e-01 4.065161231219409366e-02
5.337000000000000000e+03 1.003416959187736657e+00 4.044259452617297163e-02
5.371000000000000000e+03 1.005151338124198990e+00 4.055287031857209012e-02
5.406000000000000000e+03 1.053155826222210267e+00 4.040434142990019517e-02
5.441000000000000000e+03 1.088457812130648072e+00 4.055504871269918765e-02
5.476000000000000000e+03 9.667873671119892043e-01 4.056303716706900764e-02
5.511000000000000000e+03 9.240314888355865008e-01 4.057132205131493835e-02
5.546000000000000000e+03 1.032712230477856430e+00 4.228688873298595829e-02
5.581000000000000000e+03 1.009043463344788671e+00 4.203062279485614283e-02
5.615000000000000000e+03 9.732690221851274526e-01 4.057636382971348959e-02
5.650000000000000000e+03 9.320372010366834159e-01 4.069943375469687458e-02
5.685000000000000000e+03 1.071371014831892676e+00 4.036694582827046740e-02
5.720000000000000000e+03 9.754635975108822965e-01 4.048634498954199051e-02
5.755000000000000000e+03 1.008024971395822478e+00 4.042918616327759868e-02
5.790000000000000000e+03 1.025594079894702526e+00 4.086055464348128247e-02
5.825000000000000000e+03 9.402189327674143060e-01 4.047944574555985275e-02
5.859000000000000000e+03 1.029355896208018262e+00 4.042302716395159562e-02
5.894000000000000000e+03 1.022389475172291062e+00 4.014905719316380628e-02
5.929000000000000000e+03 1.050884675035577809e+00 4.077631746158283388e-02
5.964000000000000000e+03 1.052055987830998296e+00 4.112401017686529575e-02
5.999000000000000000e+03 9.999075360486376907e-01 4.169605917988220001e-02
6.034000000000000000e+03 1.026223413259780060e+00 4.828336607375458001e-02
6.068000000000000000e+03 1.112297763584131571e+00 4.373623578279228763e-02
6.103000000000000000e+03 1.021061641335472947e+00 4.120075433916720736e-02
6.138000000000000000e+03 1.133815071574312716e+00 4.263944797612069515e-02
6.173000000000000000e+03 1.088626203042345919e+00 4.129884435223431238e-02
6.208000000000000000e+03 1.164675405476314873e+00 4.083510676839715442e-02
6.243000000000000000e+03 1.089198005069431874e+00 4.085822500845696925e-02
6.278000000000000000e+03 1.053301507747943511e+00 4.067914904103531876e-02
6.313000000000000000e+03 1.125090840865853759e+00 4.057691698261092078e-02
6.348000000000000000e+03 1.056648262286399742e+00 4.067078212275739707e-02
6.382000000000000000e+03 1.175476310470692898e+00 4.059791329396352649e-02
6.417000000000000000e+03 1.063604092389455413e+00 4.058194517920745564e-02
6.452000000000000000e+03 1.052047976115564110e+00 4.046203648111784679e-02
6.487000000000000000e+03 1.135165303832498696e+00 4.072642331818927819e-02
6.522000000000000000e+03 1.032608692820420337e+00 4.079788936840660074e-02
6.557000000000000000e+03 1.135406989544690992e+00 4.068355708546453342e-02
6.591000000000000000e+03 1.081214453151372989e+00 4.043996705001218217e-02
6.626000000000000000e+03 1.028974524357613163e+00 4.747635653451184184e-02
6.661000000000000000e+03 1.109645386018157653e+00 4.159174226401961966e-02
6.696000000000000000e+03 1.140434726789233189e+00 4.041368165259236200e-02
6.731000000000000000e+03 1.064037878739608534e+00 4.054550674483287792e-02
6.766000000000000000e+03 1.188106193958716528e+00 4.072094754996529592e-02
6.801000000000000000e+03 1.102538729338583545e+00 4.086899131017313058e-02
6.836000000000000000e+03 1.143021950809838927e+00 4.099435283105244687e-02
6.871000000000000000e+03 1.124308632510890416e+00 4.082007101892667911e-02
6.905000000000000000e+03 1.130174129648706005e+00 4.049606529608235778e-02
6.940000000000000000e+03 1.115861593215450309e+00 4.081899198553280705e-02
6.975000000000000000e+03 1.186531470491301032e+00 4.121116344024223360e-02
7.022000000000000000e+03 1.050332528014107147e+00 4.107225967553117252e-02
7.057000000000000000e+03 1.172669548709011744e+00 4.111042787852085822e-02
7.092000000000000000e+03 1.173808669432145013e+00 4.123049006717085380e-02
7.127000000000000000e+03 1.106307028716177143e+00 4.105970185840498304e-02
7.162000000000000000e+03 1.224192730134156637e+00 4.074864090184811272e-02
7.197000000000000000e+03 1.217086813241154530e+00 4.072533702032457570e-02
7.232000000000000000e+03 1.136445513907944127e+00 4.067851973164683665e-02
7.266000000000000000e+03 1.065129067383514316e+00 4.081036700436539016e-02
7.301000000000000000e+03 1.116235142226613908e+00 4.084541038323550449e-02
7.336000000000000000e+03 1.233935686514772145e+00 4.118376385887230484e-02
7.371000000000000000e+03 1.234969370284527912e+00 4.147311464169955303e-02
7.406000000000000000e+03 1.095643327524380872e+00 4.129351847836723599e-02
7.441000000000000000e+03 1.203848105176310357e+00 4.152713171710032541e-02
7.476000000000000000e+03 1.049875754143726247e+00 4.145804915048386524e-02
7.511000000000000000e+03 1.096197896815404249e+00 4.188276505449026188e-02
7.545000000000000000e+03 1.147577533766201086e+00 4.150496422171814914e-02
7.580000000000000000e+03 1.102614598642668087e+00 4.181498059360375108e-02
7.615000000000000000e+03 1.151599586941848052e+00 4.141703983974869691e-02
7.650000000000000000e+03 1.143668393494749802e+00 4.150648053221834416e-02
7.685000000000000000e+03 1.241263440046397104e+00 4.142561945537751728e-02
7.720000000000000000e+03 1.125967245329940081e+00 4.138098560958641120e-02
7.755000000000000000e+03 1.066470983742752621e+00 4.117572821248912524e-02
7.789000000000000000e+03 1.147974715460599260e+00 4.132144465764963498e-02
7.824000000000000000e+03 1.122450631836550361e+00 4.138828081264784436e-02
7.859000000000000000e+03 1.127467342963183627e+00 4.112426717735107040e-02
7.894000000000000000e+03 1.065388542575135933e+00 4.126352368989443659e-02
7.929000000000000000e+03 1.145579813667472191e+00 4.140134647375146026e-02
7.964000000000000000e+03 1.145173008538347359e+00 4.143595194830484302e-02
7.999000000000000000e+03 1.039707771446587437e+00 4.135147001630644359e-02
8.034000000000000000e+03 1.175998760853948832e+00 4.135846468302893653e-02
8.069000000000000000e+03 1.184228471428737217e+00 4.127109062147687329e-02
8.104000000000000000e+03 1.179720009807968539e+00 4.166598566065687209e-02
8.138000000000000000e+03 1.148368384650778173e+00 4.149259357256832731e-02
8.173000000000000000e+03 1.123518542713538571e+00 4.160447703732359642e-02
8.208000000000000000e+03 1.059237992716731691e+00 4.131191188407738052e-02
8.243000000000000000e+03 1.054887428804985428e+00 4.124261520565744576e-02
8.278000000000000000e+03 1.087567870576934492e+00 4.155312773294989048e-02
8.313000000000000000e+03 1.154992941850354837e+00 4.164297658570337984e-02
8.348000000000000000e+03 1.142432020054762631e+00 4.131919950782209083e-02
8.383000000000000000e+03 1.228364393766173901e+00 4.158309885401734879e-02
8.418000000000000000e+03 1.091958633166068449e+00 4.153480335104901833e-02
8.453000000000000000e+03 1.111735945245366786e+00 4.151069254452684210e-02
8.487000000000000000e+03 1.100953592401585635e+00 4.147692210328521312e-02
8.522000000000000000e+03 1.091720887410724261e+00 4.166657457207422616e-02
8.557000000000000000e+03 1.077467936412381588e+00 4.147161374550695223e-02
8.592000000000000000e+03 1.082155021449004995e+00 4.161762291065267821e-02
8.627000000000000000e+03 1.055594009970328262e+00 4.150040269901341533e-02
8.662000000000000000e+03 1.086716427923082318e+00 4.163516000423542890e-02
8.697000000000000000e+03 1.101278797641313645e+00 4.173549412390242103e-02
8.731000000000000000e+03 1.145377344798837127e+00 4.207704849598403046e-02
8.777000000000000000e+03 1.094118642089815241e+00 4.183520692666926194e-02
8.812000000000000000e+03 1.087199967945234880e+00 4.206627507068639443e-02
8.847000000000000000e+03 1.115364676382185616e+00 4.233885497278626342e-02
8.882000000000000000e+03 1.040080942957324339e+00 4.225308604257822787e-02
8.917000000000000000e+03 1.098825604668721478e+00 4.215516191298605830e-02
8.952000000000000000e+03 1.082478598127497360e+00 4.180822422384242870e-02
8.986000000000000000e+03 1.025101583615934064e+00 4.177793245704258113e-02
9.021000000000000000e+03 1.107629379113066248e+00 4.221251796668069878e-02
9.056000000000000000e+03 1.141342582490551205e+00 4.206428297534543087e-02
9.091000000000000000e+03 1.024160253342431881e+00 4.206127285509687203e-02
9.126000000000000000e+03 1.070723676687742376e+00 4.227030831390391624e-02
9.161000000000000000e+03 1.015881694592008166e+00 4.228982366384700237e-02
9.196000000000000000e+03 1.009283515197192838e+00 4.205488002721778640e-02
9.231000000000000000e+03 1.051615094561799024e+00 4.260903449186943803e-02
9.265000000000000000e+03 1.091104467592529881e+00 4.242960478092781124e-02
9.300000000000000000e+03 9.724007726408088192e-01 2.711261337383344058e-02
9.335000000000000000e+03 1.029787211844390038e+00 2.713110215960242572e-02
9.370000000000000000e+03 1.046036086802963228e+00 2.710952411302904735e-02
9.405000000000000000e+03 9.535082417506826058e-01 2.701848428663469054e-02
9.440000000000000000e+03 1.056680438001065481e+00 2.721597322231831748e-02
9.475000000000000000e+03 1.063839557715085871e+00 2.725866168991926408e-02
9.510000000000000000e+03 1.034469747149063368e+00 2.719442845350661386e-02
9.545000000000000000e+03 9.709937811345681347e-01 2.740451945487509811e-02
9.580000000000000000e+03 1.044829338731785295e+00 2.718718649053716158e-02
9.615000000000000000e+03 9.768792803420417448e-01 2.715210786168646695e-02
9.649000000000000000e+03 1.004091253166303765e+00 2.720992475744449246e-02
9.684000000000000000e+03 1.043224819949889026e+00 2.703415069625307240e-02
9.719000000000000000e+03 1.046522616463380073e+00 2.726679190963069224e-02
9.754000000000000000e+03 1.002817801281186805e+00 2.716074092996023995e-02
9.789000000000000000e+03 9.865765359202732787e-01 2.725882064304134197e-02
9.824000000000000000e+03 1.004643670699176372e+00 2.723749276062381597e-02
9.859000000000000000e+03 1.010407524025297210e+00 2.723135214609061910e-02
9.893000000000000000e+03 1.019281411544223470e+00 2.733537491783779444e-02
9.928000000000000000e+03 1.005824359310794947e+00 2.734808044331706392e-02
9.963000000000000000e+03 9.872312195050869654e-01 2.733133735669585063e-02
9.998000000000000000e+03 9.363950737279952419e-01 2.702294089928462817e-02
1.003300000000000000e+04 1.009753965559147426e+00 2.710850143800670742e-02
1.006800000000000000e+04 9.619857468012442681e-01 2.714713140893167467e-02
1.010300000000000000e+04 1.007273882178181923e+00 2.742840592341048989e-02
1.013800000000000000e+04 9.884425793189123288e-01 2.736006397303413634e-02
1.017200000000000000e+04 9.322416792387212547e-01 2.726066062357318867e-02
1.020700000000000000e+04 9.815996318374243801e-01 2.720300797136186027e-02
1.024200000000000000e+04 9.704977563321910417e-01 2.727206154725257681e-02
1.027700000000000000e+04 9.721578763257671119e-01 2.726447038550353780e-02
1.031200000000000000e+04 9.567776843935393849e-01 2.720492841227699701e-02
1.034700000000000000e+04 9.514309378308771770e-01 2.732342789704926556e-02
1.038100000000000000e+04 1.008871293253683410e+00 2.728576515950669606e-02
1.041600000000000000e+04 9.996478461591298270e-01 2.756992018757543558e-02
1.045100000000000000e+04 9.166134627283114567e-01 2.764179116035520023e-02
1.048600000000000000e+04 9.813439387877133102e-01 2.747469254117092252e-02
1.052800000000000000e+04 9.651769235920295564e-01 2.737899115650170925e-02
1.056300000000000000e+04 1.000092463951362420e+00 2.738302610466326198e-02
1.059800000000000000e+04 9.580907841592263274e-01 2.740575304443827742e-02
1.063300000000000000e+04 9.686733134740421747e-01 2.711812049138840469e-02
1.066800000000000000e+04 1.000267127026065239e+00 2.728412551698596034e-02
1.070300000000000000e+04 9.968425270439765784e-01 2.740775924021747467e-02
1.073800000000000000e+04 1.012059263317446334e+00 2.738939364950057631e-02
1.077200000000000000e+04 9.844339094690238712e-01 2.706627009380947052e-02
1.080700000000000000e+04 9.485082719223612013e-01 2.717151140163442252e-02
1.084200000000000000e+04 9.586675994048039495e-01 2.730154490664992578e-02
1.087700000000000000e+04 9.089299946127649132e-01 2.730355018077445031e-02
1.091200000000000000e+04 9.519839192858280397e-01 2.738738455439773331e-02
1.094700000000000000e+04 9.660923195023860544e-01 2.732911013162191843e-02
1.098200000000000000e+04 9.358777343265373139e-01 2.720503292666342707e-02
1.101700000000000000e+04 9.091957047745777842e-01 2.718191324486129296e-02
1.105100000000000000e+04 1.012378944083994092e+00 2.720327261916371045e-02
1.108600000000000000e+04 9.653764344184929680e-01 2.715502301562227813e-02
1.112100000000000000e+04 9.665617336150819083e-01 2.719376799141683815e-02
1.115600000000000000e+04 8.893446315785720202e-01 2.745091424591085405e-02
1.119100000000000000e+04 9.440048985299791529e-01 2.751407775231265104e-02
1.122600000000000000e+04 9.652938244989617278e-01 2.767224792991734503e-02
1.126100000000000000e+04 9.651953556383844335e-01 2.784924001498564547e-02
1.129600000000000000e+04 9.655026572181850675e-01 2.795497671418345140e-02
1.133000000000000000e+04 9.902181458631521549e-01 2.871400457752199681e-02
1.136500000000000000e+04 9.757232391820448436e-01 2.825041854527839472e-02
1.140000000000000000e+04 9.437482712338730595e-01 2.830643412318982824e-02
1.143500000000000000e+04 9.319623648096437840e-01 2.797530841556260944e-02
1.147000000000000000e+04 9.548808403804509570e-01 2.823725471085795219e-02
1.150500000000000000e+04 9.189513242266366122e-01 2.827391183462510393e-02
1.153900000000000000e+04 9.342665587810932148e-01 2.819290444331794612e-02
1.157400000000000000e+04 9.466104061913407364e-01 2.848276950178287720e-02
1.160900000000000000e+04 8.989179146053383196e-01 2.849249523679199883e-02
1.164400000000000000e+04 9.190122714261558245e-01 2.853012552401351654e-02
1.167900000000000000e+04 9.433279278228614562e-01 2.849841763254305077e-02
1.171400000000000000e+04 8.927555352452190007e-01 2.855023685449082499e-02
1.174900000000000000e+04 8.410874900295068901e-01 2.871380245674332726e-02
1.178400000000000000e+04 9.249121759076160965e-01 2.856621036481058265e-02
1.181800000000000000e+04 8.710662503611948937e-01 2.852900136318153174e-02
1.185300000000000000e+04 9.113913809240500319e-01 2.874643455908221928e-02
1.188800000000000000e+04 9.388544116895908287e-01 2.869701111843135644e-02
1.192300000000000000e+04 8.959350228421747442e-01 2.873637800604748882e-02
1.195800000000000000e+04 8.851865760927066784e-01 2.868635455347457591e-02
1.199300000000000000e+04 8.727321146706393806e-01 2.867952877612786958e-02
1.202800000000000000e+04 9.087134755776917761e-01 2.865090952285322470e-02
1.206200000000000000e+04 9.023080859663386022e-01 2.859765712859747150e-02
1.209700000000000000e+04 8.257367731503587605e-01 2.863706930339785309e-02
1.213200000000000000e+04 9.077316304796891888e-01 2.882944956679008019e-02
1.216700000000000000e+04 8.455517624663312359e-01 2.885871164675696612e-02
1.220200000000000000e+04 8.695977476946523677e-01 2.891002192024429845e-02
1.223700000000000000e+04 9.897225420670956453e-01 2.910222320984810068e-02
