0.0 52977.92548262006
34.0 58529.39044575223
69.0 57480.96940538542
105.0 58715.91191093606
140.0 58800.277125658205
175.0 54016.15483499973
210.0 53492.05172151882
245.0 53074.76541878737
279.0 53733.83569241482
314.0 52022.16770611847
349.0 52906.40953291156
384.0 51697.81138060974
419.0 57926.78843760106
454.0 58377.02655932057
489.0 51939.981217663306
523.0 59938.300187902016
558.0 50845.99972464742
593.0 55203.603710849624
628.0 53062.29902688795
663.0 51247.16201130496
698.0 52840.01022369714
733.0 50029.22398375323
768.0 55378.223360411466
803.0 49976.962104521845
838.0 54000.43272978486
873.0 56996.34224178518
908.0 55876.21381497662
942.0 53206.4377387007
977.0 55531.043978809
1012.0 55233.90529923378
1047.0 56851.53192942852
1082.0 55386.862403454405
1117.0 53282.86580975363
1152.0 56128.48684621391
1187.0 55362.66440504819
1222.0 58802.221745578056
1256.0 54354.31957935321
1291.0 56654.66587409046
1326.0 52599.26173583697
1361.0 56393.34876103015
1396.0 55892.26393779324
1431.0 49606.7294849544
1466.0 50542.26458808446
1501.0 53518.268780789665
1535.0 53208.77552634615
1570.0 55142.96687135507
1605.0 57242.5463071029
1640.0 55764.03832719186
1675.0 49899.6381070327
1710.0 53821.3961668097
1758.0 46531.76131958794
1793.0 53245.84007731889
1827.0 53085.46531005303
1862.0 50722.24129991444
1897.0 51706.33565711406
1932.0 52702.231623050044
1967.0 52299.54007149697
2002.0 47678.85471830352
2037.0 47392.33654896236
2072.0 47356.825977203385
2107.0 53675.186245992714
2142.0 49668.04168125994
2177.0 47124.305250634054
2212.0 50660.035111166304
2247.0 49603.60999033404
2282.0 46277.019942615305
2316.0 47501.224137217876
2351.0 50743.918486199356
2386.0 54562.934403665175
2421.0 52073.03886592961
2456.0 47134.32637683516
2491.0 48714.096631649554
2526.0 50004.53929475908
2561.0 43254.11539514886
2596.0 49273.141762279716
2631.0 49712.97571364549
2666.0 49076.735899119994
2701.0 48395.79293931966
2736.0 50233.595819788716
2770.0 50040.975216481456
2805.0 47331.86585319606
2840.0 46745.76900566153
2875.0 48530.59033500278
2910.0 47824.767468928556
2945.0 43208.34656949098
2980.0 48406.61399211685
3014.0 44027.02808392429
3049.0 49005.46230302507
3084.0 41791.03607823281
3119.0 45564.009321083366
3154.0 43924.83349708292
3189.0 40255.15807784022
3224.0 50102.75660556971
3259.0 47472.3349731015
3294.0 49164.46393830576
3329.0 46129.46918004922
3364.0 45411.86774137012
3399.0 43834.692954896615
3433.0 48659.551823827394
3468.0 49423.26345871239
3512.0 47847.232940046895
3547.0 45848.503985279145
3582.0 48137.2714157587
3617.0 52805.26899094687
3652.0 49942.94763799819
3687.0 50849.97773992783
3722.0 48203.17778104823
3757.0 50381.11536393901
3792.0 49199.513039824444
3827.0 49436.83381960344
3862.0 50424.247682051464
3897.0 47931.47838369915
3931.0 52335.42370666868
3966.0 49916.803958827964
4001.0 47515.31623808156
4036.0 49579.96273189677
4071.0 50848.11769522039
4106.0 58390.613227979724
4141.0 48860.18592727146
4176.0 48613.26269690412
4211.0 49856.33967336995
4246.0 55099.01234347748
4281.0 48871.768440856686
4316.0 49538.35839379977
4351.0 48135.361724481925
4386.0 52761.096732486425
4421.0 49463.13627621913
4455.0 51630.437272740004
4490.0 49819.99856126496
4525.0 56755.90675592894
4560.0 53856.96890816665
4595.0 49920.94824763223
4630.0 49319.195175665634
4665.0 52229.28697863098
4700.0 53677.07177939026
4735.0 54300.43718425484
4770.0 50541.78734066077
4805.0 52747.12888314113
4839.0 47325.58047744849
4874.0 51326.244246057206
4909.0 47995.33764142644
4944.0 54632.67814050391
4979.0 55464.64330502365
5014.0 51514.452081824464
5049.0 53525.50632037787
5084.0 50223.29647821059
5119.0 49029.16528301178
5154.0 51245.69892203344
5189.0 53366.75196910637
5224.0 44257.94644773807
5268.0 52245.88668080691
5303.0 49404.83151765101
5338.0 53270.68753809457
5373.0 51044.052382436
5407.0 56833.08965571472
5442.0 55273.757013023074
5477.0 59774.51281618817
5512.0 55367.86920449938
5547.0 46895.20120328905
5582.0 50298.481427746556
5617.0 53878.70405070261
5652.0 57660.61712972317
5687.0 53864.28792562518
5722.0 55845.53874666502
5757.0 50515.167979334845
5791.0 49033.919138770616
5826.0 56736.67924925335
5861.0 55939.32041156188
5896.0 52053.15684009721
5931.0 56129.81375070828
5966.0 56371.79568036556
6001.0 54243.20539022558
6036.0 56089.10136510177
6071.0 60663.632950237574
6106.0 55738.43638403474
6141.0 52994.997528655826
6176.0 57871.17694698809
6210.0 51771.67815547231
6245.0 52609.592098909074
6280.0 50614.86891337343
6315.0 54343.47071139432
6350.0 53756.553128809974
6385.0 60881.02468237025
6420.0 57763.347963624044
6455.0 56383.85728536426
6490.0 51938.00282959427
6525.0 58842.259782692156
6560.0 54991.17590536976
6594.0 54068.11823528063
6629.0 55422.23577946577
6664.0 57787.27766794407
6699.0 58271.4303115324
6734.0 51659.729375414536
6769.0 55454.54268406217
6804.0 58566.538463716824
6839.0 59722.16651933128
6874.0 57219.13486239222
6909.0 56918.16715515293
6944.0 55837.96821916561
6978.0 51988.605673859485
7036.0 57765.958336127915
7071.0 58043.6864533256
7106.0 65788.30941027404
7141.0 61386.69573255731
7176.0 62111.21113193451
7211.0 56632.51608692253
7246.0 62392.90842552491
7281.0 60796.0410945465
7316.0 59378.567018101414
7351.0 57292.67557178682
7386.0 55209.60756795991
7421.0 59545.32487451383
7456.0 58079.93673869715
7491.0 56235.089472228145
7526.0 61671.030360539975
7561.0 55953.18682484049
7596.0 59326.735280262656
7631.0 57453.10561066298
7666.0 55511.19311582301
7700.0 55723.582860935385
7735.0 59045.38010832417
7770.0 56350.066828867326
7805.0 59296.63618478396
7840.0 57424.58211200711
7875.0 55829.16822142515
7910.0 62433.71358357857
7945.0 64872.05166604416
7979.0 60981.5895140335
8014.0 55777.27851272308
8049.0 56833.22557336023
8084.0 55510.41001847208
8119.0 60712.23813245714
8154.0 59774.50698407962
8189.0 54962.01635209366
8224.0 58214.077640647956
8259.0 60323.88865256727
8294.0 61019.27748160707
8329.0 59408.356420958036
8364.0 63655.25104849561
8398.0 61818.2790090055
8433.0 62012.26582997334
8468.0 63096.819078596076
8503.0 61785.67195168635
8538.0 65499.54240469894
8573.0 58280.603443317326
8608.0 63045.244464001385
8643.0 62307.450517602025
8678.0 68324.32295701414
8712.0 62657.69284855989
8747.0 62339.91504543702
8799.0 61978.90223246239
8834.0 63501.58993779595
8869.0 61755.28664940028
8904.0 61569.84600360384
8939.0 63406.01445789728
8973.0 58851.22114823671
9008.0 63354.63904394404
9043.0 62950.17254534137
9078.0 63635.715473187534
9113.0 63528.701901401284
9148.0 64637.65982929222
9183.0 63666.978628787656
9218.0 63350.986408520104
9253.0 65782.86312542381
9288.0 63871.57718830576
9322.0 66639.81602058219
9357.0 61771.2568978778
9392.0 64220.68478749663
9427.0 60097.38715862105
9462.0 61204.146625969806
9497.0 60254.917692295894
9532.0 65413.09720108058
9567.0 62272.10380302722
9602.0 65103.46084348067
9636.0 66410.28798247808
9671.0 65842.4716553368
9706.0 64476.9604789271
9741.0 65288.086795038726
9776.0 65430.76032068414
9811.0 63613.719484415975
9846.0 65049.25784918884
9881.0 65288.04772631174
9916.0 67345.87363577198
9951.0 61470.472924677066
9986.0 66151.20089295274
10021.0 64222.796464072715
10055.0 67729.76826589956
10090.0 65674.2457254284
10125.0 65831.36451559304
10160.0 67153.40190662736
10195.0 69864.44416506462
10230.0 66936.62479613228
10265.0 64623.265392907626
10300.0 68859.07868269288
10334.0 69917.41142228962
10369.0 62896.81316879851
10404.0 66127.34078926098
10439.0 63029.96965538229
10474.0 65310.14980083911
10509.0 63134.78333267826
10560.0 65068.7491318355
10595.0 62394.829282626655
10630.0 63803.051489142585
10664.0 67159.27814607963
10699.0 64520.72744252593
10734.0 71290.27960522169
10769.0 64575.25693472833
10804.0 62633.11185334513
10839.0 66626.00676664518
10874.0 64870.89484241007
10909.0 65933.9739590891
10944.0 66078.7645371255
10979.0 69260.71437183596
11014.0 64876.83297860557
11049.0 65792.77978799486
11084.0 66753.2890277142
11119.0 65971.97531450378
11154.0 68350.7256836022
11189.0 64842.431276455674
11223.0 68473.70910253859
11258.0 68090.50999151559
11293.0 68732.69558494116
11328.0 68622.8751813367
11363.0 67867.37017496818
11398.0 70368.41331917836
11433.0 68543.93506610053
11468.0 70272.95619634131
11502.0 72030.69102588906
11537.0 69240.03062697875
11572.0 66680.52706689916
11607.0 67102.33964725272
11642.0 69250.13606215557
11677.0 69383.28051278784
11712.0 67629.11336685308
11747.0 73610.5400585355
11782.0 71209.33759462979
11817.0 69281.85612627241
11851.0 69422.50614554461
11886.0 73330.16741303513
11921.0 68718.04300924255
11956.0 69951.74424237055
11991.0 70071.26619578089
12026.0 78032.91648907245
12061.0 72649.01411740182
12096.0 73690.0501611894
12130.0 70639.12937648704
12165.0 69768.28464093833
12200.0 63528.82558925666
12235.0 69985.6603408908
12270.0 66627.66828243561
