0.0 37157.62969347129
35.0 38092.059078448125
70.0 40433.08299942176
104.0 38845.12608210368
139.0 38492.19849226033
174.0 39895.014172722476
209.0 37284.20974592997
244.0 38923.907634038274
279.0 37853.76145273651
313.0 38371.12890781571
348.0 37543.616133349635
383.0 37496.744553125594
418.0 38184.56728726723
453.0 36351.43220090669
488.0 38233.83160268954
522.0 36933.85400529304
557.0 37116.78772428449
592.0 38898.5217058246
627.0 37891.80570189197
662.0 35544.16110191248
697.0 35880.02751292682
731.0 37254.14838160455
766.0 36356.96995516225
801.0 38161.20818364314
836.0 40134.177574697766
871.0 35312.2346763211
906.0 37423.52390520895
940.0 35525.93991499647
975.0 36135.94051398411
1010.0 36638.628141933325
1045.0 39396.535247671694
1080.0 38478.10879760532
1115.0 37714.26140936249
1149.0 37862.44538023631
1184.0 39367.902456507596
1219.0 37864.15972998602
1254.0 38157.90362847607
1289.0 39843.860296722894
1324.0 38106.89385365061
1358.0 39708.0503971181
1393.0 39510.22961367054
1428.0 39080.920183719645
1463.0 38392.04247772155
1498.0 37437.91181953743
1533.0 38442.23830362318
1567.0 37844.12503871138
1602.0 41261.73174353699
1637.0 38805.792934321136
1672.0 38426.09554203131
1707.0 39682.4971151279
1760.0 39803.806148207856
1795.0 40561.70955059913
1830.0 40173.11238884394
1865.0 40420.321692444806
1900.0 39997.069132807075
1934.0 42883.49551101695
1969.0 41834.59583920608
2004.0 43884.58551915363
2039.0 43423.651962069445
2074.0 43302.567303488904
2109.0 42298.509492906785
2143.0 44320.06879708894
2178.0 44325.721634212685
2213.0 46740.680674650925
2248.0 44686.240537865
2283.0 46514.205353345555
2318.0 46722.25271268855
2352.0 47878.529464909734
2387.0 48396.6137473264
2422.0 46673.80765539788
2457.0 46776.257288220135
2492.0 50261.77316229764
2527.0 47541.34016215795
2561.0 49684.852745866534
2596.0 48951.34885926443
2631.0 49841.42461731015
2666.0 48918.05059647311
2701.0 49620.269105616484
2736.0 49550.139276062255
2770.0 48273.86838102678
2805.0 47978.758410906514
2840.0 49584.39743453712
2875.0 47505.29224894618
2910.0 47704.76909812394
2945.0 46704.858610972144
2979.0 48662.81906810924
3014.0 44195.13739036887
3049.0 45044.30597413635
3084.0 46837.002561381945
3119.0 45138.83273564624
3154.0 44023.26452827374
3188.0 44750.540355072546
3223.0 43919.6456978199
3258.0 41774.735954000666
3293.0 44712.129526478275
3328.0 43996.93503683689
3363.0 42841.227896562945
3397.0 42288.00288010307
3432.0 42788.9825818745
3467.0 43121.631380327264
3516.0 44267.438703876884
3550.0 43974.90597553458
3585.0 41620.774185015944
3620.0 42898.021951757226
3655.0 41963.10529311916
3690.0 42924.346692023886
3725.0 39962.63926871826
3760.0 41219.85109127011
3794.0 40504.26799215598
3829.0 41384.51121944881
3864.0 42267.07187427223
3899.0 41004.95936118127
3934.0 38653.54801676977
3969.0 41123.032273797406
4003.0 39089.43975504891
4038.0 39461.760827802165
4073.0 38997.46550360924
4108.0 40482.245018855145
4143.0 40855.92538043351
4178.0 38728.870590591556
4213.0 39260.6601702242
4248.0 39888.65374189473
4282.0 38683.67389253278
4317.0 39466.54794521967
4352.0 38294.97945229182
4387.0 39152.215170812575
4422.0 38778.477643832135
4457.0 37475.45631119252
4491.0 36739.494621332226
4526.0 36945.91386075956
4561.0 37863.55639159771
4596.0 36844.47797030716
4631.0 35105.81515362832
4666.0 37751.586482736435
4700.0 36893.117154236825
4735.0 37648.50685776689
4770.0 37431.39728123685
4805.0 38610.19965360129
4840.0 34154.436783777484
4875.0 36004.7667886784
4910.0 38103.139207570784
4945.0 36414.81535022409
4979.0 35849.91590494535
5014.0 35382.178698215575
5049.0 37562.66444409453
5084.0 36074.37798439329
5119.0 37577.91567435096
5153.0 34719.10677082505
5188.0 35924.415696247896
5223.0 36498.92306821212
5276.0 35191.22717037708
5311.0 37657.95534662445
5346.0 36411.023002393275
5381.0 36624.84797379269
5416.0 36756.47818278319
5451.0 35465.094700447495
5486.0 35273.58118533986
5520.0 36254.98343915629
5555.0 37027.153113222616
5590.0 35746.78124899586
5625.0 36801.08437909652
5660.0 35816.71794049938
5694.0 37112.818307042166
5729.0 36339.988813953336
5764.0 35642.12935565351
5799.0 36499.27160181805
5834.0 36368.39105112992
5869.0 36728.10524017116
5904.0 36934.3731099281
5939.0 38445.456415614986
5973.0 38258.33442584206
6008.0 36724.06853536392
6043.0 37593.19109938115
6078.0 37613.070197201116
6113.0 37391.805520077876
6148.0 38097.684015396604
6183.0 34441.59133541174
6217.0 37230.704144881514
6252.0 37283.14899007725
6287.0 37696.05826599601
6322.0 37333.31966007655
6357.0 38703.953069282245
6391.0 39156.16967806974
6426.0 38191.4170308209
6461.0 38026.56656146579
6496.0 38189.4699733511
6531.0 38406.10523067212
6566.0 39425.070411476416
6601.0 37617.62663660538
6636.0 39848.61588117987
6671.0 39269.96169508533
6705.0 41018.324304035435
6740.0 38171.48676102262
6775.0 43085.90918701916
6810.0 40456.852970560576
6845.0 40315.04298887937
6880.0 40761.7476041194
6914.0 42312.08775018277
6949.0 42245.082660830376
6984.0 41414.458336242154
7037.0 41361.91886158095
7072.0 45448.40097934856
7106.0 45237.943211093916
7141.0 44257.52295618931
7176.0 46176.455798223025
7211.0 46370.24488960351
7246.0 46065.004308006224
7281.0 48396.83178827702
7315.0 46950.02632001808
7350.0 48683.44058418453
7385.0 49135.65777693586
7420.0 51168.68613141391
7455.0 48896.7870710203
7490.0 50790.112030713295
7524.0 48540.34717785858
7559.0 50133.495618935194
7594.0 49807.71965392298
7629.0 49266.44527383335
7664.0 51682.900827509715
7699.0 48865.93061498298
7734.0 50899.645569387816
7769.0 50940.64500329275
7804.0 47123.04890177384
7838.0 48504.32532231559
7873.0 47161.337021478656
7908.0 48930.16003424909
7943.0 46251.047350999535
7978.0 47331.80885246857
8012.0 43676.196634335625
8047.0 45785.15714770273
8082.0 45961.98261953784
8118.0 45721.947633043295
8153.0 44290.19715448132
8188.0 42886.70051620612
8223.0 44587.15252016212
8257.0 43026.00665794858
8292.0 42245.03430375218
8327.0 44446.1403865965
8362.0 43281.55686918235
8397.0 43785.981987242056
8432.0 43976.84676108463
8466.0 45104.82238929394
8501.0 43327.897663678435
8536.0 43775.76829261488
8571.0 44048.16039515385
8606.0 40967.608034369696
8640.0 42694.486719870714
8675.0 43736.64320213663
8710.0 41557.81523568043
8745.0 43437.89461810868
8796.0 40553.519769833954
8831.0 42877.55182627802
8866.0 40326.4690970325
8900.0 38306.37920072499
8935.0 41677.24877924674
8970.0 40338.04596169586
9005.0 42407.80999314686
9040.0 40050.26846496254
9075.0 40715.02412984224
9109.0 38831.24199219511
9144.0 39163.92044215882
9179.0 37318.378917961825
9214.0 38743.950437065214
9249.0 37615.760097986196
9284.0 38840.537800137055
9319.0 40841.0716527705
9354.0 38464.95188680765
9388.0 36053.45442261306
9423.0 37324.27850112425
9458.0 40896.55599393468
9493.0 39430.417114875374
9528.0 37985.41000581567
9563.0 37856.847513405955
9598.0 37993.955921906316
9632.0 37782.61602788369
9667.0 35768.43353489551
9702.0 35876.400429971305
9737.0 38272.17375732697
9772.0 39674.17305299434
9806.0 42896.15560335499
9841.0 37656.19626750666
9876.0 37459.00310728789
9911.0 37276.358743946446
9946.0 35706.16216046295
9981.0 37892.61169462257
10016.0 38468.91230462099
10050.0 38436.95761270558
10085.0 34642.51799810577
10120.0 36725.452025917206
10155.0 38334.9873004444
10190.0 38842.36950779932
10225.0 37786.360879429536
10259.0 37292.06019266354
10294.0 39431.75823927375
10329.0 36428.06306182304
10364.0 32311.322549369143
10399.0 37812.37607137667
10434.0 36666.561310042314
10468.0 35153.99178688815
10503.0 33561.70177350693
10556.0 33483.720961770305
10591.0 36007.17888987304
10625.0 36023.23876319231
10660.0 35404.29827965085
10695.0 34790.91222230702
10730.0 34686.79125627587
10765.0 38704.06828422986
10800.0 36698.90920198919
10835.0 35204.03429472896
10870.0 36387.24891520559
10904.0 35551.99103453041
10939.0 33107.17176051252
10974.0 39318.05407369034
11009.0 33455.18543706684
11044.0 36043.342588465464
11079.0 37165.12011649511
11114.0 37625.51765197795
11149.0 35169.44035021707
11184.0 35210.499482421146
11219.0 39722.41177919396
11253.0 37954.28775601742
11288.0 37901.88315186545
11323.0 36134.06627467908
11358.0 36771.83868724749
11393.0 35833.74495676836
11428.0 35843.79551508728
11462.0 35613.273189264124
11497.0 37961.39507033184
11532.0 39392.37740430256
11567.0 40465.08650545223
11602.0 41896.03170027302
11637.0 40325.37804895394
11672.0 41639.14483928569
11707.0 39375.92436513488
11741.0 37670.36887353962
11776.0 38736.123838040214
11811.0 40566.696368687524
11846.0 42409.727483828385
11881.0 45343.31964161499
11916.0 43835.427566171114
11951.0 36150.94647389848
11985.0 44700.21554920207
12020.0 39959.696446518865
12055.0 45787.77725285208
12090.0 43863.19396661633
12125.0 46788.090433865145
12160.0 48880.33996758703
12195.0 46986.76272981316
12229.0 48630.81040765126
12264.0 46812.65006560573
