0.0 43534.79636301678
35.0 42062.87225472104
70.0 40746.57169412906
104.0 39553.15654801941
139.0 38873.416679996946
174.0 34742.402732565904
209.0 41699.84055917799
244.0 37846.20603385851
279.0 39465.64471591129
314.0 43355.348775848026
349.0 42045.682035004385
384.0 41496.670550311654
418.0 40028.50517612861
453.0 38240.586772234
488.0 40011.359612324304
523.0 38066.68313595867
558.0 41313.773671490395
593.0 44365.5146054642
628.0 38958.76206317757
663.0 42274.20487647761
698.0 40206.6030141508
732.0 37454.45873640127
767.0 36868.88767105744
802.0 37677.55760425743
837.0 38197.67111760878
872.0 40650.81599042273
907.0 37201.71513349418
942.0 42899.99766176207
977.0 36395.951395929886
1012.0 44441.941239354426
1046.0 40195.41508722319
1081.0 38433.655528927564
1116.0 42245.98996928895
1151.0 42252.2075423068
1186.0 38215.084364731985
1221.0 39800.028922385005
1256.0 38514.46283882908
1290.0 37047.61620746776
1325.0 39070.248885995854
1360.0 35992.57824876232
1395.0 38491.86384252169
1430.0 37614.59794237957
1465.0 38763.33032205504
1500.0 37886.40583223477
1535.0 35985.10653563876
1570.0 40045.24937775218
1605.0 39591.2649824678
1639.0 37969.98104471463
1674.0 36008.04295921295
1709.0 37310.1625447112
1756.0 36633.07575340457
1791.0 40763.21314842762
1826.0 40924.907220886664
1861.0 35191.114870050544
1896.0 38851.85414835045
1931.0 34467.43893553667
1966.0 35327.69086818758
2001.0 37774.89836629278
2036.0 38439.23804303134
2070.0 36977.77047962514
2105.0 39645.576668372836
2140.0 39413.042416299286
2175.0 33083.92351357187
2210.0 34913.76727732902
2245.0 32292.220371674826
2280.0 38864.28329898589
2315.0 35204.40631093478
2350.0 35128.48232299108
2385.0 36721.26418806911
2420.0 35183.37598088927
2455.0 31591.586335919554
2490.0 34487.797890915834
2525.0 32533.05952542033
2559.0 34532.31008255328
2594.0 37505.04356261871
2629.0 31490.670893007486
2664.0 34834.48499100117
2699.0 35155.4974576453
2734.0 32682.27426161064
2769.0 35902.829871815244
2804.0 28717.47862594578
2838.0 34434.75724729458
2873.0 36227.756912922065
2908.0 33024.222956300364
2943.0 29960.27420450488
2978.0 30441.774719931196
3013.0 33769.713940914626
3048.0 29897.250984976316
3083.0 31265.767389993704
3117.0 29175.05704228486
3152.0 28302.761498970336
3187.0 34134.27617668735
3222.0 25583.895618974835
3257.0 26981.780954933034
3292.0 29950.231204709304
3327.0 30627.38032908997
3362.0 32637.708728093
3396.0 27714.18801947864
3431.0 25957.16843817594
3466.0 30215.652327856016
3511.0 30018.432604876627
3546.0 31619.30527182384
3581.0 28376.262315899192
3616.0 32507.655412304488
3651.0 27270.643323440985
3685.0 26950.785036751993
3720.0 26600.939846426103
3755.0 28536.39434133005
3790.0 29665.880415710413
3825.0 26349.178768222835
3860.0 29197.129265130727
3895.0 26682.996959750326
3930.0 32525.09430552947
3965.0 28875.822738632098
4000.0 26839.905198570865
4034.0 24066.573272902195
4069.0 25455.570372563936
4104.0 27667.489845551732
4139.0 24793.21819504847
4174.0 24774.98061030822
4209.0 24887.556292398323
4244.0 24854.475359486943
4279.0 26148.35125242435
4313.0 27273.309522203526
4348.0 24499.189531983946
4383.0 25083.52080569699
4418.0 25928.568957531235
4453.0 26863.6674205395
4488.0 29051.18371394419
4523.0 27455.040086127767
4558.0 25709.737142192105
4593.0 29946.59601507274
4628.0 25255.704613177604
4662.0 23612.058630110845
4697.0 25774.619219190394
4732.0 21449.508055979022
4767.0 23241.61406559406
4802.0 28164.86946884466
4837.0 26326.23594269679
4872.0 27365.07281830975
4907.0 24444.765949114942
4942.0 26884.668560011734
4976.0 24444.392991745943
5011.0 27951.307063338503
5046.0 27761.21920164984
5081.0 30068.18162887832
5116.0 26563.147414534546
5151.0 28586.479828054573
5186.0 25717.011557122853
5221.0 23964.36306974367
5269.0 31230.856069643345
5304.0 31093.682530096845
5339.0 28576.273316317922
5374.0 26721.639312593732
5409.0 27344.315424272765
5444.0 29485.551503718958
5479.0 26482.743066515093
5514.0 29630.967200169947
5549.0 28608.657556525308
5584.0 30678.356457342445
5618.0 31369.203337620726
5653.0 31432.186451365113
5688.0 32852.427751682146
5723.0 33073.8544660515
5758.0 28069.659683037495
5793.0 31725.336220181918
5828.0 29575.330237105172
5863.0 28565.840257884847
5898.0 28662.404317861336
5933.0 29885.16712120751
5968.0 32894.13337396193
6003.0 30388.973349008586
6038.0 30471.71340511156
6073.0 32166.857432018056
6107.0 32428.467105154523
6142.0 33485.585388636515
6177.0 35186.03623758214
6212.0 37557.555592241966
6247.0 33701.626598389565
6282.0 30674.61791857598
6317.0 34453.64629968203
6352.0 35089.19638653614
6387.0 36664.23678098546
6422.0 34897.25706482902
6457.0 31663.415919048202
6492.0 30097.984618915976
6526.0 33512.00841587001
6561.0 33872.62152685012
6596.0 36819.25954849693
6631.0 34080.48517860276
6666.0 36622.40185538777
6701.0 33322.644969466135
6736.0 32994.22571802595
6771.0 32841.39444628108
6805.0 34296.96920227283
6840.0 36106.69006010739
6875.0 33090.97855484862
6910.0 33494.33035517988
6945.0 38582.372459872655
6980.0 37736.091485655204
7025.0 34505.5861873281
7060.0 38127.00933275591
7095.0 38218.55019880168
7130.0 35956.26124830218
7165.0 35857.90775937157
7200.0 38445.920431002014
7235.0 39190.23339776683
7270.0 38663.71880956637
7304.0 39375.15761863931
7339.0 38580.4345765636
7374.0 37693.17101642185
7409.0 40510.81006167417
7444.0 39218.50389843342
7479.0 36758.33232101229
7514.0 38407.224900917005
7549.0 33570.15469044037
7583.0 41802.389466516695
7618.0 36629.813255936024
7653.0 39157.38731258568
7688.0 37690.04061048648
7723.0 41384.87124616067
7758.0 37786.31271048201
7793.0 38505.5504130463
7827.0 37010.36936228653
7862.0 40152.147151693214
7897.0 40592.37634727859
7932.0 38021.80958548648
7967.0 38901.4874185473
8002.0 40577.4808169528
8037.0 43833.36122763899
8072.0 42204.133846006
8107.0 36065.52642384013
8142.0 41594.60524353009
8177.0 41767.41212309612
8211.0 41871.24719120434
8246.0 38689.23377376565
8281.0 40920.837522371316
8316.0 38732.3358849223
8351.0 40385.940684166926
8386.0 38776.478083923306
8421.0 42118.111910749496
8455.0 42131.07089041575
8490.0 41074.43234852652
8525.0 41689.39113375892
8560.0 41018.187340198696
8595.0 41816.08682847579
8630.0 39640.317934897335
8665.0 44038.281418646446
8700.0 42374.56100060178
8735.0 45318.60079376856
8777.0 43098.65459895303
8812.0 43049.57482820384
8847.0 43965.682445643346
8882.0 40428.44985064866
8917.0 47172.6602847161
8952.0 42063.30846676185
8987.0 43500.21635668407
9022.0 43451.12752206731
9057.0 48081.29882053936
9092.0 45007.2572005895
9127.0 48277.948209727125
9162.0 46277.08404306305
9197.0 45444.402269433675
9232.0 47343.07090001875
9267.0 47121.825259113095
9302.0 45215.57632906426
9337.0 45903.69917424642
9371.0 48820.45418548653
9406.0 41914.48489223712
9441.0 43886.988232286414
9476.0 44682.9078067628
9511.0 43467.1601973347
9546.0 44307.96233516431
9581.0 45362.03567756774
9616.0 43940.58673842972
9651.0 42919.632981359515
9686.0 40499.421408869406
9721.0 41529.949101368955
9755.0 48593.36177425007
9790.0 42957.766520008205
9825.0 42820.45699023917
9860.0 43650.95693893359
9895.0 43483.414405458025
9930.0 45802.435010268455
9965.0 41951.630486704766
10000.0 46841.46040323882
10035.0 43383.35647580647
10070.0 44294.15652315673
10105.0 45397.823578908494
10140.0 45889.5929202794
10175.0 40274.1886620877
10209.0 47036.72907465003
10244.0 45993.74708544109
10279.0 46950.21410689268
10314.0 43555.51052259364
10349.0 45524.967365758836
10384.0 45417.80426071373
10419.0 42510.9045909461
10454.0 45591.43309200067
10489.0 46582.67732273504
10541.0 47656.97799532716
10576.0 42634.143423577145
10610.0 39991.641491431845
10645.0 42375.629878453554
10680.0 46944.29720225338
10715.0 41550.34401675802
10750.0 43379.292545486205
10785.0 43132.759764965296
10820.0 43906.55301451491
10855.0 42634.5238758524
10890.0 43201.453766214065
10925.0 44379.09480781241
10960.0 45250.06258176815
10995.0 44916.9124347925
11030.0 43303.09564479855
11065.0 44223.287910703766
11100.0 41992.85562310943
11135.0 44009.86794011312
11170.0 44209.72148552263
11205.0 43854.28351566618
11240.0 44855.34093127962
11274.0 43250.611423242735
11309.0 43047.18604724671
11344.0 42267.666688065045
11379.0 40060.661174379624
11414.0 43016.44707584737
11449.0 41761.44045670144
11484.0 42577.24809579657
11519.0 43140.68247022913
11553.0 41719.914318930874
11588.0 41770.21228974675
11623.0 41110.190912727914
11658.0 41571.91800659166
11693.0 41696.82840627755
11728.0 43138.02321081947
11763.0 42175.13881016867
11798.0 43531.51368034072
11833.0 41719.157408422776
11868.0 41396.735131888476
11903.0 42687.763101742516
11937.0 42421.19575590287
11972.0 43423.992518119936
12007.0 42363.38837432911
12042.0 39072.24839709661
12077.0 41781.247618237765
12112.0 43490.940289636135
12147.0 42879.208009034366
12182.0 41657.33362761716
12216.0 40690.83758678465
12251.0 40625.58415157386
