0.0 116122.0381733879
35.0 117488.34580671357
69.0 113106.25199152113
104.0 114569.59413872873
139.0 116703.96162680324
174.0 116645.7784525946
209.0 113653.91189029363
244.0 116518.34135619635
279.0 120148.23070784322
313.0 119472.59629869035
348.0 118781.15498829339
383.0 118736.20289118853
418.0 125409.42581355122
453.0 125451.97174800116
488.0 122854.7799399171
523.0 122336.47356519951
557.0 121993.18548026872
593.0 127550.21910817295
628.0 127636.37362542034
662.0 125531.79328177428
697.0 126358.86199299048
732.0 133499.54437670455
767.0 129695.69374918756
802.0 126640.3708525998
837.0 121853.83178408348
871.0 131062.8722804121
906.0 129451.63269175931
941.0 129851.67904242664
976.0 124062.11809103025
1011.0 128196.65257131557
1046.0 127849.39573648853
1081.0 128476.7783676479
1116.0 127226.3396561301
1151.0 124732.02232701727
1185.0 130509.41788116915
1220.0 129752.20939694309
1255.0 125745.34042795768
1290.0 125529.86463598887
1325.0 128242.87421273677
1360.0 129416.8990007468
1395.0 129252.24372811818
1429.0 123410.65763938619
1464.0 127567.91058519656
1499.0 129904.21120772461
1534.0 126105.77862701012
1569.0 126017.76786165003
1604.0 122814.69207513442
1638.0 124375.98958340785
1673.0 122022.39526925336
1708.0 120902.66298380797
1817.0 120522.4625046246
1852.0 120739.17705193323
1887.0 118486.36273996581
1922.0 114525.34260333129
1957.0 113260.30383375386
1991.0 112155.59957605375
2026.0 113928.29514878309
2061.0 108578.19875425131
2096.0 105879.23184101637
2131.0 109718.739995808
2166.0 106195.37547899899
2201.0 104347.8459069827
2235.0 98963.09609404513
2270.0 99905.06697036888
2305.0 102336.82783668215
2340.0 100649.64815213505
2375.0 98096.99594354427
2410.0 96250.79487688241
2445.0 96671.14589368866
2480.0 100277.49379678139
2514.0 93382.28483776115
2549.0 93933.55563961716
2584.0 94867.38325473099
2619.0 94902.3086254921
2654.0 93602.9611917426
2689.0 89283.30095062958
2723.0 86291.40808288795
2758.0 93165.94963538913
2793.0 88490.70066964805
2828.0 88631.68593613115
2863.0 89994.11131348017
2898.0 88976.98075569031
2933.0 91549.15942144972
2967.0 86206.76961635351
3002.0 87870.39516178284
3037.0 85609.8697101826
3072.0 89957.87729102968
3107.0 85379.28708281292
3142.0 92984.76493396577
3177.0 87262.2519966758
3212.0 88088.09198949754
3247.0 86118.3305884947
3281.0 96266.29340093472
3316.0 92660.9976552033
3351.0 87578.61993621764
3386.0 86420.24099416492
3421.0 90357.34234125025
3456.0 92601.79700212854
3491.0 90640.63088528097
3525.0 83624.13886301806
3615.0 92193.97577320764
3649.0 91232.8289148518
3684.0 86907.488874295
3719.0 93328.9423312489
3754.0 93479.23496970106
3789.0 94813.37863335667
3824.0 83414.5678931617
3859.0 87979.2267462755
3893.0 97564.92645366181
3928.0 93526.17118388126
3963.0 83084.26559433255
3998.0 86945.39105377655
4033.0 99265.49982431749
4068.0 94744.96343925782
4103.0 85441.53190757634
4138.0 84147.12046868878
4173.0 106400.85871933392
4207.0 102111.75405398256
4242.0 95353.89028118316
4277.0 85603.44971051498
4312.0 94979.33605390112
4347.0 103131.70052084299
4382.0 103801.75132942341
4417.0 86992.01243471893
4451.0 91723.75901534825
4486.0 102228.37845822927
4521.0 96978.7710489075
4556.0 84880.08197499206
4591.0 88968.04521074363
4626.0 104735.31706712994
4661.0 107409.14051055722
4696.0 99085.00161454415
4731.0 88556.51046845094
4766.0 102677.07070453138
4800.0 102963.10580405152
4835.0 99781.22282973258
4870.0 86982.41280266874
4905.0 96299.13337161674
4940.0 102186.81724755283
4975.0 97854.39299047325
5009.0 91447.2173292413
5044.0 90002.76303510605
5079.0 103359.2421215087
5114.0 99281.483299858
5149.0 93482.55658118581
5184.0 86730.87781908532
5219.0 94658.59248119658
5254.0 95360.58468285821
5289.0 90406.2088498955
5323.0 86777.40077186974
5400.0 97130.89735789497
5435.0 92567.63221737026
5470.0 85262.91356552529
5505.0 89137.84892424775
5540.0 88236.96864052801
5574.0 85956.21322615926
5609.0 84294.99993371806
5644.0 87321.69483038648
5679.0 87083.71253077284
5714.0 84345.15038389862
5749.0 84216.29802282824
5784.0 81615.9878030818
5819.0 84069.3148030684
5853.0 77309.50453257267
5888.0 80898.22145584447
5923.0 78277.7973631341
5958.0 82621.78294650432
5993.0 72941.163528667
6028.0 72938.59970465269
6063.0 72612.84294253931
6098.0 77038.93901983477
6132.0 74333.51177184362
6167.0 73090.27725075274
6202.0 73627.58868609511
6237.0 74988.71380630584
6272.0 73240.47734514432
6307.0 72135.06914383292
6342.0 74712.6241320935
6377.0 83312.98986696427
6412.0 76560.70950869864
6446.0 75059.47334271875
6481.0 71003.99296980706
6516.0 79767.12277722072
6551.0 74754.06499337345
6586.0 77713.29750023196
6621.0 77974.69801408576
6655.0 71078.8430033345
6690.0 75071.75730864178
6725.0 70173.7599331176
6760.0 76476.40355365876
6795.0 67513.72789073065
6830.0 78767.01180292919
6865.0 75650.84470892069
6899.0 69380.01583604998
6934.0 71300.97815453654
6969.0 80239.52642728196
7004.0 74334.37716905089
7039.0 72965.52343574975
7074.0 70434.28849205504
7109.0 76815.41850340102
7179.0 72816.96479241886
7214.0 72732.4431194113
7249.0 78585.6429317169
7284.0 80981.14498139352
7319.0 75636.04392306972
7354.0 77184.51260147063
7389.0 75737.26659354786
7424.0 87835.02772528774
7459.0 79555.34899168211
7493.0 79707.78978816589
7528.0 81928.88209518156
7563.0 89357.87738777931
7598.0 82081.52058567853
7633.0 82612.70290635606
7668.0 80238.51989795799
7703.0 87595.6119690518
7738.0 86668.65644799183
7773.0 78081.38838067211
7808.0 80008.29016726173
7843.0 78445.9181745658
7878.0 89572.09748695405
7913.0 84166.30404828144
7947.0 81443.89481894755
7982.0 79318.58947944205
8017.0 87372.25503551966
8052.0 80000.39107737788
8087.0 77617.77484194543
8122.0 76460.3783074487
8157.0 88977.61436495162
8192.0 82350.52646673883
8227.0 78193.02643042036
8261.0 77504.33464157085
8296.0 79379.4212506346
8331.0 85589.96008069953
8366.0 78128.81788396406
8401.0 80193.91183071845
8436.0 72685.24901852438
8471.0 86169.4674193288
8506.0 80447.0629107422
8541.0 88005.1458105105
8576.0 103417.2643067183
8610.0 106671.39459623807
8645.0 108101.14576476195
8680.0 101081.1981748959
8715.0 101903.42340182248
8750.0 103599.77795790258
8785.0 105554.30371936658
8820.0 102699.11872675252
8855.0 105504.16961734027
8890.0 102888.32460663692
8965.0 105315.83557166558
9000.0 104535.02645418572
9035.0 104120.78914496255
9069.0 106253.62921780908
9104.0 105034.0376071607
9139.0 107262.57846447379
9174.0 104853.35984525832
9209.0 107265.75776755494
9244.0 106451.32352153293
9278.0 105513.7752395158
9313.0 101972.99193682242
9348.0 106132.98687025854
9383.0 106801.13126707652
9418.0 106768.69866184347
9453.0 103525.08053893375
9488.0 102067.47692085156
9522.0 106618.07809285683
9557.0 106753.10582396256
9592.0 105757.84201827606
9627.0 101886.06214246052
9662.0 108484.50263056213
9697.0 103712.52015151753
9732.0 104785.22805965379
9767.0 103771.47752273588
9801.0 106977.8629139407
9836.0 108472.48325268364
9871.0 105533.19875703141
9906.0 103242.86240932146
9941.0 101877.91825218729
9976.0 106560.6353561904
10011.0 103287.14402915665
10045.0 102838.48805594587
10080.0 105075.8908461577
10115.0 107677.18355754385
10150.0 101875.33784848526
10185.0 104393.85253098712
10220.0 104310.99027844954
10255.0 108480.76975923471
10289.0 107837.15959988792
10324.0 105415.36392798332
10359.0 103176.96827006112
10394.0 104726.41649420146
10429.0 104644.25759069568
10464.0 104263.87777917966
10499.0 102903.47629190347
10533.0 104885.8006461434
10568.0 109199.05717617893
10603.0 104402.24079000272
10638.0 102085.3865119975
10673.0 99557.26629923764
10758.0 104601.01575474405
10793.0 102814.53891453453
10828.0 103893.08101851301
10863.0 104903.50090415058
10897.0 105060.89127080134
10932.0 101005.76321316017
10967.0 101822.07249549385
11002.0 103679.70418501043
11037.0 105173.38882880272
11072.0 102822.66295199221
11107.0 103331.04881441612
11142.0 101894.08207490435
11177.0 105545.45106319906
11211.0 102592.81418604679
11246.0 101009.6626989033
11281.0 102111.05806203943
11316.0 104872.60161431666
11351.0 104214.84562941238
11386.0 102146.48079223669
11421.0 100587.30046444756
11456.0 101138.40586116533
11491.0 102880.76330013403
11525.0 100401.10166452387
11560.0 98750.08614695037
11595.0 98555.45210880549
11630.0 97977.61446660665
11665.0 97307.6204056404
11700.0 100005.1602366503
11735.0 95892.60069138788
11770.0 101772.01625682246
11805.0 98629.87008940692
11840.0 97270.97747077566
11874.0 97979.08573362928
11909.0 100653.24686882414
11944.0 98078.68622626421
11979.0 97949.03342968276
12014.0 97843.08171077633
12049.0 97892.43122240948
12084.0 96709.09832478467
12119.0 94846.7343894587
12154.0 94363.82195953406
12188.0 95343.39975559131
12223.0 97503.66314785104
12258.0 94110.13432274127
12293.0 93967.37573863374
12328.0 96640.07129706393
12363.0 95364.14329597926
12398.0 95041.29133357381
12432.0 94622.03824336256
12467.0 94550.53498536922
