0.0 408279.4910853152
35.0 407776.5689178179
70.0 407124.4135192919
104.0 400718.68932384334
139.0 405567.4120385884
174.0 403693.901412966
209.0 400912.9298234609
244.0 401189.7654672219
279.0 397722.6916205493
314.0 402007.96766159177
349.0 399709.85572507355
384.0 401915.17451103387
419.0 394638.1055435611
453.0 397273.37521110114
488.0 395225.50145125616
523.0 394355.5820677415
558.0 393797.3746696159
593.0 390236.4212005942
627.0 391989.1320333635
662.0 391674.95602098876
697.0 390281.235015381
732.0 390618.8758051409
767.0 387727.06608124403
802.0 389188.4495765098
836.0 390281.3138362312
871.0 384960.69162658066
906.0 386204.73285243026
941.0 384283.66162667173
976.0 382990.15099226544
1011.0 381462.91420168296
1046.0 385257.0403444766
1080.0 384330.7076157665
1115.0 380089.962857801
1150.0 382270.378736381
1185.0 379961.0963975711
1220.0 378545.0245416038
1255.0 376374.16470912634
1289.0 379970.05137179064
1324.0 376407.4330844294
1358.0 376200.45826051204
1393.0 375248.0859397868
1428.0 378723.50937055296
1463.0 375306.27220073534
1498.0 375722.1617423297
1533.0 377708.24216854916
1567.0 373999.912842845
1602.0 372692.8202417295
1637.0 374523.38264910737
1672.0 371923.2688524678
1707.0 372782.41708828346
1750.0 371584.07258234377
1785.0 371181.9540721888
1820.0 375536.23807840934
1855.0 372901.22580580204
1890.0 365426.8255954651
1925.0 371810.7556951519
1960.0 368758.307436342
1995.0 366452.641079488
2030.0 370422.70729421324
2064.0 371499.40387600375
2099.0 368963.74251214485
2134.0 371263.409560211
2169.0 367384.8093555209
2204.0 365489.9001281858
2239.0 367685.2013030433
2274.0 364670.43492159166
2309.0 367917.7742796917
2344.0 365078.48500921275
2378.0 369661.6276681626
2413.0 370730.18569657183
2448.0 371163.71384925186
2483.0 368820.8828836542
2518.0 370298.57327834284
2553.0 375752.9538499436
2587.0 369178.2409507016
2622.0 368637.4799420109
2657.0 364745.87629676546
2692.0 370629.36797982
2727.0 365758.9461446458
2762.0 371932.44911722065
2797.0 374883.17153217155
2832.0 373152.8920565516
2867.0 375856.8004332285
2901.0 369047.29673228913
2936.0 369624.51130040176
2971.0 367298.81678191194
3006.0 368094.8602607524
3041.0 374755.27952946315
3076.0 375917.3297808099
3111.0 375967.2551248638
3146.0 374413.9940803398
3181.0 377275.6464056162
3216.0 374828.9676022129
3250.0 380026.579197915
3285.0 378684.6182565372
3320.0 377192.46977157856
3355.0 371271.0835375929
3390.0 379297.9665032116
3425.0 381666.6205218646
3459.0 377573.36302386137
3508.0 383848.6452053002
3543.0 380610.2215166668
3578.0 380598.05195136945
3613.0 385992.41585327353
3648.0 387122.3321895382
3683.0 384940.13001294376
3717.0 383404.6794374594
3752.0 384999.6577826446
3787.0 389994.31933366007
3822.0 391063.3972322279
3857.0 385705.8387756285
3892.0 388001.7654465371
3927.0 388552.09206518036
3962.0 391239.1333864604
3997.0 391699.2621499352
4031.0 394923.12754431175
4066.0 395115.84469091543
4101.0 394554.56489148655
4136.0 398480.9175863804
4171.0 397103.14434721594
4206.0 395475.34337522555
4240.0 398529.2568652395
4275.0 398062.99133053096
4310.0 401061.6922057304
4345.0 402020.5883949466
4380.0 403410.85243353224
4415.0 400785.44752720126
4450.0 403100.8639136986
4483.0 401355.05447933066
4518.0 404056.77494044893
4553.0 405704.6103236684
4588.0 404995.3757744714
4623.0 407641.6104945666
4658.0 404093.26529267954
4692.0 407101.64125923964
4727.0 412319.49525179755
4762.0 409620.88886893226
4797.0 412164.66986659606
4832.0 411553.9923101893
4867.0 416635.8529355569
4902.0 410622.6866576751
4937.0 416980.0812166779
4971.0 414748.68704024405
5006.0 419614.79521779856
5041.0 413137.2934890758
5076.0 418958.5810029952
5111.0 423475.4579256099
5146.0 423920.53762757935
5181.0 423305.94067375356
5215.0 420606.1541042185
5267.0 426006.75445243233
5302.0 423266.6049378514
5337.0 425705.2764209324
5371.0 428919.11182270985
5406.0 431643.42199864576
5441.0 430782.86471804057
5476.0 433783.5262510447
5511.0 433159.5136363121
5546.0 434460.6525928034
5581.0 428179.4604197875
5615.0 432232.4035002307
5650.0 437942.1474860503
5685.0 436414.2592445187
5720.0 439394.7992538312
5755.0 444336.12330573617
5790.0 442707.220170999
5825.0 438586.54843765777
5859.0 441163.8830887399
5894.0 442385.44563926593
5929.0 447897.328638194
5964.0 446015.2439053374
5999.0 448044.06207026076
6034.0 458869.7876694861
6068.0 447227.77801572415
6103.0 449291.9361368162
6138.0 451993.25463378656
6173.0 451913.11742855137
6208.0 448059.31371610943
6243.0 450939.0299800261
6278.0 454820.21153987927
6313.0 455187.8552226379
6348.0 458969.63789387076
6382.0 453267.45942028245
6417.0 456416.1329569407
6452.0 459026.38707229693
6487.0 460145.9093509248
6522.0 458109.11859776475
6557.0 462206.34252392483
6591.0 459544.6075971476
6626.0 467776.81444342685
6661.0 462311.3075584792
6696.0 462812.51317850203
6731.0 466659.456253287
6766.0 466566.2566171508
6801.0 463683.47399111546
6836.0 466109.142842748
6871.0 467406.71017942776
6905.0 469529.49358106806
6940.0 471209.0455608656
6975.0 469065.6130971966
7022.0 472300.05562075705
7057.0 472085.4198248421
7092.0 471766.8012931525
7127.0 478775.5153046985
7162.0 476852.26734025904
7197.0 476431.73403257265
7232.0 474370.0529168104
7266.0 481326.72166293097
7301.0 478857.09655816783
7336.0 480638.8024261568
7371.0 484684.88794886053
7406.0 482208.3384896912
7441.0 481927.86530947185
7476.0 483387.1300736729
7511.0 481379.30255330686
7545.0 485353.4755065212
7580.0 482666.8079924089
7615.0 483788.5401023654
7650.0 484312.6754697285
7685.0 486367.10629942524
7720.0 478030.9398690045
7755.0 482423.7856348995
7789.0 486364.93328427646
7824.0 491749.61827394046
7859.0 486190.9162537325
7894.0 488877.581522517
7929.0 487549.25262699934
7964.0 485771.4280509933
7999.0 493687.64949101175
8034.0 491093.4371109812
8069.0 493920.70086473954
8104.0 494322.39556880045
8138.0 496317.6181257489
8173.0 496894.24485669547
8208.0 494698.82624254114
8243.0 499158.0915526713
8278.0 499588.12361578835
8313.0 502258.7663987424
8348.0 498863.8113192719
8383.0 495500.71471987944
8418.0 498905.24216684717
8453.0 500254.0651539895
8487.0 499972.2784194379
8522.0 500997.22305509425
8557.0 503815.8132357815
8592.0 498633.38636511954
8627.0 503041.58250794193
8662.0 505791.30578588555
8697.0 498980.89166508266
8731.0 495061.0605454854
8777.0 501489.2605029574
8812.0 499428.4267736824
8847.0 498737.43847918644
8882.0 505652.8611747268
8917.0 499855.91111839755
8952.0 502603.56685394375
8986.0 503663.2470740136
9021.0 505734.72923033725
9056.0 502131.66651766124
9091.0 504125.71589650406
9126.0 505440.41910559934
9161.0 505100.71001533716
9196.0 505775.71351780026
9231.0 505463.9008310091
9265.0 510454.7086948134
9300.0 511598.03041367145
9335.0 511417.45746698
9370.0 511695.8406712548
9405.0 513703.0311596137
9440.0 512264.216077009
9475.0 514101.63455930044
9510.0 516871.1063488616
9545.0 512406.6402842184
9580.0 513575.24508964946
9615.0 511351.58256236004
9649.0 514908.6179630865
9684.0 515305.780338907
9719.0 516445.7004735608
9754.0 517146.87956442503
9789.0 514589.0339884709
9824.0 516729.4386159476
9859.0 517240.4649291932
9893.0 514726.946879566
9928.0 519543.4427259126
9963.0 514675.36849352514
9998.0 517865.13554833777
10033.0 514135.50576415856
10068.0 518204.9732961024
10103.0 515537.94067266706
10138.0 517704.44511882775
10172.0 514755.624320716
10207.0 518498.7553410793
10242.0 513322.68777339504
10277.0 516474.44191739254
10312.0 515377.18561270944
10347.0 515855.30880535307
10381.0 519632.7742759227
10416.0 517538.7705808918
10451.0 518448.0477151156
10486.0 518333.88499350596
10528.0 519631.6145392581
10563.0 520162.6332770009
10598.0 517220.46581255767
10633.0 517114.1630277398
10668.0 517127.2187008008
10703.0 517141.14601154055
10738.0 514946.84944044385
10772.0 517202.55235848256
10807.0 515653.8636618169
10842.0 517245.20446005865
10877.0 515624.7484589752
10912.0 516175.2044084588
10947.0 517749.8626501154
10982.0 519840.8324517565
11017.0 521351.8258544464
11051.0 513428.56638024416
11086.0 515578.25107338856
11121.0 517044.10833552654
11156.0 516785.3566100379
11191.0 517231.32193305617
11226.0 517604.835855088
11261.0 515463.5051910383
11296.0 514674.5787329454
11330.0 520922.8765286183
11365.0 515778.1267160311
11400.0 514257.0136316802
11435.0 511083.7129570222
11470.0 517162.4600421912
11505.0 513927.79954962846
11539.0 516878.6117940369
11574.0 513243.92036714597
11609.0 513106.72818788
11644.0 515632.4370873898
11679.0 510208.7266104741
11714.0 510956.2892014988
11749.0 509889.19394199655
11784.0 511266.78284752904
11818.0 511372.59557135415
11853.0 511400.84120887023
11888.0 510076.34193657496
11923.0 511038.8695471286
11958.0 509208.61431926716
11993.0 509528.4733067599
12028.0 509979.0122079859
12062.0 509058.82503830915
12097.0 509199.910511393
12132.0 506851.4332539971
12167.0 506247.93453653937
12202.0 504752.2272356002
12237.0 506834.4409912133
