0.0 47402.89556618005
35.0 45261.152954309786
69.0 44932.13440327688
104.0 45544.03429829001
139.0 47448.62141475775
174.0 47933.49486390175
209.0 44809.59408724892
244.0 43958.12060005277
279.0 46054.78904239648
314.0 44013.48161217926
348.0 43642.33649739411
383.0 47046.849725014836
418.0 49906.876289982196
453.0 44795.8254127611
488.0 46797.72662581676
523.0 47743.005087352205
558.0 47215.384662599485
592.0 46496.33100705087
627.0 46727.39631361009
662.0 46800.02589219376
697.0 47190.6083739164
732.0 45723.634987342164
767.0 50510.8146590211
801.0 44984.88911720249
836.0 47437.239230586914
871.0 46690.22283638058
906.0 46596.21976029492
941.0 46760.728530476255
976.0 45574.06563641202
1010.0 46954.085682885525
1045.0 48330.11877366154
1080.0 47249.019396128584
1115.0 46358.561610767625
1150.0 49648.064656351504
1185.0 49269.187008297915
1219.0 47388.17776914676
1254.0 46708.30721343809
1289.0 47807.0097340697
1324.0 48651.86650937747
1359.0 49436.95967003331
1394.0 45861.166531882074
1428.0 47899.34686067554
1463.0 47143.76940068831
1498.0 51120.794645898175
1533.0 48225.9663104703
1568.0 48525.0596209553
1602.0 46154.37788447006
1637.0 48635.072684157276
1672.0 50436.57808751806
1707.0 53309.170711675135
1805.0 48999.52231369514
1840.0 51332.12370858343
1875.0 52363.69430010574
1910.0 49982.14886353202
1945.0 48946.12529245793
1980.0 48618.06832741777
2015.0 46615.61242882626
2049.0 53054.8289883618
2084.0 50137.76127254353
2119.0 48075.40808261858
2154.0 47634.144297888895
2189.0 47433.80391323918
2224.0 52146.84264856097
2258.0 50355.29041604999
2293.0 51784.54001047476
2328.0 50655.97201895441
2363.0 51120.9220810859
2398.0 51717.030507990945
2433.0 48899.63396447816
2468.0 53141.95289383387
2502.0 48964.54093981019
2537.0 51048.536956150405
2572.0 46897.99722773454
2607.0 49627.00386304268
2642.0 47229.5763737913
2677.0 51164.3544405442
2712.0 54552.52222777549
2746.0 51015.8975898871
2781.0 48895.454236450125
2816.0 49401.31325931358
2851.0 51869.36523449146
2886.0 52727.46333715305
2921.0 53168.1162170956
2956.0 49795.4137693339
2990.0 51284.364961223175
3025.0 55581.013477724184
3060.0 54148.75597547197
3095.0 50728.997306746984
3130.0 49538.91622257757
3165.0 50044.46933518927
3200.0 53832.96912465714
3234.0 53034.830356569306
3269.0 54742.645253872055
3304.0 51461.55966959962
3339.0 53705.67302168439
3374.0 51082.535549647466
3409.0 55264.377247224395
3444.0 52908.282038150996
3478.0 47698.51952811395
3513.0 53509.83092526921
3578.0 53235.63989407415
3613.0 52978.34192694236
3648.0 54304.13742453305
3683.0 49874.34914336715
3717.0 55062.452162672525
3752.0 51144.62624269301
3787.0 56221.56696770199
3822.0 57385.4233265996
3857.0 56502.71308104089
3892.0 59702.965684120616
3927.0 58548.49423199312
3962.0 50070.46943988399
3996.0 57394.343803996555
4031.0 49471.469311648136
4066.0 57374.05131334012
4101.0 57775.597522499294
4136.0 55057.81130212886
4171.0 53970.97083712016
4206.0 56332.16133090175
4241.0 58016.76916963524
4275.0 56550.494677469775
4310.0 58173.60773399098
4345.0 56001.11765987499
4380.0 57312.92568595688
4415.0 55282.1020364586
4450.0 56543.68102167963
4484.0 57408.1125581683
4519.0 56056.98768991886
4554.0 54912.5672250863
4589.0 54785.41759541607
4624.0 56143.84830400401
4659.0 59828.47056660583
4694.0 55887.56227812632
4729.0 58480.294863684496
4763.0 54518.5344419437
4798.0 57614.7138519596
4833.0 57717.3674350655
4868.0 57624.52652291801
4903.0 58459.40358330077
4938.0 57647.040729506785
4973.0 57992.3166565902
5007.0 58411.52240757385
5042.0 57833.40466589402
5077.0 56592.35597001455
5112.0 58926.07090506804
5147.0 57363.04328064638
5182.0 61135.592639669376
5216.0 56658.43919975891
5251.0 59359.69081424091
5286.0 59048.03335140151
5334.0 59569.03339810347
5369.0 59602.03241669772
5404.0 56315.8350327491
5439.0 56508.73551886288
5473.0 58182.79675240294
5508.0 57617.08892823005
5543.0 59072.2027368153
5578.0 58070.29772120741
5613.0 60089.89020280115
5648.0 60331.05512567946
5683.0 60016.73061275474
5718.0 59899.2937706442
5752.0 59438.530192023754
5787.0 59427.30009588018
5822.0 60025.083038377146
5857.0 57619.78811658723
5892.0 59562.59372241275
5927.0 57992.571423591595
5962.0 60620.11097556648
5997.0 61226.18487211661
6031.0 58767.44564150793
6066.0 57724.96381818879
6101.0 61807.50108793241
6136.0 60818.57046832222
6171.0 61366.76425872504
6205.0 60867.360129888395
6240.0 62532.74518870141
6275.0 59901.77816090452
6310.0 63695.27018420767
6345.0 61861.60353179251
6380.0 58314.06270483175
6415.0 61130.86831033959
6450.0 61159.518683780494
6484.0 60260.21732503718
6519.0 60878.900021440146
6554.0 62680.48203622787
6589.0 58806.03802056542
6624.0 60213.79980066843
6659.0 60882.40759319853
6694.0 61684.45055916557
6728.0 61374.298611255086
6763.0 60569.811490111984
6798.0 60802.952331281456
6833.0 59935.03155080047
6868.0 60854.83091998263
6903.0 65334.36717210596
6938.0 61135.667907119336
6973.0 61463.58880487499
7008.0 61593.78924828123
7043.0 61780.248612799805
7090.0 62573.118071903154
7125.0 63674.6534440535
7160.0 63028.80615727541
7194.0 61739.94774351069
7229.0 62353.6561628956
7264.0 63500.226202045524
7299.0 63978.7070906583
7334.0 60227.067834773545
7369.0 62992.950791321935
7404.0 62433.72719476854
7438.0 65910.69428127621
7473.0 63840.23221732602
7508.0 62263.89863150381
7543.0 63843.73738138999
7578.0 61196.443423906625
7613.0 65166.44836669903
7648.0 62355.93297531524
7683.0 66646.31438155225
7718.0 61083.80917270145
7752.0 62434.2696951796
7787.0 65532.98770067653
7822.0 63359.55940296917
7857.0 63057.991808234576
7892.0 62206.45261292933
7926.0 63659.34299823538
7961.0 62755.899051519904
7996.0 61342.57683733758
8031.0 64205.538199685594
8066.0 62850.684751960616
8101.0 65418.028756061496
8136.0 63739.883476319
8171.0 63539.4204303419
8205.0 61849.61187679273
8240.0 63285.42034178639
8275.0 62671.8316568992
8310.0 63823.86050403444
8345.0 62641.39566204399
8380.0 63205.94050721236
8415.0 64230.57638838916
8450.0 63874.4298751872
8484.0 63989.45403678601
8519.0 62480.91866031281
8554.0 61093.65021311858
8589.0 64053.74168560987
8624.0 63948.07138593513
8659.0 62559.144339224935
8693.0 64068.576455036884
8728.0 64621.65747890229
8763.0 62726.5770273124
8798.0 62993.50488009522
8842.0 61506.710198704575
8877.0 62931.11306836357
8912.0 62930.36075645493
8947.0 62528.482686912954
8982.0 61593.336683648726
9016.0 62104.85975592106
9051.0 63675.07422767858
9086.0 62589.08841558936
9121.0 63982.54557837572
9156.0 63916.82738005021
9191.0 63840.895693085055
9226.0 61535.0891254121
9261.0 61420.44159260179
9295.0 66549.9705830967
9330.0 62627.221084941884
9365.0 64062.8099618914
9400.0 63139.52724620527
9435.0 65666.29605259806
9470.0 65127.117942398196
9505.0 62686.28803540601
9540.0 64075.58499304424
9575.0 64773.802777845856
9610.0 64252.01530654671
9645.0 61153.35880615972
9679.0 65848.61020205171
9714.0 64481.00554029181
9749.0 65231.32242125784
9784.0 64452.302910041304
9819.0 62566.81988565979
9854.0 61044.13108435916
9889.0 61937.79149696015
9924.0 61845.48884976393
9958.0 62344.10191588472
9993.0 62380.18703157544
10028.0 59871.141352243954
10063.0 64836.142228637145
10098.0 65408.843020324246
10133.0 63172.92419831905
10168.0 63195.97867357477
10203.0 61158.238939498995
10238.0 65673.19372754214
10273.0 63494.910477595775
10307.0 62050.84227785964
10342.0 64576.67680910046
10377.0 63190.74515367084
10412.0 65676.51760695923
10447.0 63599.17912243492
10482.0 61830.42964417225
10517.0 66438.04340924497
10552.0 63271.0548168682
10598.0 62486.17751184922
10632.0 62999.28379137145
10667.0 62752.78713467008
10702.0 65030.523721613536
10737.0 61639.36675412751
10772.0 60537.02600829188
10807.0 62967.18075956346
10842.0 62860.681105772266
10877.0 66048.18823998865
10911.0 64819.5509556942
10946.0 62463.526702568706
10981.0 64860.53504558225
11016.0 61358.66579192932
11051.0 63291.6780095829
11086.0 62606.144749811756
11120.0 63251.620963274145
11155.0 65088.0338016045
11190.0 64218.701940779356
11225.0 61140.79244008349
11260.0 64130.86045143791
11295.0 62186.82730728986
11330.0 63947.04617952486
11365.0 62783.9981300088
11399.0 60645.85597363944
11434.0 62911.60706477726
11469.0 64821.75746807999
11504.0 61444.98679833555
11539.0 62639.20634543391
11574.0 64772.4673666919
11609.0 62403.1141702643
11644.0 63454.57791549786
11678.0 61659.30310911224
11713.0 64265.445951468595
11748.0 63919.00302074978
11783.0 60780.486465199705
11818.0 63100.34074383823
11852.0 63439.80362297088
11887.0 63089.091302887224
11922.0 62965.01896148289
11957.0 61217.40984396492
11992.0 66671.23044451704
12027.0 62574.51529139835
12062.0 61383.23809351024
12097.0 60530.72334268535
12131.0 62626.33641384024
12166.0 61949.53760067553
12201.0 62409.88580593946
12236.0 64603.370132694465
12271.0 64302.34441092271
12306.0 64557.87039753063
