0.0 4760.508665520351
35.0 5834.596736836143
70.0 8573.477280799685
104.0 5677.020976423178
139.0 5535.044894426596
174.0 6884.145569868501
209.0 6644.785894797737
244.0 11283.069634880327
279.0 5848.652845213509
314.0 8527.41098960596
349.0 7365.89172995768
384.0 9563.242739133959
419.0 4294.33491462103
453.0 9146.9139432322
488.0 6035.898367791819
523.0 8781.902943613226
558.0 6427.584588626407
593.0 7470.1515289145145
627.0 5665.714441163782
662.0 5794.347048902927
697.0 7990.30237439655
732.0 9875.84059908376
767.0 8956.58034134804
802.0 8088.625526982243
836.0 7461.873911614369
871.0 7478.336056267296
906.0 7622.316466221942
941.0 6106.470338840772
976.0 8237.527688463422
1011.0 8474.824043207427
1046.0 8268.861232780648
1080.0 9542.347728609644
1115.0 6354.644171726599
1150.0 5724.813828331563
1185.0 8988.689316947373
1220.0 8874.133275005957
1255.0 7270.802796341722
1289.0 5116.482800489179
1324.0 6049.102556352242
1358.0 6750.020294868536
1393.0 5556.157543650058
1428.0 7554.671758469797
1463.0 6337.670866456781
1498.0 8301.291074481282
1533.0 3239.1768246493266
1567.0 5405.588675595457
1602.0 6395.7763399874875
1637.0 8190.297857956402
1672.0 8099.650558974899
1707.0 5176.44108831399
1750.0 4886.405274522112
1785.0 6878.71129515211
1820.0 5724.7446272450625
1855.0 7012.091239912238
1890.0 5349.220946794969
1925.0 4846.138386485435
1960.0 5954.559063386543
1995.0 7468.039567233947
2030.0 2304.685558665608
2064.0 8576.299849593557
2099.0 4277.6944368723
2134.0 5572.953921048519
2169.0 4159.9344412894
2204.0 2343.954599164013
2239.0 3003.720480932738
2274.0 3182.11872712911
2309.0 5203.34740193374
2344.0 2478.559156885756
2378.0 5408.629001002776
2413.0 4367.60923801858
2448.0 1432.7111473950404
2483.0 5052.607635414585
2518.0 398.56463603740673
2553.0 2022.0769735688853
2587.0 6048.917419277628
2622.0 921.4101979833936
2657.0 4107.471635172131
2692.0 4799.212607342474
2727.0 5781.012138132315
2762.0 3087.228698226256
2797.0 2017.8085068052055
2832.0 4678.624345575225
2867.0 3334.6079052202476
2901.0 -335.68885349948476
2936.0 3477.212821124256
2971.0 987.2740956896894
3006.0 2918.337171603905
3041.0 2565.6648200405575
3076.0 -286.88041245053745
3111.0 819.88710163353
3146.0 1509.7457502947927
3181.0 3297.8898913179687
3216.0 4224.420816919961
3250.0 -61.05749968335682
3285.0 2996.2998445694175
3320.0 3805.6965003229757
3355.0 8645.102182287052
3390.0 4274.692392717145
3425.0 4931.058475118824
3459.0 3026.3869066358743
3508.0 1321.3381485209848
3543.0 2862.1699768462145
3578.0 2192.881788153284
3613.0 3249.955969710661
3648.0 1962.9564793159334
3683.0 2627.9502232394493
3717.0 785.5791525105644
3752.0 3956.0905447743935
3787.0 1709.1822074331003
3822.0 2084.0046727294666
3857.0 3023.3856484813027
3892.0 1338.284707500569
3927.0 1817.6617571358445
3962.0 1057.2105657510328
3997.0 1931.3616154073527
4031.0 3481.2129621109507
4066.0 535.8891808731864
4101.0 2031.346948657208
4136.0 1806.1440500665217
4171.0 3997.576402757412
4206.0 -564.1997563554941
4240.0 1317.1075817344329
4275.0 1972.5500343660315
4310.0 147.45049604913476
4345.0 3337.3754793246485
4380.0 1477.9069094263034
4415.0 1770.399265827267
4450.0 561.9615372489923
4483.0 2610.9946013140634
4518.0 2532.369834001071
4553.0 2633.82788114877
4588.0 217.95411945174243
4623.0 2161.018911208008
4658.0 2862.1875459826715
4692.0 2619.745786546708
4727.0 -1219.8199418290264
4762.0 3686.951527848979
4797.0 4532.696371452691
4832.0 2634.545120361422
4867.0 3933.462590109873
4902.0 2416.4226865819887
4937.0 4698.279620559914
4971.0 918.906017752866
5006.0 1873.9374147797466
5041.0 1226.3014456175488
5076.0 3823.4018691982938
5111.0 4140.476400378451
5146.0 5192.733677756753
5181.0 2155.835004987548
5215.0 3006.50272172519
5267.0 3655.931687465702
5302.0 741.6968833492397
5337.0 2912.7292564617683
5371.0 -1438.4898730361328
5406.0 3467.4570779311125
5441.0 3185.8965165759555
5476.0 3632.8775625884446
5511.0 5252.835680743036
5546.0 1676.6258228384295
5581.0 3380.8022521026282
5615.0 3343.5775489616694
5650.0 2905.54134651442
5685.0 4354.055724891857
5720.0 5153.519119225476
5755.0 3177.5534837787036
5790.0 6580.4486750667775
5825.0 1789.8349758723696
5859.0 5344.238293714395
5894.0 1505.518564058576
5929.0 4143.5504597783
5964.0 4998.732860002276
5999.0 4675.498707892537
6034.0 4268.532800329247
6068.0 2746.2165527384345
6103.0 2732.4771535052178
6138.0 5290.730127853441
6173.0 4319.37899322835
6208.0 7147.123836544436
6243.0 594.1026904662683
6278.0 1837.7908474027015
6313.0 6645.8348270231045
6348.0 2569.2521537785374
6382.0 6312.663767659941
6417.0 3636.328167362473
6452.0 4239.604439506279
6487.0 5146.696996860701
6522.0 4970.131139615648
6557.0 2341.438296141028
6591.0 2099.093878259722
6626.0 571.5866489743427
6661.0 3558.6256434633488
6696.0 4250.091096326419
6731.0 4887.251199544505
6766.0 5963.239013112181
6801.0 4877.378202891455
6836.0 302.48013315995115
6871.0 4589.969093476643
6905.0 4967.03021186006
6940.0 5750.286815749403
6975.0 4742.2071285072
7022.0 5082.884000014336
7057.0 2426.841606316287
7092.0 4983.499878365185
7127.0 4915.097864511224
7162.0 5208.076542926915
7197.0 3474.9599027848476
7232.0 4757.2782951687395
7266.0 5468.5697189146795
7301.0 2989.9106604051212
7336.0 6167.502365194168
7371.0 3537.421513574881
7406.0 3524.9018629192738
7441.0 6067.868578638337
7476.0 3610.813342191951
7511.0 3590.037679296007
7545.0 4743.9032608334965
7580.0 3930.377538047062
7615.0 6082.0497766214185
7650.0 5252.449418834807
7685.0 9530.41330708129
7720.0 4619.004553576745
7755.0 5759.489187804696
7789.0 6797.544343739528
7824.0 5563.944672118461
7859.0 7173.1776508114735
7894.0 6218.827005958205
7929.0 6155.544700518015
7964.0 3511.457015412484
7999.0 6281.711062413596
8034.0 4047.7373790129923
8069.0 5270.754442599018
8104.0 10244.823981945457
8138.0 5843.44388098827
8173.0 3625.938523907197
8208.0 5707.637801625699
8243.0 5213.834928698744
8278.0 8534.653737677674
8313.0 4634.799202074255
8348.0 7189.683236642652
8383.0 4442.580151597405
8418.0 7462.381502618998
8453.0 4411.765000070191
8487.0 6902.947194404022
8522.0 4244.765061379972
8557.0 7386.16326673947
8592.0 8354.711003141956
8627.0 3180.167933653983
8662.0 5073.89803643592
8697.0 5843.472538884846
8731.0 3786.358446910102
8777.0 6947.744132203037
8812.0 5628.664703479429
8847.0 5945.229212504944
8882.0 5057.715885565134
8917.0 6933.481178159833
8952.0 6170.442187899111
8986.0 6500.502982680803
9021.0 7357.454839599313
9056.0 8433.65701550714
9091.0 9074.461721586813
9126.0 5402.603660796596
9161.0 7553.117404899515
9196.0 12305.265833335483
9231.0 10755.265511686215
9265.0 8633.102954998698
9300.0 7176.74754165914
9335.0 8262.927436016726
9370.0 7957.623334248022
9405.0 7063.379133565365
9440.0 7128.127929736764
9475.0 8403.183765364336
9510.0 8808.877916053018
9545.0 7848.464667332823
9580.0 6696.748781565617
9615.0 5091.391380904941
9649.0 5892.558798173555
9684.0 7395.743198752471
9719.0 7708.060885163322
9754.0 9378.489785325224
9789.0 9127.252347003936
9824.0 7506.146074938212
9859.0 6794.34980592763
9893.0 5801.917785969023
9928.0 11071.422855127723
9963.0 8419.859907649203
9998.0 9062.644341797974
10033.0 7760.452588945026
10068.0 8071.903676788814
10103.0 6563.147531378415
10138.0 6501.658602804097
10172.0 8137.706848845993
10207.0 8941.0936630019
10242.0 8532.120513383721
10277.0 6939.45993152592
10312.0 8737.82849479248
10347.0 8320.076314052572
10381.0 7456.821998999709
10416.0 7560.458745904472
10451.0 9333.325019047754
10486.0 7337.110017547943
10528.0 9208.561707210927
10563.0 8430.160877451406
10598.0 8361.4177628819
10633.0 8303.809535805622
10668.0 7613.92600536967
10703.0 8423.577208008915
10738.0 8930.00307470142
10772.0 8401.731937421713
10807.0 7844.156266606586
10842.0 6995.818479000977
10877.0 8645.134674608136
10912.0 7982.732666288715
10947.0 9374.444518574506
10982.0 7824.0752345312085
11017.0 8662.473809831705
11051.0 9052.651962134283
11086.0 8353.16444665387
11121.0 9452.409002169205
11156.0 7938.024548157494
11191.0 9189.46348755072
11226.0 8675.180465544467
11261.0 11111.246168505106
11296.0 10371.44197504406
11330.0 8139.034583971916
11365.0 8478.30450087608
11400.0 9072.494492557957
11435.0 9542.631630923854
11470.0 10074.516577482631
11505.0 9895.161769247303
11539.0 11352.709700976075
11574.0 10124.437741949348
11609.0 8076.984134626681
11644.0 9921.803649199903
11679.0 10625.695829706836
11714.0 12587.168767932379
11749.0 8724.810683456039
11784.0 8529.258038677712
11818.0 11076.390955070026
11853.0 9275.14839012619
11888.0 8712.506887497697
11923.0 9490.725891109923
11958.0 11462.121520328952
11993.0 9173.072893631559
12028.0 9526.825590170412
12062.0 10549.717962921992
12097.0 10970.633760825018
12132.0 11231.586944540886
12167.0 9535.392860150281
12202.0 10451.999220352298
12237.0 10699.480363883222
