0.0 272405.66722434096
35.0 274942.3709513719
70.0 272252.32474083395
105.0 273831.4653286646
140.0 271801.9622262815
175.0 270211.3378733045
210.0 272310.90327157866
244.0 272793.3501397006
279.0 271173.6608303818
314.0 268505.0946382811
349.0 269075.4472898208
384.0 270583.6524624021
419.0 271252.5000488324
453.0 268867.60081053403
488.0 269634.0341310551
523.0 268009.4400139555
558.0 269060.46841156745
593.0 268270.6432384074
628.0 270512.63768886944
663.0 266490.89058606373
698.0 269414.42908065574
733.0 269489.02362128947
768.0 267975.04611348483
802.0 270223.800867198
837.0 267557.0462903479
872.0 267502.7779660321
907.0 268741.07900254783
942.0 269623.17933657876
976.0 268682.70581737015
1011.0 268432.2337206342
1046.0 267005.25371541956
1081.0 267966.3847582825
1116.0 268525.54598408437
1151.0 266910.61931678513
1186.0 269946.0687555902
1221.0 264848.22939677315
1255.0 269074.27935642854
1290.0 270812.08328243135
1325.0 268721.85401538963
1360.0 266425.1278785822
1395.0 270645.3242877832
1430.0 265638.96000148286
1465.0 271115.3704595066
1500.0 271780.02283421933
1534.0 271106.1300606607
1569.0 272041.87044217315
1604.0 272319.9439325217
1639.0 266779.1380373941
1674.0 270400.0677632033
1709.0 269284.96984515886
1757.0 270628.3038189754
1792.0 269131.15974562574
1827.0 266402.1474927522
1862.0 268238.8970166577
1897.0 269681.817274893
1932.0 269447.69466179784
1966.0 269013.4298484126
2001.0 269688.8302629482
2036.0 267453.3095254797
2071.0 269623.63289641385
2106.0 271362.8223335699
2141.0 271148.7332665127
2176.0 267618.9558417813
2210.0 271362.06427252415
2245.0 269329.51731165085
2280.0 272522.1787548001
2315.0 271325.11726457893
2350.0 269368.7315737202
2385.0 270574.5463145742
2420.0 269698.7062517448
2455.0 271263.71261374775
2490.0 268491.1810490785
2524.0 271954.0378982582
2559.0 272538.86084342655
2594.0 272231.57632004813
2629.0 271756.87490855576
2664.0 269330.78649881587
2699.0 270668.890194634
2734.0 272790.52004884643
2768.0 273372.30570491817
2803.0 270778.575905289
2838.0 274068.1445432193
2873.0 274636.1324136492
2908.0 270527.86605216237
2943.0 273875.80766265007
2977.0 273978.4577420981
3012.0 273960.50523574173
3047.0 276855.9534978386
3082.0 276736.74060975167
3117.0 273818.2103038031
3152.0 276193.95116084645
3187.0 276233.82361973333
3222.0 272310.7130212919
3256.0 272980.9683864096
3291.0 277398.4172695396
3326.0 273665.0239733477
3361.0 273567.3804846318
3396.0 276199.9230027556
3430.0 277642.93374156876
3465.0 278483.3087499397
3515.0 276130.9648325314
3550.0 275037.71149500174
3585.0 277897.76411285205
3620.0 275277.46035217476
3654.0 278437.16425416333
3689.0 277550.293202939
3724.0 277832.0257292014
3759.0 278141.7850748407
3794.0 277298.8018406518
3829.0 277245.14523251454
3864.0 279589.1127490598
3898.0 280757.3171378353
3933.0 277206.58538573695
3968.0 281289.63808090374
4003.0 278467.9527886769
4038.0 280591.27553173096
4073.0 278377.9491848773
4108.0 281142.99068682
4143.0 281195.962936301
4177.0 279740.25285844353
4212.0 281225.40599370457
4247.0 276655.675845933
4282.0 280801.2951237664
4317.0 278679.30970755836
4351.0 283431.8927165997
4386.0 283223.7872289489
4421.0 281163.90691979526
4456.0 283033.951391605
4491.0 283011.23295360594
4526.0 285088.2216280468
4561.0 282397.62602752395
4595.0 282348.379562413
4630.0 284104.7798613476
4665.0 285178.90475311846
4700.0 284961.15804239846
4735.0 285382.88542362803
4770.0 281944.8786806195
4804.0 285547.2553773139
4839.0 284078.58860864444
4874.0 281876.85229633143
4909.0 275839.8926101441
4944.0 289146.40566344146
4979.0 284063.153088354
5014.0 285398.56259224995
5049.0 287046.09803160053
5084.0 289226.4804230898
5118.0 286238.66454723675
5153.0 288135.32572049566
5188.0 288655.1694058467
5223.0 289940.3706853586
5265.0 291504.9055711385
5300.0 285066.636797052
5335.0 289014.9391847855
5370.0 286738.91799881944
5405.0 283857.39855252864
5440.0 290021.3796259791
5474.0 288794.6217394251
5509.0 292669.11155373004
5544.0 287157.6981507963
5579.0 292582.3256826322
5614.0 290589.82922387874
5649.0 290901.62344845437
5683.0 292193.51061623875
5718.0 291880.12392804056
5753.0 293293.0255320799
5788.0 292013.14758615923
5823.0 294095.70980186417
5858.0 293209.4278581968
5893.0 294201.9302653432
5927.0 291666.79885966075
5962.0 294972.20204014354
5997.0 291951.16506097233
6032.0 298015.8753697894
6067.0 297219.02893572056
6102.0 293862.9046666441
6137.0 296023.64609670255
6171.0 295553.8822606663
6206.0 296797.42844597163
6241.0 296079.85507543513
6276.0 295414.85666044074
6311.0 294793.8811824858
6346.0 298560.2855000168
6381.0 295348.55280788016
6416.0 294266.96484229097
6450.0 296376.14319396106
6485.0 293011.78229402093
6520.0 298217.73555114126
6555.0 299949.0461903516
6590.0 298222.01894075534
6625.0 298669.70730880345
6659.0 297208.09758503654
6694.0 297531.0967133363
6729.0 300975.0497470408
6764.0 298027.79694248457
6799.0 297433.9651374207
6834.0 298580.7396533743
6869.0 300490.8534272019
6904.0 297532.2624228753
6939.0 300220.9309642824
6973.0 298355.30848478834
7023.0 303561.3100168136
7058.0 301001.9430879754
7093.0 299970.0355814509
7127.0 301808.678347758
7162.0 301649.3266381563
7197.0 304950.3313958741
7232.0 303364.5758261162
7267.0 300311.20523255033
7302.0 300248.57690488955
7336.0 301887.2212631184
7371.0 301555.85519392276
7406.0 301400.7251570002
7441.0 304573.91297564027
7476.0 303477.5706313863
7511.0 304313.8492721867
7546.0 299372.0693242711
7581.0 302796.7913469393
7616.0 296796.73229016294
7650.0 303684.19290926115
7685.0 307175.38488091354
7720.0 299111.2661775607
7755.0 302343.5421620956
7790.0 303735.30363200494
7825.0 307527.1459035545
7859.0 294592.87615389423
7894.0 297643.0861375219
7929.0 301089.4228803093
7964.0 313189.94834894844
7999.0 315032.70920839073
8034.0 307163.97526615585
8069.0 304316.45943528105
8103.0 301923.72147752874
8138.0 299769.9213828837
8173.0 321109.7707495994
8208.0 311065.4654729024
8243.0 298663.25320356427
8278.0 282542.40063680307
8312.0 293940.31467845786
8347.0 311396.1405091725
8382.0 297309.3238892492
8417.0 288413.96262581705
8452.0 316058.35598585964
8487.0 299643.4616897195
8521.0 301522.318063302
8556.0 309127.6544072426
8591.0 319034.4996191391
8626.0 304218.0884742104
8661.0 319270.8221209162
8696.0 311241.20324580383
8731.0 313830.9781457359
